9911 999
9894 998
9877 997
9858 996
9849 995
9830 994
9811 993
9794 992
9775 991
9758 990
9741 989
9724 988
9705 987
9686 986
9671 985
9652 984
9633 983
9618 982
9599 981
9580 980
9567 979
9548 978
9529 977
9516 976
9497 975
9480 974
9469 973
9450 972
9431 971
9420 970
9403 969
9386 968
9367 967
9356 966
9337 965
9322 964
9305 963
9292 962
9273 961
9256 960
9247 959
9228 958
9213 957
9202 956
9185 955
9166 954
9151 953
9132 952
9119 951
9104 950
9097 949
9078 948
9065 947
9048 946
9029 945
9020 944
9005 943
8986 942
8979 941
8962 940
8945 939
8926 938
8911 937
8894 936
8885 935
8866 934
8851 933
8834 932
8815 931
8806 930
8799 929
8786 928
8771 927
8754 926
8745 925
8732 924
8719 923
8702 922
8701 921
8682 920
8667 919
8654 918
8635 917
8620 916
8609 915
8596 914
8583 913
8572 912
8555 911
8536 910
8521 909
8514 908
8495 907
8492 906
8475 905
8458 904
8443 903
8424 902
8411 901
8394 900
8381 899
8372 898
8359 897
8342 896
8323 895
8310 894
8299 893
8280 892
8267 891
8258 890
8243 889
8226 888
8215 887
8210 886
8199 885
8188 884
8179 883
8168 882
8149 881
8138 880
8131 879
8114 878
8117 877
8102 876
8101 875
8096 874
8077 873
8064 872
8059 871
8042 870
8037 869
8028 868
8009 867
7990 866
7971 865
7964 864
7945 863
7928 862
7937 861
7918 860
7917 859
7896 858
7875 857
7860 856
7847 855
7832 854
7821 853
7808 852
7797 851
7780 850
7765 849
7760 848
7755 847
7738 846
7719 845
7710 844
7695 843
7684 842
7677 841
7668 840
7657 839
7650 838
7633 837
7616 836
7613 835
7608 834
7589 833
7568 832
7565 831
7552 830
7533 829
7528 828
7521 827
7504 826
7489 825
7474 824
7469 823
7454 822
7439 821
7434 820
7427 819
7416 818
7399 817
7386 816
7375 815
7360 814
7349 813
7334 812
7319 811
7304 810
7289 809
7290 808
7289 807
7270 806
7267 805
7260 804
7241 803
7232 802
7223 801
7208 800
7203 799
7198 798
7183 797
7168 796
7159 795
7154 794
7137 793
7134 792
7121 791
7104 790
7099 789
7094 788
7077 787
7070 786
7059 785
7050 784
7033 783
7028 782
7025 781
7010 780
7005 779
6998 778
6983 777
6974 776
6963 775
6958 774
6943 773
6926 772
6919 771
6906 770
6889 769
6886 768
6881 767
6864 766
6861 765
6856 764
6839 763
6834 762
6817 761
6815 760
6800 759
6791 758
6776 757
6763 756
6751 755
6743 754
6729 753
6726 752
6711 751
6693 750
