9911 999
9894 998
9877 997
9858 996
9849 995
9830 994
9811 993
9794 992
9775 991
9758 990
9741 989
9724 988
9705 987
9686 986
9671 985
9652 984
9633 983
9618 982
9599 981
9580 980
9567 979
9548 978
9529 977
9516 976
9497 975
9480 974
9469 973
9450 972
9431 971
9420 970
9403 969
9386 968
9367 967
9356 966
9337 965
9322 964
9305 963
9292 962
9273 961
9256 960
9247 959
9228 958
9213 957
9202 956
9185 955
9166 954
9151 953
9132 952
9119 951
9104 950
9097 949
9078 948
9065 947
9048 946
9029 945
9020 944
9005 943
8986 942
8979 941
8962 940
8945 939
8926 938
8911 937
8894 936
8885 935
8866 934
8851 933
8834 932
8815 931
8806 930
8799 929
8786 928
8771 927
8754 926
8745 925
8732 924
8719 923
8702 922
8701 921
8682 920
8667 919
8654 918
8635 917
8620 916
8609 915
8596 914
8583 913
8572 912
8555 911
8536 910
8521 909
8514 908
8495 907
8492 906
8475 905
8458 904
8443 903
8424 902
8411 901
8394 900
8381 899
8372 898
8359 897
8342 896
8323 895
8310 894
8299 893
8280 892
8267 891
8258 890
8243 889
8226 888
8215 887
8210 886
8199 885
8188 884
8179 883
8168 882
8149 881
8138 880
8131 879
8114 878
8117 877
8102 876
8101 875
8096 874
8077 873
8064 872
8059 871
8042 870
8037 869
8028 868
8009 867
7990 866
7971 865
7964 864
7945 863
7928 862
7937 861
7918 860
7917 859
7896 858
7875 857
7860 856
7847 855
7832 854
7821 853
7808 852
7797 851
7780 850
7765 849
7760 848
7755 847
7738 846
7719 845
7710 844
7695 843
7684 842
7677 841
7668 840
7657 839
7650 838
7633 837
7616 836
7613 835
7608 834
7589 833
7568 832
7565 831
7552 830
7533 829
7528 828
7521 827
7504 826
7489 825
7474 824
7469 823
7454 822
7439 821
7434 820
7427 819
7416 818
7399 817
7386 816
7375 815
7360 814
7349 813
7334 812
7319 811
7304 810
7289 809
7290 808
7289 807
7270 806
7267 805
7260 804
7241 803
7232 802
7223 801
7208 800
7203 799
7198 798
7183 797
7168 796
7159 795
7154 794
7137 793
7134 792
7121 791
7104 790
7099 789
7094 788
7077 787
7070 786
7059 785
7050 784
7033 783
7028 782
7025 781
7010 780
7005 779
6998 778
6983 777
6974 776
6963 775
6958 774
6943 773
6926 772
6919 771
6906 770
6889 769
6886 768
6881 767
6864 766
6861 765
6856 764
6839 763
6834 762
6817 761
6815 760
6800 759
6791 758
6776 757
6763 756
6751 755
6743 754
6729 753
6726 752
6711 751
6693 750
6677 749
6667 748
6659 747
6642 746
6627 745
6611 744
6595 743
6578 742
6567 741
6550 740
6533 739
6519 738
6503 737
6488 736
6475 735
6458 734
6441 733
6429 732
6413 731
6396 730
6385 729
6370 728
6355 727
6345 726
6331 725
6316 724
6307 723
6294 722
6279 721
6264 720
6247 719
6230 718
6215 717
6198 716
6181 715
6163 714
6149 713
6134 712
6119 711
6106 710
6091 709
6082 708
6065 707
6048 706
6035 705
6026 704
6009 703
5991 702
5979 701
5968 700
5953 699
5936 698
5923 697
5907 696
5895 695
5882 694
5873 693
5862 692
5851 691
5837 690
5821 689
5808 688
5797 687
5782 686
5773 685
5757 684
5748 683
5734 682
5723 681
5710 680
5695 679
5684 678
5669 677
5666 676
5650 675
5643 674
5631 673
5620 672
5611 671
5596 670
5587 669
5575 668
5561 667
5548 666
5537 665
5522 664
5505 663
5488 662
5482 661
5466 660
5451 659
5446 658
5431 657
5416 656
5406 655
5393 654
5386 653
5375 652
5361 651
5346 650
5335 649
5320 648
5313 647
5300 646
5289 645
5274 644
5257 643
5250 642
5236 641
5234 640
5219 639
5208 638
5193 637
5181 636
5168 635
5165 634
5152 633
5138 632
5126 631
5114 630
5099 629
5082 628
5075 627
5063 626
5053 625
5036 624
5019 623
5008 622
4991 621
4980 620
4973 619
4962 618
4955 617
4948 616
4935 615
4927 614
4918 613
4905 612
4894 611
4881 610
4880 609
4869 608
4866 607
4855 606
4850 605
4837 604
4832 603
4825 602
4818 601
4805 600
4792 599
4783 598
4770 597
4767 596
4756 595
4745 594
4738 593
4725 592
4716 591
4705 590
4706 589
4701 588
4694 587
4681 586
4666 585
4663 584
4662 583
4647 582
4632 581
4625 580
4609 579
4598 578
4595 577
4578 576
4571 575
4554 574
4537 573
4530 572
4527 571
4516 570
4507 569
4496 568
4493 567
4480 566
4467 565
4460 564
4449 563
4442 562
4429 561
4414 560
4397 559
4384 558
4371 557
4358 556
4359 555
4354 554
4339 553
4330 552
4313 551
4303 550
4298 549
4289 548
4273 547
4264 546
4257 545
4244 544
4231 543
4220 542
4207 541
4192 540
4177 539
4168 538
4159 537
4148 536
4135 535
4126 534
4113 533
4106 532
4101 531
4094 530
4087 529
4074 528
4059 527
4044 526
4033 525
4028 524
4017 523
4006 522
4001 521
4000 520
3997 519
3986 518
3973 517
3960 516
3947 515
3938 514
3937 513
3924 512
3911 511
3896 510
3883 509
3868 508
3859 507
3852 506
3845 505
3840 504
3833 503
3828 502
3819 501
3810 500
3803 499
3796 498
3789 497
3780 496
3769 495
3758 494
3753 493
3748 492
3737 491
3732 490
3721 489
3708 488
3701 487
3688 486
3687 485
3678 484
3667 483
3654 482
3655 481
3642 480
3635 479
3628 478
3615 477
3604 476
3605 475
3592 474
3591 473
3578 472
3569 471
3560 470
3551 469
3550 468
3541 467
3532 466
3521 465
3520 464
3511 463
3502 462
3497 461
3488 460
3477 459
3476 458
3469 457
3462 456
3451 455
3440 454
3431 453
3426 452
3419 451
3408 450
3399 449
3396 448
3385 447
3376 446
3373 445
3360 444
3347 443
3338 442
3329 441
3326 440
3317 439
3304 438
3305 437
3292 436
3281 435
3268 434
3257 433
3254 432
3247 431
3238 430
3227 429
3220 428
3215 427
3206 426
3195 425
3186 424
3175 423
3164 422
3157 421
3148 420
3137 419
3132 418
3121 417
3110 416
3107 415
3098 414
3093 413
3084 412
3077 411
3066 410
3055 409
3046 408
3037 407
3026 406
3017 405
3006 404
2995 403
2984 402
2981 401
2970 400
2959 399
2952 398
2949 397
2938 396
2931 395
2918 394
2909 393
2902 392
2891 391
2888 390
2883 389
2874 388
2873 387
2864 386
2855 385
2850 384
2843 383
2842 382
2831 381
2824 380
2811 379
2800 378
2789 377
2788 376
2783 375
2770 374
2761 373
2760 372
2747 371
2740 370
2729 369
2720 368
2709 367
2698 366
2693 365
2686 364
2675 363
2663 362
2652 361
2641 360
2628 359
2617 358
2610 357
2603 356
2596 355
2595 354
2588 353
2581 352
2570 351
2563 350
2564 349
2555 348
2554 347
2545 346
2538 345
2527 344
2516 343
2507 342
2498 341
2489 340
2486 339
2479 338
2470 337
2469 336
2460 335
2449 334
2440 333
2435 332
2428 331
2417 330
2406 329
2395 328
2386 327
2375 326
2372 325
2361 324
2352 323
2343 322
2334 321
2325 320
2318 319
2313 318
2304 317
2293 316
2282 315
2280 314
2273 313
2265 312
2262 311
2253 310
2250 309
2243 308
2238 307
2229 306
2226 305
2223 304
2214 303
2207 302
2200 301
2197 300
2186 299
2175 298
2166 297
2159 296
2150 295
2147 294
2140 293
2131 292
2128 291
2121 290
2120 289
2115 288
2104 287
2096 286
2093 285
2090 284
2091 283
2082 282
2073 281
2068 280
2059 279
2050 278
2043 277
2034 276
2029 275
2020 274
2011 273
2008 272
1999 271
1994 270
1987 269
1982 268
1972 267
1973 266
1970 265
1965 264
1958 263
1951 262
1948 261
1941 260
1933 259
1924 258
1921 257
1916 256
1909 255
1898 254
1889 253
1886 252
1877 251
1868 250
1865 249
1860 248
1861 247
1854 246
1847 245
1844 244
1835 243
1826 242
1823 241
1818 240
1811 239
1812 238
1803 237
1798 236
1791 235
1782 234
1779 233
1772 232
1771 231
1764 230
1755 229
1748 228
1739 227
1730 226
1731 225
1722 224
1715 223
1707 222
1702 221
1693 220
1692 219
1691 218
1682 217
1680 216
1671 215
1663 214
1656 213
1652 212
1648 211
1643 210
1634 209
1629 208
1622 207
1613 206
1608 205
1609 204
1600 203
1593 202
1584 201
1577 200
1571 199
1566 198
1559 197
1550 196
1541 195
1534 194
1531 193
1524 192
1521 191
1518 190
1511 189
1502 188
1493 187
1486 186
1477 185
1468 184
1461 183
1452 182
1445 181
1438 180
1429 179
1420 178
1415 177
1406 176
1409 175
1408 174
1397 173
1386 172
1381 171
1370 170
1359 169
1350 168
1339 167
1330 166
1333 165
1322 164
1315 163
1314 162
1303 161
1298 160
1286 159
1279 158
1274 157
1263 156
1256 155
1259 154
1250 153
1251 152
1246 151
1235 150
1230 149
1221 148
1212 147
1205 146
1196 145
1191 144
1181 143
1173 142
1171 141
1162 140
1157 139
1152 138
1141 137
1136 136
1129 135
1120 134
1111 133
1102 132
1094 131
1085 130
1076 129
1069 128
1072 127
1063 126
1052 125
1043 124
1032 123
1025 122
1016 121
1009 120
1002 119
999 118
996 117
987 116
977 115
974 114
963 113
958 112
947 111
938 110
929 109
920 108
913 107
902 106
893 105
882 104
871 103
860 102
849 101
842 100
839 99
828 98
825 97
814 96
811 95
800 94
793 93
782 92
773 91
776 90
767 89
754 88
743 87
732 86
723 85
712 84
705 83
701 82
692 81
685 80
680 79
679 78
674 77
666 76
657 75
650 74
638 73
627 72
620 71
610 70
601 69
594 68
585 67
576 66
567 65
560 64
551 63
541 62
532 61
525 60
516 59
505 58
496 57
489 56
486 55
479 54
469 53
467 52
465 51
454 50
