19980 2000
19963 1999
19944 1998
19925 1997
19906 1996
19887 1995
19868 1994
19847 1993
19826 1992
19803 1991
19780 1990
19757 1989
19734 1988
19709 1987
19696 1986
19677 1985
19658 1984
19639 1983
19622 1982
19603 1981
19596 1980
19577 1979
19558 1978
19541 1977
19522 1976
19505 1975
19486 1974
19469 1973
19450 1972
19433 1971
19414 1970
19395 1969
19376 1968
19359 1967
19340 1966
19321 1965
19302 1964
19283 1963
19264 1962
19247 1961
19228 1960
19209 1959
19192 1958
19173 1957
19154 1956
19137 1955
19118 1954
19101 1953
19082 1952
19065 1951
19046 1950
19027 1949
19010 1948
18991 1947
18972 1946
18955 1945
18936 1944
18917 1943
18898 1942
18883 1941
18864 1940
18845 1939
18826 1938
18809 1937
18792 1936
18773 1935
18756 1934
18739 1933
18722 1932
18705 1931
18688 1930
18671 1929
18652 1928
18635 1927
18620 1926
18601 1925
18584 1924
18569 1923
18550 1922
18531 1921
18512 1920
18495 1919
18476 1918
18457 1917
18440 1916
18421 1915
18404 1914
18389 1913
18370 1912
18353 1911
18338 1910
18319 1909
18302 1908
18285 1907
18268 1906
18253 1905
18234 1904
18221 1903
18206 1902
18187 1901
18170 1900
18157 1899
18142 1898
18127 1897
18111 1896
18098 1895
18081 1894
18064 1893
18051 1892
18032 1891
18019 1890
18000 1889
17981 1888
17968 1887
17951 1886
17932 1885
17915 1884
17900 1883
17883 1882
17866 1881
17849 1880
17832 1879
17815 1878
17800 1877
17783 1876
17768 1875
17749 1874
17730 1873
17715 1872
17698 1871
17679 1870
17660 1869
17645 1868
17628 1867
17613 1866
17598 1865
17585 1864
17566 1863
17553 1862
17534 1861
17515 1860
17500 1859
17481 1858
17466 1857
17447 1856
17432 1855
17415 1854
17398 1853
17381 1852
17364 1851
17345 1850
17330 1849
17313 1848
17294 1847
17277 1846
17262 1845
17245 1844
17230 1843
17211 1842
17194 1841
17177 1840
17158 1839
17139 1838
17126 1837
17119 1836
17100 1835
17083 1834
17066 1833
17049 1832
17032 1831
17019 1830
17002 1829
16985 1828
16974 1827
16957 1826
16938 1825
16929 1824
16910 1823
16891 1822
16876 1821
16861 1820
16842 1819
16829 1818
16812 1817
16799 1816
16782 1815
16765 1814
16746 1813
16729 1812
16710 1811
16693 1810
16676 1809
16659 1808
16642 1807
16627 1806
16610 1805
16593 1804
16574 1803
16563 1802
16546 1801
16527 1800
16510 1799
16495 1798
16478 1797
16459 1796
16444 1795
16427 1794
16410 1793
16393 1792
16380 1791
16363 1790
16348 1789
16331 1788
16314 1787
16301 1786
16284 1785
16269 1784
16250 1783
16237 1782
16224 1781
16211 1780
16194 1779
16179 1778
16162 1777
16143 1776
16128 1775
16111 1774
16096 1773
16079 1772
16064 1771
16049 1770
16030 1769
16017 1768
16004 1767
15985 1766
15974 1765
15955 1764
15940 1763
15923 1762
15908 1761
15893 1760
15878 1759
15859 1758
15850 1757
15833 1756
15816 1755
15803 1754
15786 1753
15767 1752
15752 1751
