8 5
11 5
12 5
13 5
13 5
14 5
15 5
16 5
14 5
15 5
15 5
17 5
15 5
16 5
17 5
16 5
13 5
12 5
16 5
17 5
16 5
14 5
15 5
16 5
17 5
18 5
17 5
20 5
18 5
19 5
20 5
18 5
14 5
15 5
13 5
18 5
17 5
18 5
19 5
22 5
17 5
15 5
15 5
17 5
19 5
20 5
20 5
19 5
15 5
16 5
17 5
14 5
18 5
19 5
22 5
20 5
19 5
20 5
20 5
21 5
18 5
16 5
17 5
16 5
13 5
13 5
17 5
18 5
13 5
12 5
17 5
18 5
18 5
16 5
20 5
21 5
19 5
17 5
21 5
21 5
14 5
14 5
16 5
17 5
14 5
12 5
15 5
16 5
17 5
18 5
19 5
20 5
18 5
19 5
20 5
20 5
17 5
19 5
16 5
23 5
20 5
18 5
16 5
21 5
19 5
19 5
17 5
20 5
22 5
23 5
24 5
23 5
18 5
20 5
21 5
17 5
21 5
19 5
21 5
17 5
22 5
23 5
22 5
23 5
20 5
20 5
20 5
18 5
14 5
18 5
14 5
19 5
18 5
18 5
16 5
23 5
14 5
15 5
13 5
19 5
20 5
20 5
18 5
22 5
17 5
15 5
19 5
22 5
18 5
16 5
17 5
24 5
19 5
17 5
16 5
24 5
24 5
25 5
22 5
25 5
15 5
19 5
15 5
18 5
17 5
16 5
18 5
22 5
15 5
15 5
13 5
17 5
19 5
20 5
20 5
21 5
19 5
21 5
21 5
18 5
22 5
21 5
26 5
21 5
22 5
22 5
20 5
18 5
21 5
21 5
21 5
19 5
15 5
19 5
20 5
15 5
19 5
19 5
23 5
17 5
20 5
22 5
20 5
18 5
15 5
16 5
17 5
14 5
18 5
16 5
22 5
20 5
19 5
17 5
22 5
18 5
24 5
23 5
24 5
23 5
20 5
18 5
21 5
17 5
19 5
21 5
17 5
21 5
22 5
21 5
22 5
25 5
20 5
20 5
18 5
19 5
21 5
21 5
19 5
18 5
16 5
20 5
21 5
16 5
18 5
17 5
23 5
19 5
19 5
20 5
18 5
20 5
16 5
16 5
17 5
14 5
11 5
12 5
19 5
20 5
12 5
15 5
21 5
22 5
19 5
18 5
23 5
24 5
20 5
19 5
24 5
24 5
12 5
12 5
17 5
18 5
13 5
12 5
19 5
20 5
21 5
19 5
23 5
24 5
22 5
20 5
24 5
24 5
19 5
19 5
17 5
24 5
18 5
15 5
21 5
26 5
21 5
17 5
19 5
22 5
24 5
21 5
26 5
25 5
20 5
20 5
24 5
18 5
19 5
16 5
24 5
22 5
24 5
21 5
24 5
25 5
22 5
18 5
22 5
20 5
11 5
13 5
21 5
22 5
13 5
12 5
19 5
20 5
19 5
17 5
19 5
22 5
20 5
18 5
22 5
20 5
11 5
13 5
17 5
18 5
11 5
9 5
13 5
14 5
15 5
15 5
16 5
18 5
16 5
16 5
18 5
17 5
15 5
20 5
17 5
24 5
17 5
15 5
14 5
19 5
18 5
18 5
16 5
18 5
20 5
20 5
21 5
20 5
16 5
21 5
24 5
18 5
18 5
16 5
18 5
15 5
20 5
20 5
21 5
22 5
19 5
19 5
18 5
17 5
15 5
20 5
17 5
26 5
20 5
20 5
16 5
23 5
17 5
18 5
17 5
27 5
26 5
25 5
22 5
27 5
17 5
19 5
21 5
26 5
17 5
15 5
15 5
20 5
15 5
15 5
14 5
20 5
21 5
21 5
19 5
23 5
16 5
22 5
17 5
25 5
18 5
16 5
16 5
19 5
16 5
16 5
14 5
18 5
20 5
20 5
21 5
22 5
20 5
25 5
26 5
21 5
22 5
20 5
22 5
19 5
23 5
23 5
21 5
19 5
22 5
22 5
22 5
20 5
16 5
21 5
24 5
18 5
21 5
21 5
23 5
17 5
24 5
27 5
24 5
21 5
18 5
19 5
24 5
18 5
18 5
20 5
26 5
22 5
18 5
16 5
21 5
16 5
21 5
21 5
21 5
19 5
16 5
16 5
18 5
15 5
20 5
25 5
20 5
25 5
22 5
20 5
18 5
22 5
21 5
21 5
19 5
20 5
22 5
22 5
20 5
19 5
17 5
23 5
24 5
18 5
19 5
17 5
22 5
17 5
20 5
20 5
19 5
21 5
17 5
17 5
18 5
15 5
12 5
17 5
13 5
21 5
17 5
20 5
17 5
24 5
13 5
20 5
16 5
23 5
21 5
24 5
20 5
25 5
17 5
17 5
18 5
27 5
18 5
18 5
17 5
26 5
17 5
20 5
17 5
27 5
24 5
27 5
22 5
27 5
13 5
17 5
13 5
19 5
18 5
18 5
17 5
23 5
14 5
17 5
13 5
21 5
23 5
25 5
21 5
25 5
21 5
25 5
21 5
19 5
24 5
23 5
24 5
25 5
20 5
21 5
17 5
23 5
23 5
23 5
19 5
21 5
15 5
16 5
21 5
26 5
16 5
17 5
21 5
28 5
19 5
17 5
18 5
26 5
26 5
23 5
24 5
27 5
15 5
17 5
19 5
24 5
15 5
13 5
14 5
22 5
16 5
14 5
17 5
24 5
24 5
22 5
21 5
26 5
16 5
20 5
17 5
25 5
16 5
14 5
14 5
20 5
15 5
15 5
14 5
22 5
24 5
24 5
22 5
26 5
22 5
27 5
24 5
23 5
24 5
22 5
22 5
20 5
21 5
21 5
18 5
24 5
24 5
24 5
20 5
22 5
12 5
18 5
14 5
23 5
18 5
20 5
19 5
25 5
14 5
17 5
13 5
21 5
21 5
23 5
19 5
21 5
15 5
16 5
20 5
24 5
15 5
13 5
15 5
24 5
17 5
15 5
14 5
22 5
22 5
22 5
20 5
22 5
12 5
18 5
14 5
19 5
15 5
13 5
15 5
20 5
12 5
13 5
10 5
15 5
17 5
18 5
17 5
18 5
17 5
22 5
22 5
19 5
20 5
18 5
23 5
20 5
19 5
20 5
17 5
16 5
20 5
21 5
20 5
18 5
17 5
22 5
22 5
19 5
22 5
23 5
28 5
21 5
22 5
26 5
22 5
18 5
19 5
22 5
20 5
19 5
20 5
21 5
28 5
23 5
20 5
18 5
23 5
20 5
25 5
23 5
23 5
19 5
20 5
20 5
21 5
20 5
19 5
25 5
21 5
23 5
22 5
20 5
22 5
24 5
19 5
20 5
17 5
17 5
17 5
18 5
17 5
16 5
18 5
24 5
24 5
19 5
21 5
19 5
25 5
20 5
20 5
21 5
18 5
18 5
18 5
19 5
18 5
16 5
13 5
18 5
19 5
14 5
18 5
21 5
24 5
18 5
19 5
24 5
22 5
19 5
14 5
21 5
22 5
17 5
18 5
18 5
25 5
19 5
19 5
19 5
24 5
18 5
24 5
27 5
26 5
23 5
18 5
21 5
24 5
18 5
19 5
23 5
19 5
20 5
24 5
25 5
26 5
25 5
20 5
24 5
20 5
19 5
19 5
22 5
22 5
19 5
14 5
18 5
19 5
14 5
19 5
19 5
24 5
18 5
20 5
24 5
20 5
19 5
15 5
18 5
19 5
14 5
16 5
17 5
24 5
22 5
17 5
18 5
26 5
22 5
24 5
23 5
26 5
25 5
20 5
18 5
23 5
19 5
16 5
18 5
24 5
20 5
16 5
14 5
20 5
15 5
22 5
20 5
23 5
20 5
17 5
15 5
23 5
18 5
22 5
25 5
24 5
27 5
22 5
20 5
20 5
21 5
23 5
21 5
21 5
20 5
22 5
20 5
23 5
20 5
17 5
21 5
24 5
18 5
17 5
15 5
20 5
15 5
21 5
21 5
21 5
20 5
16 5
16 5
20 5
15 5
17 5
22 5
18 5
23 5
22 5
23 5
22 5
27 5
18 5
23 5
19 5
23 5
21 5
23 5
19 5
20 5
20 5
21 5
24 5
27 5
20 5
18 5
19 5
24 5
21 5
19 5
20 5
24 5
24 5
22 5
20 5
21 5
17 5
23 5
19 5
21 5
20 5
18 5
20 5
22 5
17 5
18 5
15 5
16 5
18 5
19 5
16 5
19 5
18 5
24 5
22 5
19 5
21 5
19 5
23 5
20 5
18 5
19 5
16 5
16 5
17 5
18 5
17 5
16 5
13 5
19 5
20 5
15 5
19 5
21 5
26 5
20 5
20 5
26 5
22 5
21 5
15 5
18 5
19 5
14 5
16 5
17 5
25 5
21 5
16 5
14 5
21 5
16 5
23 5
21 5
23 5
22 5
18 5
16 5
20 5
15 5
17 5
22 5
18 5
22 5
20 5
18 5
19 5
23 5
17 5
18 5
15 5
17 5
19 5
20 5
17 5
16 5
13 5
19 5
20 5
15 5
16 5
14 5
21 5
16 5
17 5
18 5
15 5
17 5
13 5
14 5
15 5
11 5
28
