519 50
524 51
539 52
540 53
563 54
576 55
572 56
580 57
610 58
616 59
631 60
631 61
647 62
655 63
651 64
659 65
690 66
698 67
702 68
716 69
730 70
727 71
744 72
740 73
752 74
756 75
790 76
782 77
807 78
794 79
821 80
824 81
806 82
845 83
865 84
868 85
886 86
867 87
905 88
907 89
917 90
906 91
925 92
952 93
961 94
966 95
945 96
980 97
957 98
998 99
995 100
1004 101
1031 102
1033 103
1058 104
1071 105
1077 106
1089 107
1085 108
1081 109
1097 110
1092 111
1121 112
1136 113
1151 114
1151 115
1163 116
1180 117
1198 118
1198 119
1209 120
1195 121
1223 122
1223 123
1253 124
1253 125
1280 126
1278 127
1294 128
1316 129
1329 130
1308 131
1335 132
1343 133
1354 134
1375 135
1375 136
1383 137
1391 138
1399 139
1403 140
1417 141
1443 142
1454 143
1467 144
1476 145
1458 146
1486 147
1508 148
1500 149
1531 150
1498 151
1523 152
1561 153
1569 154
1579 155
1584 156
1588 157
1604 158
1616 159
1629 160
1595 161
1619 162
1641 163
1665 164
1671 165
1689 166
1701 167
1705 168
1713 169
1709 170
1706 171
1728 172
1740 173
1757 174
1765 175
1756 176
1784 177
1793 178
1795 179
1805 180
1805 181
1827 182
1846 183
1871 184
1872 185
1887 186
1872 187
1881 188
1918 189
1915 190
1924 191
1945 192
1955 193
1968 194
1965 195
1989 196
1999 197
1979 198
1995 199
2007 200
2008 201
2037 202
2056 203
2059 204
2065 205
2083 206
2084 207
2094 208
2108 209
2121 210
2110 211
2141 212
2157 213
2169 214
2171 215
2170 216
2168 217
2208 218
2192 219
2219 220
2207 221
2237 222
2247 223
2266 224
2267 225
2265 226
2279 227
2269 228
2281 229
2287 230
2284 231
2313 232
2304 233
2327 234
2364 235
2374 236
2388 237
2362 238
2398 239
2401 240
2401 241
2429 242
2453 243
2471 244
2463 245
2472 246
2486 247
2510 248
2500 249
2519 250
2524 251
2551 252
2557 253
2559 254
2565 255
2569 256
2577 257
2611 258
2607 259
2593 260
2589 261
2614 262
2644 263
2637 264
2659 265
2668 266
2660 267
2689 268
2659 269
2641 270
2654 271
2679 272
2734 273
2757 274
2748 275
2763 276
2788 277
2793 278
2790 279
2829 280
2815 281
2839 282
2841 283
2864 284
2859 285
2869 286
2879 287
2903 288
2911 289
2921 290
2920 291
2943 292
2952 293
2955 294
2951 295
2989 296
2984 297
2980 298
3006 299
3025 300
3001 301
3031 302
3051 303
3051 304
3061 305
3088 306
3088 307
3108 308
3102 309
3123 310
3102 311
3135 312
3139 313
3144 314
3157 315
3183 316
3187 317
3189 318
3209 319
3221 320
3189 321
3221 322
3202 323
3259 324
3280 325
3264 326
3270 327
3296 328
3306 329
3305 330
3304 331
3335 332
3345 333
3365 334
3371 335
3378 336
3384 337
3404 338
3400 339
3405 340
3379 341
3407 342
3427 343
3457 344
3471 345
3475 346
3479 347
3511 348
3505 349
3523 350
3490 351
3518 352
3534 353
3549 354
3577 355
3582 356
3580 357
3589 358
3605 359
3613 360
3603 361
3631 362
3650 363
3671 364
3662 365
3653 366
3700 367
3689 368
3688 369
3691 370
3720 371
3747 372
3761 373
3746 374
3765 375
3765 376
3789 377
3807 378
3817 379
3805 380
3809 381
3835 382
3848 383
3851 384
3857 385
3867 386
3886 387
3880 388
3906 389
3913 390
3926 391
3951 392
3957 393
3939 394
3963 395
3952 396
3976 397
3986 398
4012 399
4019 400
4018 401
4049 402
4057 403
4044 404
4065 405
4079 406
4049 407
4091 408
4103 409
4081 410
4082 411
4115 412
4138 413
4153 414
4154 415
4176 416
4196 417
4186 418
4194 419
4219 420
4189 421
4223 422
4259 423
4245 424
4281 425
4278 426
4284 427
4296 428
4304 429
4309 430
4306 431
4339 432
4347 433
4363 434
4363 435
4375 436
4377 437
4407 438
4415 439
4411 440
4399 441
4430 442
4450 443
4463 444
4473 445
4462 446
4484 447
4469 448
4475 449
4459 450
4480 451
4511 452
4518 453
4547 454
4576 455
4587 456
4580 457
4595 458
4612 459
4617 460
4605 461
4635 462
4641 463
4636 464
4649 465
4675 466
4677 467
4683 468
4709 469
4705 470
4700 471
4729 472
4742 473
4747 474
4751 475
4773 476
4754 477
4770 478
4744 479
4751 480
4769 481
4797 482
4811 483
4825 484
4851 485
4884 486
4890 487
4886 488
4906 489
4931 490
4922 491
4949 492
4939 493
4948 494
4971 495
4985 496
4967 497
5011 498
4981 499
5011 500
5011 501
5043 502
5050 503
5061 504
5058 505
5054 506
5094 507
5108 508
5088 509
5093 510
5098 511
5135 512
5155 513
5165 514
5177 515
5178 516
5174 517
5190 518
5210 519
5211 520
5201 521
5237 522
5261 523
5259 524
5255 525
5273 526
5295 527
5291 528
5319 529
5293 530
5282 531
5316 532
5334 533
5337 534
5371 535
5366 536
5382 537
5391 538
5381 539
5409 540
5413 541
5447 542
5456 543
5449 544
5478 545
5485 546
5480 547
5479 548
5498 549
5513 550
5502 551
5535 552
5541 553
5562 554
5563 555
5565 556
5569 557
5585 558
5611 559
5601 560
5589 561
5621 562
5630 563
5645 564
5661 565
5673 566
5688 567
5702 568
5710 569
5709 570
5686 571
5717 572
5745 573
5761 574
5765 575
5764 576
5778 577
5804 578
5804 579
5801 580
5805 581
5835 582
5861 583
5868 584
5871 585
5879 586
5881 587
5897 588
5917 589
5915 590
5918 591
5947 592
5950 593
5965 594
5978 595
5988 596
5972 597
5984 598
6010 599
6031 600
5998 601
6031 602
6029 603
6067 604
6047 605
6080 606
6066 607
6106 608
6096 609
6123 610
6088 611
6127 612
6135 613
6153 614
6157 615
6169 616
6181 617
6201 618
6199 619
6197 620
6175 621
6212 622
6236 623
6261 624
6271 625
6276 626
6280 627
6275 628
6301 629
6327 630
6290 631
6327 632
6352 633
6355 634
6368 635
6363 636
6380 637
6393 638
6412 639
6399 640
6401 641
6437 642
6453 643
6450 644
6459 645
6483 646
6457 647
6491 648
6505 649
6503 650
6502 651
6537 652
6546 653
6563 654
6563 655
6587 656
6570 657
6576 658
6594 659
6629 660
6611 661
6645 662
6655 663
6651 664
6657 665
6674 666
6670 667
6676 668
6696 669
6685 670
6670 671
6703 672
6749 673
6740 674
6777 675
6767 676
6771 677
6793 678
6819 679
6811 680
6815 681
6847 682
6832 683
6855 684
6874 685
6872 686
6898 687
6906 688
6896 689
6921 690
6918 691
6949 692
6957 693
6961 694
6981 695
6956 696
6980 697
6998 698
7006 699
7001 700
7003 701
7037 702
7043 703
7071 704
7043 705
7077 706
7095 707
7107 708
7117 709
7113 710
7094 711
7134 712
7118 713
7151 714
7157 715
7176 716
7178 717
7185 718
7199 719
7207 720
7191 721
7231 722
7250 723
7259 724
7274 725
7269 726
7280 727
7275 728
7310 729
7315 730
7296 731
7335 732
7347 733
7350 734
7373 735
7381 736
7395 737
7381 738
7395 739
7411 740
7393 741
7431 742
7440 743
7457 744
7465 745
7477 746
7466 747
7498 748
7494 749
7515 750
7490 751
7527 752
7539 753
7545 754
7571 755
7556 756
7584 757
7596 758
7604 759
7623 760
7591 761
7627 762
7635 763
7634 764
7667 765
7669 766
7677 767
7703 768
7699 769
7711 770
7692 771
7727 772
7726 773
7767 774
7764 775
7770 776
7790 777
7798 778
7788 779
7811 780
7791 781
7825 782
7839 783
7853 784
7855 785
7880 786
7868 787
7890 788
7886 789
7907 790
7872 791
7905 792
7947 793
7955 794
7957 795
7971 796
7983 797
7995 798
7977 799
7995 800
7992 801
8026 802
8032 803
8065 804
8041 805
8076 806
8088 807
8097 808
8109 809
8117 810
8092 811
8135 812
8138 813
8157 814
8158 815
8189 816
8194 817
8179 818
8204 819
8229 820
8209 821
8251 822
8253 823
8266 824
8253 825
8265 826
8281 827
8303 828
8289 829
8303 830
8306 831
8347 832
8344 833
8349 834
8375 835
8361 836
8370 837
8408 838
8402 839
8429 840
8373 841
8413 842
8419 843
8457 844
8457 845
8486 846
8494 847
8500 848
8510 849
8463 850
8472 851
8511 852
8515 853
8528 854
8537 855
8567 856
8581 857
8597 858
8609 859
8609 860
8573 861
8611 862
8606 863
8651 864
8640 865
8672 866
8692 867
8684 868
8698 869
8679 870
8686 871
8723 872
8731 873
8763 874
8769 875
8764 876
8780 877
8778 878
8792 879
8831 880
8789 881
8825 882
8851 883
8837 884
8859 885
8881 886
8873 887
8891 888
8883 889
8817 890
8800 891
8834 892
8860 893
8889 894
8905 895
8952 896
8980 897
8993 898
8999 899
9013 900
8997 901
9033 902
9054 903
9035 904
9052 905
9083 906
9084 907
9089 908
9106 909
9125 910
9084 911
9129 912
9149 913
9146 914
9177 915
9191 916
9173 917
9201 918
9221 919
9209 920
9185 921
9229 922
9248 923
9255 924
9271 925
9269 926
9298 927
9276 928
9308 929
9311 930
9286 931
9329 932
9343 933
9369 934
9377 935
9374 936
9396 937
9410 938
9414 939
9431 940
9407 941
9449 942
9435 943
9466 944
9461 945
9489 946
9461 947
9509 948
9517 949
9521 950
9500 951
9541 952
9558 953
9553 954
9556 955
9580 956
9580 957
9596 958
9590 959
9615 960
9593 961
9633 962
9649 963
9639 964
9661 965
9670 966
9674 967
9704 968
9708 969
9721 970
9682 971
9721 972
9725 973
9749 974
9743 975
9781 976
9783 977
9781 978
9803 979
9801 980
9803 981
9822 982
9836 983
9853 984
9851 985
9870 986
9878 987
9895 988
9893 989
9911 990
9928 991
9947 992
9950 993
9935 994
9920 995
9927 996
9926 997
9965 998
9928 999
9997 1000
9964 1001
10001 1002
10007 1003
10024 1004
10075 1005
10069 1006
10099 1007
10079 1008
10117 1009
10123 1010
10092 1011
10139 1012
10126 1013
10133 1014
10157 1015
10179 1016
10170 1017
10206 1018
10196 1019
10209 1020
10191 1021
10237 1022
10239 1023
10233 1024
10247 1025
10268 1026
10288 1027
10296 1028
10302 1029
10289 1030
10276 1031
10321 1032
10357 1033
10354 1034
10361 1035
10375 1036
10377 1037
10403 1038
10407 1039
10411 1040
10395 1041
10437 1042
10434 1043
10445 1044
10464 1045
10484 1046
10474 1047
10492 1048
10502 1049
10525 1050
10504 1051
10547 1052
10555 1053
10569 1054
10575 1055
10588 1056
10580 1057
10576 1058
10612 1059
10627 1060
10577 1061
10619 1062
10639 1063
10643 1064
10663 1065
10691 1066
10699 1067
10693 1068
10695 1069
10719 1070
10696 1071
10736 1072
10748 1073
10763 1074
10771 1075
10772 1076
10796 1077
10799 1078
10813 1079
10827 1080
10797 1081
10837 1082
10842 1083
10855 1084
10862 1085
10877 1086
10878 1087
10895 1088
10876 1089
10901 1090
10900 1091
10939 1092
10953 1093
10958 1094
10973 1095
10979 1096
10989 1097
11001 1098
11007 1099
11025 1100
10984 1101
11029 1102
11040 1103
11045 1104
11053 1105
11051 1106
11048 1107
10960 1108
10878 1109
10913 1110
10972 1111
11015 1112
11041 1113
11063 1114
11115 1115
11138 1116
11180 1117
11198 1118
11208 1119
11195 1120
11201 1121
11247 1122
11251 1123
11254 1124
11259 1125
11285 1126
11259 1127
11263 1128
11295 1129
11311 1130
11280 1131
11325 1132
11342 1133
11341 1134
11350 1135
11370 1136
11392 1137
11400 1138
11376 1139
11425 1140
11395 1141
11439 1142
11431 1143
11453 1144
11471 1145
11470 1146
11492 1147
11486 1148
11492 1149
11509 1150
11500 1151
11543 1152
11547 1153
11559 1154
11579 1155
11579 1156
11587 1157
11591 1158
11601 1159
11609 1160
11591 1161
11632 1162
11620 1163
11641 1164
11665 1165
11668 1166
11694 1167
11699 1168
11695 1169
11713 1170
11686 1171
11727 1172
11750 1173
11769 1174
11742 1175
11769 1176
11782 1177
11777 1178
11810 1179
11809 1180
11803 1181
11843 1182
11843 1183
11826 1184
11843 1185
11865 1186
11885 1187
11899 1188
11897 1189
11929 1190
11896 1191
11935 1192
11952 1193
11949 1194
11955 1195
11979 1196
11980 1197
11974 1198
11992 1199
12007 1200
11978 1201
12025 1202
12059 1203
12065 1204
12057 1205
12076 1206
12090 1207
12090 1208
12100 1209
12101 1210
12086 1211
12133 1212
12145 1213
12132 1214
12153 1215
12161 1216
12155 1217
12101 1218
12011 1219
12097 1220
12059 1221
12105 1222
12160 1223
12195 1224
12232 1225
12238 1226
12262 1227
12278 1228
12294 1229
12267 1230
12294 1231
12339 1232
12341 1233
12335 1234
12343 1235
12362 1236
12394 1237
12404 1238
12372 1239
12335 1240
12347 1241
12391 1242
12431 1243
12465 1244
12455 1245
12461 1246
12479 1247
12489 1248
12499 1249
12509 1250
12486 1251
12528 1252
12550 1253
12565 1254
12565 1255
12562 1256
12578 1257
12587 1258
12615 1259
12619 1260
12569 1261
12611 1262
12636 1263
12671 1264
12664 1265
12649 1266
12682 1267
12681 1268
12704 1269
12625 1270
12670 1271
12711 1272
12743 1273
12756 1274
12767 1275
12755 1276
12783 1277
12793 1278
12791 1279
12805 1280
12805 1281
12845 1282
12854 1283
12861 1284
12863 1285
12887 1286
12880 1287
12898 1288
12912 1289
12931 1290
12908 1291
12947 1292
12943 1293
12937 1294
12965 1295
12964 1296
12990 1297
12984 1298
13006 1299
13029 1300
12999 1301
13045 1302
13051 1303
13054 1304
13079 1305
13091 1306
13083 1307
13085 1308
13109 1309
13115 1310
13090 1311
13137 1312
13150 1313
13141 1314
13146 1315
13168 1316
13194 1317
13192 1318
13194 1319
13169 1320
13199 1321
13245 1322
13245 1323
13237 1324
13257 1325
13260 1326
13276 1327
13292 1328
13282 1329
13301 1330
13282 1331
13327 1332
13335 1333
13359 1334
13353 1335
13377 1336
13393 1337
13409 1338
13419 1339
13397 1340
13391 1341
13434 1342
13436 1343
13445 1344
13463 1345
13472 1346
13474 1347
13491 1348
13497 1349
13525 1350
13498 1351
13541 1352
13552 1353
13539 1354
13562 1355
13579 1356
13576 1357
13603 1358
13620 1359
13623 1360
13603 1361
13645 1362
13653 1363
13616 1364
13671 1365
13675 1366
13687 1367
13691 1368
13699 1369
13723 1370
13694 1371
13735 1372
13748 1373
13749 1374
13753 1375
13783 1376
13770 1377
13794 1378
13814 1379
13829 1380
13791 1381
13831 1382
13859 1383
13857 1384
13871 1385
13864 1386
13864 1387
13880 1388
13882 1389
13907 1390
13902 1391
13941 1392
13915 1393
13942 1394
13977 1395
13983 1396
13977 1397
14003 1398
14011 1399
14029 1400
13992 1401
14037 1402
14034 1403
14055 1404
14062 1405
14054 1406
14080 1407
14082 1408
14110 1409
14111 1410
14084 1411
14131 1412
14139 1413
14133 1414
14169 1415
14180 1416
14196 1417
14190 1418
14212 1419
14197 1420
14179 1421
14225 1422
14243 1423
14247 1424
14277 1425
14273 1426
14283 1427
14307 1428
14317 1429
14309 1430
14280 1431
14324 1432
14340 1433
14359 1434
14361 1435
14358 1436
14392 1437
14393 1438
14401 1439
14399 1440
14369 1441
14413 1442
14430 1443
14451 1444
14464 1445
14477 1446
14492 1447
14503 1448
14488 1449
14519 1450
14498 1451
14541 1452
14541 1453
14534 1454
14547 1455
14571 1456
14587 1457
14593 1458
14609 1459
14615 1460
14599 1461
14641 1462
14636 1463
14643 1464
14663 1465
14667 1466
14682 1467
14706 1468
14694 1469
14731 1470
14702 1471
14743 1472
14743 1473
14753 1474
14755 1475
14764 1476
14780 1477
14792 1478
14808 1479
14823 1480
14783 1481
14823 1482
14859 1483
14854 1484
14879 1485
14869 1486
14851 1487
14887 1488
14909 1489
14919 1490
14904 1491
14943 1492
14946 1493
14951 1494
14954 1495
14982 1496
14968 1497
14998 1498
15014 1499
14987 1500
14993 1501
15037 1502
15055 1503
15035 1504
15061 1505
15088 1506
15068 1507
15096 1508
15100 1509
15125 1510
15086 1511
15133 1512
15153 1513
15165 1514
15177 1515
15157 1516
15189 1517
15195 1518
15203 1519
15175 1520
15161 1521
15206 1522
15238 1523
15263 1524
15257 1525
15260 1526
15282 1527
15291 1528
15313 1529
15315 1530
15290 1531
15335 1532
15346 1533
15359 1534
15362 1535
15355 1536
15366 1537
15405 1538
15416 1539
15383 1540
15399 1541
15443 1542
15445 1543
15452 1544
15461 1545
15467 1546
15485 1547
15485 1548
15513 1549
15501 1550
15480 1551
15523 1552
15534 1553
15533 1554
15549 1555
15569 1556
15594 1557
15600 1558
15606 1559
15611 1560
15579 1561
15621 1562
15655 1563
15637 1564
15675 1565
15668 1566
15666 1567
15698 1568
15706 1569
15729 1570
15696 1571
15737 1572
15735 1573
15744 1574
15753 1575
15785 1576
15771 1577
15809 1578
15793 1579
15825 1580
15767 1581
15807 1582
15828 1583
15841 1584
15860 1585
15856 1586
15874 1587
15896 1588
15876 1589
15795 1590
15862 1591
15901 1592
15923 1593
15945 1594
15953 1595
15974 1596
15996 1597
16000 1598
15986 1599
16003 1600
15988 1601
16031 1602
16049 1603
16057 1604
16059 1605
16053 1606
16095 1607
16079 1608
16117 1609
16099 1610
16080 1611
16126 1612
16130 1613
16147 1614
16167 1615
16168 1616
16192 1617
16203 1618
16201 1619
16223 1620
16203 1621
16249 1622
16260 1623
16253 1624
16238 1625
16273 1626
16286 1627
16281 1628
16310 1629
16281 1630
16290 1631
16335 1632
16351 1633
16364 1634
16361 1635
16355 1636
16377 1637
16387 1638
16409 1639
16425 1640
16393 1641
16437 1642
16434 1643
16461 1644
16473 1645
16459 1646
16484 1647
16470 1648
16462 1649
16485 1650
16494 1651
16537 1652
16533 1653
16559 1654
16555 1655
16544 1656
16576 1657
16588 1658
16588 1659
16609 1660
16551 1661
16593 1662
16637 1663
16632 1664
16675 1665
16673 1666
16691 1667
16669 1668
16677 1669
16719 1670
16680 1671
16721 1672
16738 1673
16741 1674
16764 1675
16772 1676
16792 1677
16790 1678
16788 1679
16795 1680
16783 1681
16823 1682
16821 1683
16845 1684
16849 1685
16860 1686
16890 1687
16886 1688
16908 1689
16907 1690
16898 1691
16937 1692
16951 1693
16941 1694
16935 1695
16985 1696
16991 1697
16989 1698
17003 1699
17007 1700
16975 1701
17016 1702
17034 1703
17041 1704
17075 1705
17078 1706
17080 1707
17103 1708
17097 1709
17119 1710
17100 1711
17143 1712
17152 1713
17153 1714
17140 1715
17179 1716
17176 1717
17203 1718
17180 1719
17231 1720
17197 1721
17243 1722
17235 1723
17258 1724
17275 1725
17267 1726
17269 1727
17305 1728
17315 1729
17329 1730
17272 1731
17317 1732
17348 1733
17353 1734
17359 1735
17381 1736
17372 1737
17392 1738
17408 1739
17419 1740
17393 1741
17437 1742
17431 1743
17453 1744
17441 1745
17446 1746
17468 1747
17482 1748
17504 1749
17491 1750
17494 1751
17537 1752
17557 1753
17546 1754
17579 1755
17565 1756
17551 1757
17587 1758
17595 1759
17603 1760
17571 1761
17613 1762
17636 1763
17623 1764
17668 1765
17670 1766
17682 1767
17680 1768
17698 1769
17623 1770
17660 1771
17701 1772
17727 1773
17757 1774
17759 1775
17756 1776
17790 1777
17776 1778
17780 1779
17723 1780
17765 1781
17805 1782
17845 1783
17847 1784
17877 1785
17883 1786
17881 1787
17883 1788
17915 1789
17911 1790
17892 1791
17930 1792
17924 1793
17959 1794
17953 1795
17968 1796
17976 1797
17967 1798
18017 1799
18015 1800
17994 1801
18035 1802
18046 1803
18061 1804
18060 1805
18075 1806
18082 1807
18105 1808
18102 1809
18131 1810
18080 1811
18127 1812
18153 1813
18146 1814
18173 1815
18185 1816
18149 1817
18187 1818
18211 1819
18205 1820
18187 1821
18233 1822
18258 1823
18261 1824
18253 1825
18275 1826
18270 1827
18296 1828
18320 1829
18325 1830
18268 1831
18313 1832
18341 1833
18363 1834
18373 1835
18360 1836
18370 1837
18388 1838
18402 1839
18423 1840
18393 1841
18437 1842
18425 1843
18432 1844
18459 1845
18469 1846
18463 1847
18503 1848
18517 1849
18505 1850
18480 1851
18523 1852
18550 1853
18563 1854
18554 1855
18576 1856
18572 1857
18578 1858
18594 1859
18631 1860
18573 1861
18615 1862
18643 1863
18665 1864
18659 1865
18682 1866
18692 1867
18696 1868
18706 1869
18731 1870
18706 1871
18747 1872
18739 1873
18763 1874
18755 1875
18785 1876
18771 1877
18795 1878
18777 1879
18779 1880
18733 1881
18772 1882
18808 1883
18833 1884
18847 1885
18862 1886
18876 1887
18887 1888
18895 1889
18841 1890
18876 1891
18915 1892
18948 1893
18967 1894
18958 1895
18975 1896
18990 1897
19009 1898
19014 1899
19029 1900
18999 1901
19039 1902
19021 1903
19040 1904
19061 1905
19081 1906
19069 1907
19065 1908
19057 1909
19091 1910
19074 1911
19121 1912
19144 1913
19145 1914
19169 1915
19175 1916
19176 1917
19186 1918
19210 1919
19197 1920
19171 1921
19217 1922
19245 1923
19255 1924
19263 1925
19280 1926
19274 1927
19298 1928
19292 1929
19327 1930
19294 1931
19339 1932
19323 1933
19346 1934
19349 1935
19365 1936
19385 1937
19405 1938
19409 1939
19389 1940
19383 1941
19427 1942
19448 1943
19439 1944
19468 1945
19438 1946
19476 1947
19488 1948
19494 1949
19523 1950
19476 1951
19519 1952
19543 1953
19539 1954
19559 1955
19566 1956
19570 1957
19590 1958
19584 1959
19557 1960
19561 1961
19603 1962
19627 1963
19647 1964
19659 1965
19669 1966
19685 1967
19697 1968
19715 1969
19699 1970
19688 1971
19728 1972
19730 1973
19755 1974
19741 1975
19782 1976
19790 1977
19779 1978
19815 1979
19811 1980
19787 1981
19827 1982
19838 1983
19825 1984
19862 1985
19861 1986
19868 1987
19867 1988
19864 1989
19905 1990
19896 1991
19917 1992
19937 1993
19948 1994
19963 1995
19985 1996
19967 1997
19967 1998
19995 1999
