3006 300
2987 299
2968 298
2949 297
2930 296
2913 295
2894 294
2875 293
2858 292
2839 291
2820 290
2801 289
2782 288
2763 287
2744 286
2725 285
2710 284
2693 283
2674 282
2657 281
2640 280
2621 279
2601 278
2592 277
2581 276
2568 275
2551 274
2538 273
2525 272
2506 271
2489 270
2474 269
2457 268
2444 267
2427 266
2411 265
2394 264
2375 263
2368 262
2357 261
2344 260
2331 259
2320 258
2311 257
2306 256
2291 255
2276 254
2263 253
2256 252
2237 251
2226 250
2213 249
2200 248
2185 247
2172 246
2155 245
2152 244
2139 243
2122 242
2117 241
2101 240
2092 239
2075 238
2068 237
2057 236
2050 235
2035 234
2034 233
2019 232
2004 231
1987 230
1976 229
1969 228
1962 227
1953 226
1936 225
1925 224
1908 223
1897 222
1884 221
1873 220
1862 219
1847 218
1838 217
1825 216
1810 215
1797 214
1788 213
1773 212
1758 211
1747 210
1738 209
1723 208
1708 207
1699 206
1686 205
1679 204
1670 203
1657 202
1644 201
1633 200
1622 199
1613 198
1608 197
1599 196
1593 195
1584 194
1575 193
1566 192
1573 191
1562 190
1559 189
1554 188
1545 187
1534 186
1521 185
1514 184
1503 183
1492 182
1479 181
1472 180
1463 179
1452 178
1443 177
1434 176
1425 175
1424 174
1413 173
1402 172
1395 171
1384 170
1381 169
1374 168
1365 167
1360 166
1353 165
1352 164
1341 163
1336 162
1325 161
1318 160
1307 159
1298 158
1293 157
1286 156
1280 155
1269 154
1257 153
1246 152
1241 151
1230 150
1218 149
1209 148
1211 147
1200 146
1189 145
1186 144
1175 143
1165 142
1156 141
1151 140
1146 139
1135 138
1140 137
1133 136
1125 135
1116 134
1105 133
1096 132
1089 131
1078 130
1069 129
1058 128
1051 127
1040 126
1035 125
1026 124
1019 123
1012 122
1005 121
1000 120
993 119
988 118
979 117
978 116
969 115
958 114
947 113
936 112
925 111
922 110
911 109
914 108
907 107
896 106
885 105
882 104
875 103
868 102
859 101
850 100
840 99
831 98
821 97
812 96
809 95
806 94
795 93
784 92
773 91
770 90
767 89
758 88
751 87
740 86
735 85
724 84
725 83
714 82
705 81
694 80
685 79
676 78
665 77
660 76
653 75
644 74
635 73
630 72
618 71
613 70
603 69
592 68
579 67
570 66
563 65
554 64
541 63
534 62
523 61
512 60
509 59
496 58
483 57
474 56
463 55
451 54
439 53
436 52
429 51
