515 50
528 51
536 52
540 53
550 54
573 55
577 56
578 57
581 58
616 59
626 60
640 61
632 62
637 63
665 64
661 65
645 66
700 67
704 68
712 69
710 70
739 71
743 72
740 73
748 74
762 75
766 76
786 77
791 78
787 79
797 80
829 81
833 82
843 83
853 84
842 85
876 86
865 87
865 88
885 89
915 90
926 91
916 92
909 93
942 94
949 95
948 96
951 97
980 98
937 99
1008 100
1004 101
998 102
1009 103
1039 104
1064 105
1081 106
1065 107
1095 108
1091 109
1043 110
1106 111
1104 112
1116 113
1140 114
1153 115
1156 116
1165 117
1182 118
1176 119
1170 120
1218 121
1204 122
1231 123
1231 124
1263 125
1259 126
1286 127
1284 128
1294 129
1322 130
1338 131
1346 132
1327 133
1351 134
1358 135
1367 136
1353 137
1387 138
1387 139
1401 140
1412 141
1422 142
1446 143
1464 144
1475 145
1475 146
1446 147
1478 148
1508 149
1510 150
1540 151
1528 152
1535 153
1571 154
1575 155
1581 156
1586 157
1580 158
1598 159
1594 160
1638 161
1638 162
1613 163
1639 164
1665 165
1683 166
1699 167
1705 168
1699 169
1707 170
1718 171
1727 172
1704 173
1737 174
1765 175
1772 176
1756 177
1799 178
1775 179
1809 180
1814 181
1824 182
1817 183
1850 184
1873 185
1884 186
1889 187
1882 188
1875 189
1924 190
1924 191
1928 192
1939 193
1955 194
1960 195
1977 196
1983 197
1987 198
1975 199
2001 200
2016 201
2028 202
2048 203
2060 204
2053 205
2060 206
2081 207
2068 208
2090 209
2114 210
2130 211
2132 212
2151 213
2167 214
2167 215
2173 216
2166 217
2146 218
2190 219
2162 220
2228 221
2238 222
2243 223
2249 224
2266 225
2255 226
2251 227
2267 228
2263 229
2253 230
2296 231
2302 232
2294 233
2304 234
2335 235
2367 236
2380 237
2384 238
2366 239
2388 240
2410 241
2414 242
2427 243
2463 244
2463 245
2445 246
2452 247
2492 248
2516 249
2502 250
2528 251
2538 252
2557 253
2549 254
2553 255
2553 256
2563 257
2587 258
2607 259
2603 260
2602 261
2615 262
2612 263
2651 264
2631 265
2668 266
2676 267
2665 268
2689 269
2639 270
2650 271
2654 272
2669 273
2732 274
2763 275
2734 276
2765 277
2780 278
2791 279
2792 280
2838 281
2840 282
2835 283
2849 284
2866 285
2847 286
2859 287
2883 288
2911 289
2917 290
2930 291
2926 292
2944 293
2956 294
2951 295
2962 296
2985 297
2970 298
2970 299
3012 300
3034 301
3032 302
3019 303
3045 304
3045 305
3061 306
3086 307
3082 308
3104 309
3098 310
3132 311
3144 312
3137 313
3143 314
3140 315
3141 316
3183 317
3201 318
3195 319
3203 320
3230 321
3214 322
3234 323
3216 324
3231 325
3259 326
3270 327
3282 328
3286 329
3302 330
3314 331
3322 332
3337 333
3351 334
3363 335
3351 336
3380 337
3384 338
3372 339
3366 340
3414 341
3388 342
3409 343
3415 344
3449 345
3459 346
3469 347
3489 348
3501 349
3459 350
3532 351
3519 352
3502 353
3533 354
3557 355
3574 356
3568 357
3585 358
3601 359
3617 360
3622 361
3630 362
3625 363
3658 364
3667 365
3668 366
3653 367
3690 368
3689 369
3696 370
3700 371
3710 372
3749 373
3749 374
3754 375
3751 376
3769 377
3769 378
3813 379
3817 380
3814 381
3818 382
3848 383
3818 384
3859 385
3844 386
3871 387
3892 388
3880 389
3908 390
3922 391
3932 392
3957 393
3939 394
3943 395
3951 396
3956 397
3964 398
3978 399
4020 400
4028 401
4036 402
4041 403
4043 404
4034 405
4041 406
4041 407
4023 408
4089 409
4045 410
4090 411
4094 412
4122 413
4138 414
4149 415
4153 416
4184 417
4182 418
4196 419
4166 420
4228 421
4218 422
4225 423
4245 424
4273 425
4285 426
4282 427
4290 428
4290 429
4298 430
4318 431
4324 432
4337 433
4335 434
4333 435
4353 436
4351 437
4379 438
4403 439
4359 440
4420 441
4411 442
4428 443
4433 444
4451 445
4474 446
4454 447
4437 448
4465 449
4447 450
4468 451
4470 452
4509 453
4520 454
4545 455
4584 456
4573 457
4580 458
4593 459
4594 460
4626 461
4612 462
4639 463
4625 464
4644 465
4649 466
4647 467
4671 468
4675 469
4703 470
4714 471
4704 472
4726 473
4724 474
4767 475
4756 476
4769 477
4732 478
4750 479
4718 480
4760 481
4758 482
4785 483
4815 484
4833 485
4859 486
4888 487
4880 488
4876 489
4906 490
4940 491
4936 492
4937 493
4919 494
4956 495
4973 496
4975 497
4969 498
4985 499
4989 500
5020 501
5012 502
5046 503
5038 504
5067 505
5045 506
5054 507
5090 508
5108 509
5080 510
5102 511
5078 512
5133 513
5159 514
5167 515
5167 516
5170 517
5170 518
5184 519
5210 520
5220 521
5214 522
5245 523
5257 524
5247 525
5265 526
5285 527
5291 528
5301 529
5313 530
5302 531
5315 532
5320 533
5343 534
5345 535
5354 536
5372 537
5371 538
5397 539
5389 540
5418 541
5428 542
5437 543
5438 544
5453 545
5488 546
5481 547
5456 548
5481 549
5490 550
5522 551
5514 552
5531 553
5545 554
5564 555
5559 556
5541 557
5563 558
5585 559
5573 560
5610 561
5574 562
5608 563
5634 564
5625 565
5646 566
5679 567
5682 568
5682 569
5710 570
5718 571
5724 572
5719 573
5753 574
5759 575
5767 576
5744 577
5762 578
5808 579
5782 580
5810 581
5820 582
5853 583
5853 584
5868 585
5875 586
5873 587
5863 588
5887 589
5923 590
5924 591
5932 592
5938 593
5936 594
5971 595
5957 596
5976 597
5968 598
5984 599
6006 600
6040 601
6032 602
6025 603
6043 604
6051 605
6043 606
6082 607
6054 608
6096 609
6106 610
6132 611
6130 612
6131 613
6141 614
6145 615
6153 616
6169 617
6185 618
6195 619
6163 620
6206 621
6207 622
6206 623
6235 624
6259 625
6276 626
6270 627
6271 628
6283 629
6305 630
6336 631
6332 632
6335 633
6346 634
6355 635
6350 636
6349 637
6374 638
6363 639
6420 640
6408 641
6410 642
6437 643
6439 644
6452 645
6459 646
6469 647
6461 648
6503 649
6483 650
6512 651
6500 652
6546 653
6554 654
6547 655
6564 656
6581 657
6552 658
6560 659
6614 660
6638 661
6644 662
6635 663
6657 664
6631 665
6657 666
6654 667
6652 668
6666 669
6688 670
6694 671
6696 672
6699 673
6737 674
6748 675
6763 676
6773 677
6757 678
6797 679
6825 680
6820 681
6828 682
6832 683
6836 684
6859 685
6881 686
6860 687
6896 688
6908 689
6884 690
6930 691
6940 692
6953 693
6935 694
6969 695
6967 696
6960 697
6984 698
6992 699
6994 700
7010 701
7020 702
7025 703
7035 704
7047 705
7049 706
7077 707
7103 708
7099 709
7047 710
7122 711
7129 712
7114 713
7121 714
7149 715
7152 716
7176 717
7167 718
7173 719
7193 720
7216 721
7224 722
7211 723
7254 724
7239 725
7270 726
7271 727
7276 728
7279 729
7296 730
7324 731
7326 732
7313 733
7347 734
7360 735
7337 736
7375 737
7393 738
7365 739
7359 740
7420 741
7410 742
7412 743
7446 744
7425 745
7462 746
7459 747
7444 748
7496 749
7492 750
7524 751
7526 752
7525 753
7537 754
7539 755
7559 756
7538 757
7582 758
7576 759
7604 760
7632 761
7634 762
7619 763
7627 764
7642 765
7659 766
7667 767
7675 768
7703 769
7705 770
7720 771
7728 772
7714 773
7736 774
7771 775
7755 776
7778 777
7764 778
7788 779
7786 780
7820 781
7804 782
7811 783
7839 784
7853 785
7857 786
7878 787
7860 788
7896 789
7878 790
7916 791
7906 792
7913 793
7955 794
7959 795
7949 796
7973 797
7989 798
7997 799
7959 800
8004 801
8035 802
8030 803
8023 804
8055 805
8042 806
8076 807
8097 808
8101 809
8091 810
8126 811
8134 812
8137 813
8136 814
8137 815
8160 816
8185 817
8188 818
8171 819
8208 820
8238 821
8248 822
8253 823
8229 824
8248 825
8237 826
8259 827
8281 828
8279 829
8295 830
8312 831
8322 832
8340 833
8326 834
8347 835
8356 836
8359 837
8374 838
8416 839
8404 840
8438 841
8422 842
8413 843
8405 844
8449 845
8461 846
8484 847
8484 848
8490 849
8482 850
8472 851
8478 852
8523 853
8517 854
8522 855
8541 856
8561 857
8581 858
8585 859
8527 860
8618 861
8624 862
8596 863
8600 864
8655 865
8637 866
8670 867
8666 868
8664 869
8700 870
8688 871
8680 872
8731 873
8725 874
8767 875
8773 876
8766 877
8766 878
8762 879
8790 880
8840 881
8826 882
8829 883
8837 884
8839 885
8873 886
8871 887
8871 888
8893 889
8725 890
8826 891
8821 892
8838 893
8845 894
8871 895
8892 896
8954 897
8975 898
8993 899
8993 900
9022 901
9032 902
9029 903
9032 904
9017 905
9056 906
9089 907
9072 908
9097 909
9104 910
9134 911
9124 912
9117 913
9145 914
9144 915
9171 916
9175 917
9173 918
9211 919
9225 920
9218 921
9212 922
9240 923
9252 924
9251 925
9264 926
9261 927
9288 928
9272 929
9278 930
9320 931
9306 932
9325 933
9351 934
9365 935
9385 936
9376 937
9404 938
9400 939
9396 940
9440 941
9442 942
9439 943
9423 944
9460 945
9469 946
9487 947
9463 948
9517 949
9505 950
9530 951
9520 952
9548 953
9554 954
9543 955
9547 956
9584 957
9582 958
9592 959
9580 960
9624 961
9622 962
9623 963
9637 964
9633 965
9645 966
9662 967
9676 968
9710 969
9704 970
9730 971
9710 972
9729 973
9723 974
9747 975
9751 976
9783 977
9769 978
9793 979
9797 980
9810 981
9801 982
9826 983
9821 984
9847 985
9824 986
9860 987
9863 988
9863 989
9903 990
9920 991
9928 992
9929 993
9940 994
9911 995
9862 996
9893 997
9860 998
9955 999
9888 1000
10006 1001
10004 1002
9981 1003
9989 1004
10024 1005
10067 1006
10075 1007
10097 1008
10091 1009
10123 1010
10132 1011
10136 1012
10140 1013
10124 1014
10113 1015
10146 1016
10153 1017
10156 1018
10206 1019
10184 1020
10218 1021
10220 1022
10231 1023
10227 1024
10231 1025
10243 1026
10260 1027
10282 1028
10298 1029
10296 1030
10298 1031
10280 1032
10327 1033
10349 1034
10354 1035
10357 1036
10369 1037
10385 1038
10411 1039
10405 1040
10420 1041
10408 1042
10424 1043
10434 1044
10445 1045
10467 1046
10468 1047
10470 1048
10496 1049
10504 1050
10534 1051
10540 1052
10549 1053
10559 1054
10571 1055
10579 1056
10582 1057
10564 1058
10588 1059
10614 1060
10636 1061
10644 1062
10627 1063
10633 1064
10641 1065
10671 1066
10699 1067
10689 1068
10677 1069
10607 1070
10728 1071
10735 1072
10726 1073
10751 1074
10757 1075
10742 1076
10764 1077
10795 1078
10767 1079
10823 1080
10836 1081
10830 1082
10843 1083
10850 1084
10845 1085
10868 1086
10863 1087
10880 1088
10897 1089
10882 1090
10910 1091
10922 1092
10933 1093
10953 1094
10954 1095
10961 1096
10973 1097
10977 1098
11003 1099
11011 1100
11034 1101
11030 1102
11032 1103
11026 1104
11029 1105
11026 1106
11029 1107
10966 1108
10842 1109
10828 1110
10922 1111
10900 1112
11019 1113
11031 1114
11047 1115
11113 1116
11130 1117
11176 1118
11182 1119
11210 1120
11204 1121
11210 1122
11251 1123
11235 1124
11250 1125
11261 1126
11273 1127
11263 1128
11265 1129
11269 1130
11320 1131
11320 1132
11326 1133
11322 1134
11335 1135
11335 1136
11378 1137
11378 1138
11398 1139
11362 1140
11434 1141
11444 1142
11445 1143
11441 1144
11431 1145
11465 1146
11470 1147
11482 1148
11470 1149
11498 1150
11518 1151
11508 1152
11539 1153
11543 1154
11565 1155
11587 1156
11585 1157
11597 1158
11571 1159
11485 1160
11618 1161
11615 1162
11632 1163
11611 1164
11639 1165
11640 1166
11656 1167
11693 1168
11685 1169
11701 1170
11722 1171
11726 1172
11711 1173
11752 1174
11767 1175
11748 1176
11773 1177
11762 1178
11769 1179
11798 1180
11818 1181
11824 1182
11841 1183
11825 1184
11822 1185
11831 1186
11851 1187
11883 1188
11897 1189
11887 1190
11938 1191
11934 1192
11910 1193
11944 1194
11941 1195
11954 1196
11971 1197
11984 1198
11978 1199
12016 1200
12016 1201
12018 1202
12015 1203
12067 1204
12055 1205
12047 1206
12076 1207
12092 1208
12082 1209
12110 1210
12110 1211
12106 1212
12137 1213
12127 1214
12136 1215
12127 1216
12117 1217
12127 1218
11979 1219
11903 1220
12106 1221
12082 1222
12098 1223
12162 1224
12187 1225
12207 1226
12248 1227
12260 1228
12262 1229
12300 1230
12276 1231
12260 1232
12331 1233
12321 1234
12325 1235
12367 1236
12388 1237
12400 1238
12374 1239
12264 1240
12344 1241
12354 1242
12393 1243
12435 1244
12447 1245
12441 1246
12449 1247
12467 1248
12479 1249
12469 1250
12518 1251
12525 1252
12524 1253
12559 1254
12567 1255
12564 1256
12556 1257
12571 1258
12575 1259
12613 1260
12628 1261
12626 1262
12611 1263
12650 1264
12667 1265
12662 1266
12633 1267
12664 1268
12657 1269
12644 1270
12634 1271
12642 1272
12721 1273
12743 1274
12740 1275
12749 1276
12745 1277
12791 1278
12797 1279
12757 1280
12814 1281
12820 1282
12848 1283
12840 1284
12851 1285
12872 1286
12881 1287
12864 1288
12890 1289
12894 1290
12940 1291
12948 1292
12953 1293
12941 1294
12933 1295
12955 1296
12948 1297
12984 1298
12984 1299
13014 1300
13038 1301
13030 1302
13039 1303
13045 1304
13052 1305
13089 1306
13059 1307
13075 1308
13083 1309
13089 1310
13124 1311
13120 1312
13134 1313
13128 1314
13137 1315
13129 1316
13170 1317
13184 1318
13196 1319
13192 1320
13178 1321
13176 1322
13243 1323
13229 1324
13231 1325
13231 1326
13264 1327
13278 1328
13286 1329
13256 1330
13310 1331
13302 1332
13305 1333
13333 1334
13357 1335
13351 1336
13385 1337
13401 1338
13403 1339
13413 1340
13406 1341
13419 1342
13442 1343
13447 1344
13423 1345
13464 1346
13468 1347
13469 1348
13473 1349
13485 1350
13534 1351
13536 1352
13537 1353
13540 1354
13525 1355
13546 1356
13575 1357
13562 1358
13599 1359
13618 1360
13632 1361
13640 1362
13649 1363
13647 1364
13624 1365
13671 1366
13665 1367
13667 1368
13695 1369
13697 1370
13732 1371
13732 1372
13718 1373
13748 1374
13725 1375
13736 1376
13781 1377
13772 1378
13800 1379
13798 1380
13838 1381
13836 1382
13837 1383
13857 1384
13847 1385
13851 1386
13856 1387
13852 1388
13884 1389
13886 1390
13916 1391
13918 1392
13921 1393
13919 1394
13944 1395
13979 1396
13985 1397
13947 1398
13991 1399
14007 1400
14038 1401
14046 1402
14022 1403
14020 1404
14057 1405
14049 1406
14064 1407
14084 1408
14086 1409
14108 1410
14120 1411
14116 1412
14129 1413
14121 1414
14157 1415
14171 1416
14184 1417
14182 1418
14182 1419
14192 1420
14206 1421
14210 1422
14233 1423
14239 1424
14241 1425
14271 1426
14271 1427
14285 1428
14297 1429
14209 1430
14318 1431
14319 1432
14318 1433
14341 1434
14359 1435
14336 1436
14350 1437
14385 1438
14357 1439
14385 1440
14408 1441
14414 1442
14415 1443
14416 1444
14449 1445
14450 1446
14457 1447
14498 1448
14491 1449
14502 1450
14528 1451
14522 1452
14535 1453
14517 1454
14538 1455
14539 1456
14561 1457
14579 1458
14595 1459
14611 1460
14624 1461
14618 1462
14640 1463
14634 1464
14641 1465
14662 1466
14655 1467
14672 1468
14696 1469
14694 1470
14740 1471
14740 1472
14721 1473
14739 1474
14737 1475
14735 1476
14766 1477
14726 1478
14786 1479
14800 1480
14832 1481
14822 1482
14825 1483
14869 1484
14850 1485
14865 1486
14863 1487
14861 1488
14875 1489
14891 1490
14928 1491
14938 1492
14940 1493
14938 1494
14921 1495
14947 1496
14982 1497
14944 1498
15000 1499
15006 1500
14996 1501
14982 1502
15035 1503
15037 1504
15031 1505
15059 1506
15082 1507
15064 1508
15090 1509
15110 1510
15134 1511
15122 1512
15109 1513
15157 1514
15153 1515
15153 1516
15151 1517
15177 1518
15203 1519
15125 1520
15184 1521
15181 1522
15190 1523
15227 1524
15271 1525
15258 1526
15252 1527
15269 1528
15297 1529
15293 1530
15324 1531
15330 1532
15331 1533
15344 1534
15359 1535
15358 1536
15363 1537
15372 1538
15409 1539
15394 1540
15392 1541
15398 1542
15443 1543
15441 1544
15454 1545
15451 1546
15453 1547
15489 1548
15499 1549
15475 1550
15510 1551
15506 1552
15518 1553
15516 1554
15539 1555
15554 1556
15561 1557
15586 1558
15600 1559
15594 1560
15620 1561
15616 1562
15637 1563
15633 1564
15637 1565
15653 1566
15660 1567
15670 1568
15688 1569
15712 1570
15738 1571
15746 1572
15729 1573
15717 1574
15700 1575
15755 1576
15779 1577
15775 1578
15793 1579
15765 1580
15834 1581
15812 1582
15796 1583
15834 1584
15837 1585
15843 1586
15842 1587
15866 1588
15852 1589
15852 1590
15804 1591
15806 1592
15871 1593
15923 1594
15945 1595
15947 1596
15970 1597
15978 1598
16004 1599
15982 1600
16012 1601
16010 1602
16033 1603
16041 1604
16045 1605
16041 1606
16061 1607
16087 1608
16087 1609
16109 1610
16108 1611
16117 1612
16130 1613
16129 1614
16145 1615
16162 1616
16166 1617
16195 1618
16199 1619
16211 1620
16232 1621
16240 1622
16239 1623
16250 1624
16255 1625
16272 1626
16281 1627
16294 1628
16281 1629
16304 1630
16290 1631
16286 1632
16335 1633
16339 1634
16356 1635
16367 1636
16349 1637
16377 1638
16389 1639
16369 1640
16434 1641
16438 1642
16434 1643
16432 1644
16443 1645
16462 1646
16451 1647
16464 1648
16476 1649
16466 1650
16494 1651
16486 1652
16523 1653
16511 1654
16539 1655
16541 1656
16538 1657
16550 1658
16574 1659
16592 1660
16618 1661
16600 1662
16581 1663
16629 1664
16610 1665
16663 1666
16665 1667
16691 1668
16657 1669
16683 1670
16728 1671
16708 1672
16724 1673
16738 1674
16721 1675
16731 1676
16764 1677
16774 1678
16768 1679
16770 1680
16804 1681
16812 1682
16807 1683
16811 1684
16831 1685
16841 1686
16846 1687
16884 1688
16878 1689
16900 1690
16916 1691
16904 1692
16939 1693
16941 1694
16931 1695
16931 1696
16983 1697
16983 1698
16977 1699
16871 1700
17016 1701
16993 1702
16996 1703
17025 1704
17043 1705
17058 1706
17068 1707
17077 1708
17083 1709
17103 1710
17128 1711
17116 1712
17135 1713
17156 1714
17145 1715
17142 1716
17157 1717
17166 1718
17201 1719
17196 1720
17240 1721
17246 1722
17237 1723
17233 1724
17242 1725
17267 1726
17249 1727
17267 1728
17281 1729
17317 1730
17338 1731
17322 1732
17322 1733
17350 1734
17335 1735
17362 1736
17381 1737
17366 1738
17384 1739
17416 1740
17428 1741
17434 1742
17427 1743
17417 1744
17459 1745
17443 1746
17454 1747
17424 1748
17478 1749
17506 1750
17500 1751
17496 1752
17535 1753
17539 1754
17550 1755
17565 1756
17547 1757
17547 1758
17583 1759
17599 1760
17612 1761
17616 1762
17610 1763
17622 1764
17623 1765
17649 1766
17658 1767
17678 1768
17650 1769
17672 1770
17632 1771
17622 1772
17679 1773
17723 1774
17747 1775
17739 1776
17756 1777
17780 1778
17756 1779
17680 1780
17732 1781
17716 1782
17807 1783
17847 1784
17841 1785
17863 1786
17867 1787
17879 1788
17881 1789
17877 1790
17920 1791
17927 1792
17926 1793
17927 1794
17959 1795
17942 1796
17958 1797
17977 1798
17949 1799
18017 1800
18024 1801
18020 1802
18033 1803
18042 1804
18037 1805
18052 1806
18055 1807
18074 1808
18111 1809
18102 1810
18140 1811
18126 1812
18127 1813
18159 1814
18138 1815
18177 1816
18181 1817
18137 1818
18173 1819
18215 1820
18214 1821
18224 1822
18228 1823
18260 1824
18233 1825
18246 1826
18273 1827
18252 1828
18288 1829
18328 1830
18334 1831
18310 1832
18311 1833
18345 1834
18361 1835
18377 1836
18336 1837
18374 1838
18378 1839
18402 1840
18432 1841
18440 1842
18431 1843
18415 1844
18428 1845
18453 1846
18463 1847
18473 1848
18501 1849
18463 1850
18514 1851
18506 1852
18516 1853
18558 1854
18539 1855
18541 1856
18574 1857
18562 1858
18576 1859
18590 1860
18640 1861
18620 1862
18625 1863
18653 1864
18647 1865
18651 1866
18674 1867
18670 1868
18698 1869
18720 1870
18740 1871
18746 1872
18735 1873
18743 1874
18757 1875
18741 1876
18785 1877
18757 1878
18765 1879
18603 1880
18788 1881
18769 1882
18752 1883
18785 1884
18829 1885
18846 1886
18844 1887
18865 1888
18883 1889
18877 1890
18850 1891
18854 1892
18909 1893
18954 1894
18973 1895
18962 1896
18959 1897
18982 1898
19017 1899
19014 1900
19038 1901
19036 1902
19035 1903
19005 1904
19036 1905
19063 1906
19061 1907
19065 1908
19013 1909
18939 1910
19100 1911
19086 1912
19086 1913
19148 1914
19137 1915
19164 1916
19161 1917
19172 1918
19196 1919
19214 1920
19206 1921
19214 1922
19215 1923
19251 1924
19249 1925
19257 1926
19238 1927
19282 1928
19302 1929
19302 1930
19336 1931
19338 1932
19325 1933
19309 1934
19348 1935
19365 1936
19343 1937
19389 1938
19393 1939
19409 1940
19398 1941
19408 1942
19424 1943
19452 1944
19439 1945
19463 1946
19454 1947
19482 1948
19492 1949
19504 1950
19532 1951
19516 1952
19515 1953
19545 1954
19541 1955
19559 1956
19562 1957
19550 1958
19574 1959
19520 1960
19566 1961
19574 1962
19607 1963
19617 1964
19623 1965
19653 1966
19653 1967
19665 1968
19701 1969
19471 1970
19708 1971
19711 1972
19730 1973
19715 1974
19751 1975
19750 1976
19780 1977
19765 1978
19791 1979
19817 1980
19820 1981
19812 1982
19815 1983
19836 1984
19831 1985
19864 1986
19849 1987
19854 1988
19855 1989
19854 1990
19914 1991
19906 1992
19921 1993
19921 1994
19950 1995
19967 1996
19967 1997
19965 1998
19947 1999
19989 2000
