151 1508
152 1517
153 1525
154 1533
155 1543
156 1552
157 1560
158 1562
159 1568
160 1574
161 1579
162 1590
163 1598
164 1610
165 1612
166 1616
167 1626
168 1638
169 1646
170 1656
171 1651
172 1662
173 1670
174 1678
175 1690
176 1696
177 1704
178 1708
179 1716
180 1728
181 1735
182 1746
183 1760
184 1762
185 1772
186 1778
187 1792
188 1796
189 1804
190 1820
191 1827
192 1838
193 1842
194 1850
195 1858
196 1866
197 1882
198 1888
199 1898
200 1902
201 1905
202 1916
203 1922
204 1938
205 1944
206 1956
207 1958
208 1964
209 1974
210 1982
211 1993
212 2004
213 2012
214 2024
215 2034
216 2046
217 2058
218 2060
219 2068
220 2078
221 2083
222 2094
223 2106
224 2114
225 2124
226 2130
227 2134
228 2142
229 2156
230 2166
231 2167
232 2178
233 2186
234 2194
235 2206
236 2218
237 2228
238 2234
239 2244
240 2250
241 2255
242 2266
243 2276
244 2284
245 2294
246 2304
247 2310
248 2314
249 2326
250 2334
251 2347
252 2358
253 2370
254 2380
255 2388
256 2398
257 2402
258 2414
259 2420
260 2432
261 2433
262 2444
263 2454
264 2468
265 2482
266 2490
267 2500
268 2508
269 2518
270 2528
271 2531
272 2542
273 2552
274 2564
275 2576
276 2586
277 2598
278 2610
279 2616
280 2624
281 2629
282 2640
283 2652
284 2662
285 2672
286 2676
287 2684
288 2696
289 2702
290 2712
291 2717
292 2728
293 2740
294 2752
295 2760
296 2768
297 2768
298 2776
299 2792
300 2794
301 2795
302 2806
303 2816
304 2822
305 2832
306 2832
307 2846
308 2846
309 2862
310 2874
311 2879
312 2890
313 2894
314 2904
315 2914
316 2928
317 2936
318 2948
319 2958
320 2966
321 2973
322 2984
323 2992
324 3002
325 3012
326 3016
327 3022
328 3030
329 3034
330 3044
331 3053
332 3064
333 3076
334 3084
335 3090
336 3098
337 3102
338 3108
339 3116
340 3132
341 3139
342 3150
343 3154
344 3154
345 3164
346 3168
347 3180
348 3192
349 3204
350 3212
351 3223
352 3234
353 3250
354 3258
355 3272
356 3284
357 3288
358 3294
359 3300
360 3310
361 3321
362 3332
363 3342
364 3352
365 3370
366 3384
367 3390
368 3402
369 3410
370 3414
371 3421
372 3432
373 3438
374 3446
375 3450
376 3458
377 3472
378 3480
379 3486
380 3482
381 3493
382 3504
383 3514
384 3524
385 3532
386 3544
387 3550
388 3558
389 3566
390 3574
391 3581
392 3592
393 3608
394 3612
395 3618
396 3626
397 3638
398 3656
399 3664
400 3678
401 3681
402 3692
403 3702
404 3708
405 3712
406 3724
407 3730
408 3738
409 3750
410 3758
411 3761
412 3772
413 3782
414 3794
415 3800
416 3810
417 3820
418 3828
419 3830
420 3840
421 3851
422 3862
423 3870
424 3874
425 3882
426 3892
427 3904
428 3912
429 3928
430 3934
431 3939
432 3950
433 3962
434 3966
435 3978
436 3992
437 4000
438 4014
439 4022
440 4034
441 4031
442 4042
443 4052
444 4064
445 4074
446 4084
447 4094
448 4104
449 4116
450 4128
451 4137
452 4148
453 4152
454 4162
455 4172
456 4186
457 4186
458 4194
459 4198
460 4204
461 4203
462 4214
463 4228
464 4238
465 4250
466 4262
467 4270
468 4276
469 4282
470 4292
471 4287
472 4298
473 4300
474 4312
475 4320
476 4334
477 4350
478 4360
479 4376
480 4382
481 4393
482 4404
483 4414
484 4426
485 4434
486 4448
487 4458
488 4466
489 4478
490 4484
491 4497
492 4508
493 4516
494 4528
495 4528
496 4542
497 4556
498 4564
499 4570
500 4576
501 4583
502 4594
503 4604
504 4614
505 4628
506 4634
507 4642
508 4650
509 4656
510 4660
511 4667
512 4678
513 4688
514 4694
515 4706
516 4708
517 4718
518 4724
519 4734
520 4742
521 4751
522 4762
523 4782
524 4784
525 4788
526 4800
527 4808
528 4814
529 4822
530 4828
531 4841
532 4852
533 4864
534 4872
535 4880
536 4888
537 4894
538 4898
539 4908
540 4916
541 4923
542 4934
543 4940
544 4948
545 4952
546 4964
547 4974
548 4980
549 4990
550 4998
551 4999
552 5010
553 5018
554 5030
555 5042
556 5050
557 5058
558 5066
559 5074
560 5080
561 5089
562 5100
563 5108
564 5112
565 5122
566 5128
567 5140
568 5146
569 5156
570 5156
571 5163
572 5174
573 5184
574 5194
575 5200
576 5214
577 5220
578 5226
579 5232
580 5246
581 5255
582 5266
583 5282
584 5294
585 5306
586 5316
587 5326
588 5334
589 5344
590 5348
591 5351
592 5362
593 5376
594 5388
595 5396
596 5400
597 5406
598 5412
599 5418
600 5430
601 5437
602 5448
603 5454
604 5466
605 5476
606 5486
607 5498
608 5512
609 5522
610 5532
611 5545
612 5556
613 5564
614 5570
615 5580
616 5588
617 5590
618 5594
619 5606
620 5610
621 5617
622 5628
623 5638
624 5648
625 5658
626 5668
627 5670
628 5684
629 5692
630 5700
631 5713
632 5724
633 5732
634 5736
635 5742
636 5754
637 5764
638 5780
639 5794
640 5794
641 5807
642 5818
643 5824
644 5832
645 5842
646 5850
647 5858
648 5866
649 5872
650 5882
651 5891
652 5902
653 5910
654 5926
655 5934
656 5940
657 5946
658 5958
659 5960
660 5966
661 5979
662 5990
663 5998
664 6010
665 6020
666 6026
667 6034
668 6046
669 6064
670 6072
671 6077
672 6088
673 6100
674 6104
675 6122
676 6130
677 6134
678 6146
679 6156
680 6170
681 6171
682 6182
683 6192
684 6202
685 6214
686 6218
687 6226
688 6238
689 6254
690 6264
691 6275
692 6286
693 6296
694 6304
695 6316
696 6320
697 6332
698 6338
699 6340
700 6346
701 6347
702 6358
703 6364
704 6378
705 6390
706 6396
707 6400
708 6410
709 6426
710 6434
711 6437
712 6448
713 6458
714 6470
715 6476
716 6482
717 6488
718 6496
719 6504
720 6514
721 6525
722 6536
723 6540
724 6552
725 6558
726 6574
727 6582
728 6592
729 6604
730 6612
731 6625
732 6636
733 6646
734 6658
735 6668
736 6678
737 6692
738 6696
739 6708
740 6718
741 6725
742 6736
743 6742
744 6752
745 6760
746 6768
747 6776
748 6784
749 6792
750 6798
751 6805
752 6816
753 6832
754 6840
755 6854
756 6862
757 6876
758 6882
759 6886
760 6898
761 6909
762 6920
763 6928
764 6938
765 6950
766 6958
767 6968
768 6972
769 6976
770 6984
771 6991
772 7002
773 7016
774 7026
775 7034
776 7042
777 7056
778 7066
779 7078
780 7086
781 7091
782 7102
783 7110
784 7120
785 7130
786 7142
787 7152
788 7158
789 7166
790 7178
791 7187
792 7198
793 7210
794 7218
795 7226
796 7232
797 7252
798 7260
799 7272
800 7276
801 7285
802 7296
803 7296
804 7306
805 7314
806 7330
807 7338
808 7346
809 7356
810 7362
811 7375
812 7386
813 7396
814 7402
815 7408
816 7410
817 7424
818 7444
819 7452
820 7456
821 7463
822 7474
823 7484
824 7494
825 7498
826 7502
827 7510
828 7522
829 7532
830 7542
831 7547
832 7558
833 7570
834 7584
835 7586
836 7590
837 7596
838 7604
839 7610
840 7622
841 7639
842 7650
843 7664
844 7674
845 7680
846 7694
847 7700
848 7714
849 7716
850 7728
851 7741
852 7752
853 7756
854 7764
855 7766
856 7778
857 7788
858 7792
859 7804
860 7810
861 7815
862 7826
863 7844
864 7852
865 7864
866 7874
867 7884
868 7888
869 7896
870 7906
871 7913
872 7924
873 7928
874 7940
875 7948
876 7964
877 7970
878 7980
879 7986
880 7996
881 8003
882 8014
883 8026
884 8034
885 8046
886 8060
887 8066
888 8070
889 8082
890 8088
891 8097
892 8108
893 8118
894 8128
895 8138
896 8146
897 8156
898 8160
899 8168
900 8182
901 8185
902 8196
903 8204
904 8214
905 8228
906 8234
907 8244
908 8254
909 8262
910 8272
911 8289
912 8300
913 8312
914 8320
915 8334
916 8346
917 8354
918 8362
919 8372
920 8386
921 8385
922 8396
923 8410
924 8416
925 8420
926 8430
927 8434
928 8444
929 8450
930 8456
931 8461
932 8472
933 8484
934 8490
935 8500
936 8514
937 8522
938 8532
939 8540
940 8544
941 8551
942 8562
943 8572
944 8590
945 8602
946 8610
947 8620
948 8626
949 8638
950 8648
951 8657
952 8668
953 8676
954 8684
955 8698
956 8704
957 8708
958 8722
959 8724
960 8730
961 8741
962 8752
963 8756
964 8758
965 8766
966 8776
967 8780
968 8790
969 8800
970 8810
971 8813
972 8824
973 8838
974 8854
975 8860
976 8870
977 8880
978 8892
979 8902
980 8910
981 8905
982 8916
983 8924
984 8942
985 8954
986 8960
987 8972
988 8980
989 8992
990 8996
991 9015
992 9026
993 9036
994 9046
995 9054
996 9062
997 9074
998 9082
999 9088
1000 9102
1001 9109
1002 9120
1003 9132
1004 9136
1005 9146
1006 9156
1007 9160
1008 9180
1009 9194
1010 9202
1011 9209
1012 9220
1013 9226
1014 9234
1015 9246
1016 9262
1017 9264
1018 9274
1019 9282
1020 9294
1021 9303
1022 9314
1023 9326
1024 9332
1025 9338
1026 9350
1027 9364
1028 9372
1029 9376
1030 9384
1031 9381
1032 9392
1033 9400
1034 9412
1035 9416
1036 9422
1037 9434
1038 9438
1039 9450
1040 9458
1041 9465
1042 9476
1043 9486
1044 9494
1045 9506
1046 9516
1047 9526
1048 9538
1049 9554
1050 9562
1051 9567
1052 9578
1053 9582
1054 9590
1055 9600
1056 9610
1057 9620
1058 9628
1059 9636
1060 9652
1061 9651
1062 9662
1063 9678
1064 9688
1065 9702
1066 9712
1067 9714
1068 9722
1069 9734
1070 9736
1071 9745
1072 9756
1073 9758
1074 9766
1075 9774
1076 9786
1077 9786
1078 9796
1079 9812
1080 9824
1081 9835
1082 9846
1083 9860
1084 9862
1085 9866
1086 9866
1087 9878
1088 9874
1089 9886
1090 9896
1091 9901
1092 9912
1093 9920
1094 9930
1095 9944
1096 9956
1097 9962
1098 9974
1099 9990
1100 9994
1101 10001
1102 10012
1103 10022
1104 10028
1105 10034
1106 10042
1107 10052
1108 10066
1109 10076
1110 10084
1111 10095
1112 10106
1113 10112
1114 10120
1115 10132
1116 10142
1117 10156
1118 10160
1119 10166
1120 10170
1121 10169
1122 10180
1123 10192
1124 10198
1125 10204
1126 10208
1127 10218
1128 10230
1129 10232
1130 10246
1131 10249
1132 10260
1133 10274
1134 10286
1135 10292
1136 10298
1137 10310
1138 10316
1139 10322
1140 10334
1141 10349
1142 10360
1143 10370
1144 10382
1145 10392
1146 10398
1147 10406
1148 10410
1149 10416
1150 10430
1151 10435
1152 10446
1153 10454
1154 10462
1155 10466
1156 10470
1157 10480
1158 10484
1159 10498
1160 10510
1161 10523
1162 10534
1163 10548
1164 10554
1165 10568
1166 10578
1167 10588
1168 10600
1169 10610
1170 10618
1171 10619
1172 10630
1173 10640
1174 10650
1175 10668
1176 10674
1177 10686
1178 10696
1179 10706
1180 10710
1181 10721
1182 10732
1183 10736
1184 10746
1185 10758
1186 10772
1187 10778
1188 10784
1189 10800
1190 10812
1191 10819
1192 10830
1193 10836
1194 10842
1195 10854
1196 10864
1197 10874
1198 10882
1199 10892
1200 10894
1201 10899
1202 10910
1203 10922
1204 10934
1205 10944
1206 10950
1207 10964
1208 10976
1209 10986
1210 10992
1211 11001
1212 11012
1213 11022
1214 11036
1215 11038
1216 11042
1217 11050
1218 11064
1219 11078
1220 11092
1221 11099
1222 11110
1223 11116
1224 11122
1225 11128
1226 11136
1227 11150
1228 11162
1229 11174
1230 11164
1231 11177
1232 11188
1233 11202
1234 11218
1235 11226
1236 11240
1237 11248
1238 11254
1239 11258
1240 11266
1241 11271
1242 11282
1243 11288
1244 11296
1245 11298
1246 11312
1247 11322
1248 11332
1249 11346
1250 11354
1251 11359
1252 11370
1253 11374
1254 11378
1255 11386
1256 11392
1257 11394
1258 11406
1259 11414
1260 11424
1261 11433
1262 11444
1263 11448
1264 11466
1265 11478
1266 11490
1267 11504
1268 11508
1269 11516
1270 11520
1271 11529
1272 11540
1273 11550
1274 11562
1275 11572
1276 11580
1277 11590
1278 11596
1279 11604
1280 11612
1281 11619
1282 11630
1283 11640
1284 11650
1285 11662
1286 11670
1287 11676
1288 11688
1289 11692
1290 11698
1291 11697
1292 11708
1293 11718
1294 11720
1295 11726
1296 11744
1297 11750
1298 11760
1299 11764
1300 11778
1301 11781
1302 11792
1303 11800
1304 11812
1305 11820
1306 11826
1307 11840
1308 11846
1309 11852
1310 11874
1311 11875
1312 11886
1313 11896
1314 11906
1315 11914
1316 11922
1317 11930
1318 11944
1319 11950
1320 11958
1321 11969
1322 11980
1323 11992
1324 11998
1325 12000
1326 12012
1327 12012
1328 12020
1329 12032
1330 12046
1331 12053
1332 12064
1333 12068
1334 12076
1335 12080
1336 12090
1337 12096
1338 12102
1339 12108
1340 12110
1341 12113
1342 12124
1343 12128
1344 12138
1345 12144
1346 12156
1347 12170
1348 12178
1349 12190
1350 12200
1351 12199
1352 12210
1353 12214
1354 12218
1355 12236
1356 12242
1357 12252
1358 12266
1359 12274
1360 12278
1361 12283
1362 12294
1363 12298
1364 12304
1365 12312
1366 12322
1367 12326
1368 12334
1369 12346
1370 12354
1371 12363
1372 12374
1373 12382
1374 12392
1375 12396
1376 12400
1377 12408
1378 12416
1379 12420
1380 12432
1381 12443
1382 12454
1383 12458
1384 12472
1385 12474
1386 12480
1387 12484
1388 12490
1389 12502
1390 12510
1391 12523
1392 12534
1393 12546
1394 12552
1395 12558
1396 12570
1397 12582
1398 12588
1399 12600
1400 12602
1401 12615
1402 12626
1403 12640
1404 12650
1405 12666
1406 12674
1407 12684
1408 12694
1409 12706
1410 12712
1411 12725
1412 12736
1413 12750
1414 12760
1415 12766
1416 12778
1417 12784
1418 12794
1419 12808
1420 12820
1421 12827
1422 12838
1423 12848
1424 12852
1425 12860
1426 12868
1427 12874
1428 12880
1429 12890
1430 12904
1431 12905
1432 12916
1433 12926
1434 12934
1435 12942
1436 12946
1437 12960
1438 12970
1439 12974
1440 12986
1441 12991
1442 13002
1443 13012
1444 13026
1445 13034
1446 13048
1447 13054
1448 13054
1449 13062
1450 13072
1451 13077
1452 13088
1453 13094
1454 13108
1455 13120
1456 13130
1457 13136
1458 13136
1459 13150
1460 13156
1461 13159
1462 13170
1463 13180
1464 13196
1465 13204
1466 13220
1467 13228
1468 13236
1469 13242
1470 13252
1471 13257
1472 13268
1473 13280
1474 13288
1475 13298
1476 13302
1477 13312
1478 13324
1479 13330
1480 13338
1481 13349
1482 13360
1483 13366
1484 13366
1485 13378
1486 13378
1487 13384
1488 13392
1489 13402
1490 13406
1491 13411
1492 13422
1493 13426
1494 13446
1495 13456
1496 13464
1497 13476
1498 13484
1499 13492
1500 13498
1501 13509
1502 13520
1503 13530
1504 13540
1505 13548
1506 13564
1507 13576
1508 13586
1509 13596
1510 13606
1511 13617
1512 13628
1513 13632
1514 13644
1515 13652
1516 13662
1517 13668
1518 13672
1519 13682
1520 13696
1521 13705
1522 13716
1523 13722
1524 13724
1525 13736
1526 13748
1527 13754
1528 13766
1529 13774
1530 13786
1531 13789
1532 13800
1533 13810
1534 13814
1535 13816
1536 13820
1537 13826
1538 13838
1539 13848
1540 13854
1541 13861
1542 13872
1543 13882
1544 13890
1545 13902
1546 13910
1547 13922
1548 13938
1549 13946
1550 13954
1551 13965
1552 13976
1553 13988
1554 13994
1555 13998
1556 14012
1557 14024
1558 14038
1559 14042
1560 14050
1561 14057
1562 14068
1563 14078
1564 14084
1565 14088
1566 14094
1567 14108
1568 14112
1569 14120
1570 14134
1571 14145
1572 14156
1573 14164
1574 14172
1575 14182
1576 14192
1577 14200
1578 14210
1579 14214
1580 14224
1581 14225
1582 14236
1583 14246
1584 14264
1585 14274
1586 14282
1587 14294
1588 14296
1589 14306
1590 14322
1591 14331
1592 14342
1593 14346
1594 14354
1595 14358
1596 14358
1597 14368
1598 14372
1599 14382
1600 14396
1601 14405
1602 14416
1603 14426
1604 14436
1605 14450
1606 14464
1607 14474
1608 14486
1609 14496
1610 14506
1611 14515
1612 14526
1613 14538
1614 14552
1615 14558
1616 14576
1617 14588
1618 14600
1619 14608
1620 14610
1621 14617
1622 14628
1623 14648
1624 14656
1625 14666
1626 14668
1627 14678
1628 14688
1629 14694
1630 14706
1631 14711
1632 14722
1633 14730
1634 14740
1635 14744
1636 14756
1637 14766
1638 14772
1639 14784
1640 14788
1641 14795
1642 14806
1643 14818
1644 14830
1645 14828
1646 14836
1647 14848
1648 14858
1649 14866
1650 14872
1651 14879
1652 14890
1653 14904
1654 14906
1655 14916
1656 14930
1657 14940
1658 14956
1659 14962
1660 14970
1661 14977
1662 14988
1663 14998
1664 15000
1665 15008
1666 15016
1667 15024
1668 15026
1669 15034
1670 15044
1671 15053
1672 15064
1673 15072
1674 15078
1675 15086
1676 15094
1677 15110
1678 15112
1679 15120
1680 15126
1681 15141
1682 15152
1683 15164
1684 15178
1685 15186
1686 15200
1687 15210
1688 15224
1689 15236
1690 15240
1691 15249
1692 15260
1693 15274
1694 15282
1695 15292
1696 15298
1697 15314
1698 15318
1699 15326
1700 15330
1701 15335
1702 15346
1703 15356
1704 15366
1705 15378
1706 15386
1707 15404
1708 15410
1709 15418
1710 15416
1711 15425
1712 15436
1713 15446
1714 15448
1715 15462
1716 15474
1717 15480
1718 15478
1719 15488
1720 15502
1721 15509
1722 15520
1723 15530
1724 15536
1725 15538
1726 15546
1727 15552
1728 15568
1729 15578
1730 15584
1731 15587
1732 15598
1733 15614
1734 15622
1735 15628
1736 15642
1737 15648
1738 15666
1739 15680
1740 15688
1741 15697
1742 15708
1743 15712
1744 15726
1745 15734
1746 15738
1747 15750
1748 15758
1749 15756
1750 15762
1751 15767
1752 15778
1753 15790
1754 15800
1755 15802
1756 15812
1757 15826
1758 15834
1759 15844
1760 15854
1761 15861
1762 15872
1763 15880
1764 15886
1765 15902
1766 15904
1767 15914
1768 15920
1769 15934
1770 15942
1771 15947
1772 15958
1773 15968
1774 15978
1775 15990
1776 16002
1777 15998
1778 15998
1779 16000
1780 16002
1781 16011
1782 16022
1783 16026
1784 16036
1785 16044
1786 16048
1787 16052
1788 16060
1789 16070
1790 16074
1791 16077
1792 16088
1793 16096
1794 16108
1795 16118
1796 16130
1797 16140
1798 16148
1799 16156
1800 16170
1801 16183
1802 16194
1803 16206
1804 16216
1805 16230
1806 16236
1807 16240
1808 16254
1809 16264
1810 16272
1811 16283
1812 16294
1813 16304
1814 16316
1815 16318
1816 16330
1817 16336
1818 16342
1819 16350
1820 16366
1821 16375
1822 16386
1823 16400
1824 16414
1825 16428
1826 16446
1827 16452
1828 16456
1829 16468
1830 16476
1831 16491
1832 16502
1833 16510
1834 16518
1835 16534
1836 16544
1837 16550
1838 16564
1839 16572
1840 16580
1841 16583
1842 16594
1843 16602
1844 16606
1845 16622
1846 16636
1847 16644
1848 16658
1849 16664
1850 16674
1851 16681
1852 16692
1853 16706
1854 16714
1855 16724
1856 16732
1857 16746
1858 16758
1859 16766
1860 16776
1861 16789
1862 16800
1863 16812
1864 16826
1865 16836
1866 16832
1867 16842
1868 16848
1869 16854
1870 16864
1871 16877
1872 16888
1873 16896
1874 16910
1875 16918
1876 16932
1877 16938
1878 16950
1879 16960
1880 16964
1881 16981
1882 16992
1883 17002
1884 17016
1885 17028
1886 17030
1887 17042
1888 17050
1889 17064
1890 17076
1891 17079
1892 17090
1893 17098
1894 17106
1895 17120
1896 17130
1897 17138
1898 17146
1899 17150
1900 17164
1901 17171
1902 17182
1903 17184
1904 17190
1905 17196
1906 17206
1907 17212
1908 17212
1909 17226
1910 17232
1911 17243
1912 17254
1913 17262
1914 17270
1915 17280
1916 17286
1917 17300
1918 17306
1919 17316
1920 17326
1921 17331
1922 17342
1923 17352
1924 17362
1925 17368
1926 17378
1927 17392
1928 17402
1929 17408
1930 17410
1931 17423
1932 17434
1933 17444
1934 17452
1935 17464
1936 17468
1937 17484
1938 17486
1939 17494
1940 17498
1941 17505
1942 17516
1943 17526
1944 17540
1945 17548
1946 17550
1947 17560
1948 17572
1949 17578
1950 17586
1951 17589
1952 17600
1953 17610
1954 17628
1955 17636
1956 17642
1957 17646
1958 17656
1959 17658
1960 17670
1961 17683
1962 17694
1963 17700
1964 17710
1965 17724
1966 17742
1967 17752
1968 17760
1969 17778
1970 17782
1971 17785
1972 17796
1973 17804
1974 17816
1975 17828
1976 17834
1977 17842
1978 17850
1979 17850
1980 17846
1981 17859
1982 17870
1983 17874
1984 17890
1985 17902
1986 17910
1987 17918
1988 17928
1989 17942
1990 17948
1991 17963
1992 17974
1993 17984
1994 17992
1995 18004
1996 18012
1997 18022
1998 18028
1999 18038
2000 18046
2001 18055
2002 18066
2003 18078
2004 18088
2005 18094
2006 18104
2007 18110
2008 18124
2009 18132
2010 18136
2011 18147
2012 18158
2013 18172
2014 18178
2015 18196
2016 18206
2017 18218
2018 18228
2019 18230
2020 18236
2021 18241
2022 18252
2023 18260
2024 18270
2025 18276
2026 18292
2027 18302
2028 18310
2029 18318
2030 18328
2031 18327
2032 18338
2033 18350
2034 18352
2035 18362
2036 18370
2037 18380
2038 18390
2039 18406
2040 18412
2041 18415
2042 18426
2043 18442
2044 18444
2045 18452
2046 18464
2047 18474
2048 18486
2049 18492
2050 18498
2051 18509
2052 18520
2053 18530
2054 18538
2055 18546
2056 18556
2057 18566
2058 18574
2059 18580
2060 18588
2061 18593
2062 18604
2063 18614
2064 18626
2065 18638
2066 18650
2067 18656
2068 18660
2069 18674
2070 18682
2071 18697
2072 18708
2073 18718
2074 18728
2075 18736
2076 18758
2077 18758
2078 18768
2079 18784
2080 18790
2081 18799
2082 18810
2083 18814
2084 18824
2085 18832
2086 18844
2087 18854
2088 18864
2089 18872
2090 18880
2091 18891
2092 18902
2093 18916
2094 18926
2095 18932
2096 18944
2097 18954
2098 18962
2099 18972
2100 18982
