1515 151
1516 152
1519 153
1520 154
1521 155
1526 156
1527 157
1534 158
1535 159
1538 160
1541 161
1544 162
1545 163
1552 164
1553 165
1558 166
1561 167
1562 168
1571 169
1574 170
1577 171
1578 172
1581 173
1582 174
1589 175
1592 176
1593 177
1598 178
1601 179
1606 180
1607 181
1616 182
1624 183
1630 184
1635 185
1644 186
1647 187
1650 188
1653 189
1656 190
1659 191
1664 192
1673 193
1678 194
1681 195
1686 196
1687 197
1694 198
1701 199
1704 200
1707 201
1714 202
1721 203
1726 204
1729 205
1736 206
1741 207
1746 208
1751 209
1756 210
1759 211
1762 212
1777 213
1784 214
1789 215
1794 216
1799 217
1804 218
1807 219
1814 220
1817 221
1822 222
1831 223
1840 224
1845 225
1850 226
1859 227
1868 228
1873 229
1880 230
1889 231
1896 232
1899 233
1906 234
1909 235
1916 236
1921 237
1926 238
1933 239
1938 240
1945 241
1956 242
1962 243
1968 244
1975 245
1982 246
1989 247
1998 248
2007 249
2014 250
2019 251
2028 252
2039 253
2048 254
2061 255
2068 256
2079 257
2084 258
2089 259
2094 260
2109 261
2114 262
2121 263
2126 264
2139 265
2144 266
2149 267
2160 268
2165 269
2172 270
2179 271
2186 272
2191 273
2200 274
2205 275
2212 276
2217 277
2224 278
2233 279
2242 280
2247 281
2254 282
2261 283
2270 284
2275 285
2286 286
2295 287
2308 288
2319 289
2328 290
2335 291
2344 292
2353 293
2358 294
2365 295
2370 296
2379 297
2392 298
2397 299
2408 300
2415 301
2424 302
2431 303
2440 304
2449 305
2464 306
2469 307
2476 308
2487 309
2500 310
2511 311
2516 312
2521 313
2532 314
2541 315
2548 316
2555 317
2564 318
2571 319
2580 320
2595 321
2608 322
2615 323
2622 324
2633 325
2644 326
2649 327
2654 328
2663 329
2676 330
2689 331
2702 332
2711 333
2720 334
2729 335
2736 336
2743 337
2748 338
2757 339
2764 340
2777 341
2788 342
2799 343
2804 344
2815 345
2824 346
2835 347
2844 348
2851 349
2860 350
2871 351
2882 352
2891 353
2906 354
2909 355
2916 356
2923 357
2930 358
2935 359
2944 360
2947 361
2958 362
2967 363
2982 364
2986 365
3003 366
3010 367
3019 368
3036 369
3043 370
3056 371
3063 372
3070 373
3075 374
3085 375
3093 376
3106 377
3111 378
3120 379
3133 380
3142 381
3151 382
3158 383
3167 384
3178 385
3185 386
3192 387
3199 388
3208 389
3215 390
3222 391
3229 392
3238 393
3241 394
3248 395
3257 396
3264 397
3276 398
3283 399
3290 400
3294 401
3302 402
3315 403
3320 404
3329 405
3336 406
3347 407
3358 408
3365 409
3372 410
3381 411
3392 412
3397 413
3408 414
3415 415
3422 416
3425 417
3428 418
3435 419
3438 420
3445 421
3456 422
3465 423
3472 424
3481 425
3486 426
3491 427
3500 428
3512 429
3525 430
3537 431
3549 432
3554 433
3563 434
3576 435
3585 436
3594 437
3596 438
3604 439
3611 440
3618 441
3631 442
3642 443
3647 444
3652 445
3659 446
3664 447
3671 448
3674 449
3685 450
3690 451
3703 452
3708 453
3717 454
3724 455
3727 456
3734 457
3745 458
3748 459
3761 460
3768 461
3773 462
3780 463
3789 464
3802 465
3809 466
3820 467
3829 468
3834 469
3845 470
3856 471
3863 472
3870 473
3877 474
3888 475
3895 476
3900 477
3905 478
3910 479
3917 480
3924 481
3933 482
3944 483
3957 484
3962 485
3969 486
3978 487
3987 488
3996 489
4001 490
4014 491
4023 492
4030 493
4037 494
4050 495
4055 496
4064 497
4069 498
4078 499
4087 500
4094 501
4103 502
4112 503
4119 504
4140 505
4151 506
4158 507
4165 508
4170 509
4177 510
4190 511
4199 512
4206 513
4211 514
4224 515
4231 516
4240 517
4245 518
4255 519
4263 520
4271 521
4283 522
4296 523
4305 524
4312 525
4321 526
4326 527
4335 528
4342 529
4347 530
4358 531
4365 532
4384 533
4391 534
4396 535
4405 536
4412 537
4417 538
4424 539
4429 540
4434 541
4441 542
4446 543
4453 544
4464 545
4475 546
4482 547
4489 548
4498 549
4509 550
4522 551
4531 552
4539 553
4549 554
4560 555
4567 556
4576 557
4585 558
4590 559
4595 560
4602 561
4613 562
4622 563
4633 564
4640 565
4653 566
4662 567
4667 568
4672 569
4681 570
4684 571
4691 572
4700 573
4715 574
4722 575
4737 576
4742 577
4749 578
4754 579
4761 580
4772 581
4781 582
4794 583
4801 584
4808 585
4817 586
4822 587
4831 588
4838 589
4845 590
4848 591
4853 592
4866 593
4873 594
4880 595
4889 596
4896 597
4906 598
4916 599
4925 600
4940 601
4949 602
4956 603
4969 604
4974 605
4983 606
4990 607
4997 608
5007 609
5024 610
5033 611
5044 612
5051 613
5057 614
5065 615
5072 616
5085 617
5096 618
5103 619
5116 620
5123 621
5134 622
5147 623
5154 624
5159 625
5168 626
5173 627
5182 628
5191 629
5198 630
5207 631
5214 632
5221 633
5228 634
5235 635
5248 636
5257 637
5264 638
5273 639
5280 640
5285 641
5298 642
5303 643
5313 644
5323 645
5328 646
5335 647
5340 648
5345 649
5362 650
5367 651
5374 652
5383 653
5394 654
5404 655
5418 656
5429 657
5440 658
5445 659
5452 660
5461 661
5471 662
5483 663
5490 664
5497 665
5504 666
5509 667
5514 668
5525 669
5530 670
5537 671
5548 672
5555 673
5558 674
5567 675
5574 676
5583 677
5592 678
5601 679
5606 680
5617 681
5624 682
5629 683
5636 684
5641 685
5652 686
5661 687
5672 688
5679 689
5686 690
5693 691
5700 692
5707 693
5712 694
5723 695
5731 696
5745 697
5750 698
5757 699
5764 700
5773 701
5778 702
5787 703
5802 704
5809 705
5818 706
5823 707
5828 708
5837 709
5844 710
5857 711
5864 712
5869 713
5876 714
5885 715
5890 716
5899 717
5912 718
5925 719
5932 720
5939 721
5950 722
5957 723
5962 724
5977 725
5982 726
6003 727
6012 728
6019 729
6026 730
6039 731
6046 732
6055 733
6062 734
6073 735
6083 736
6093 737
6112 738
6121 739
6128 740
6133 741
6146 742
6157 743
6164 744
6171 745
6180 746
6185 747
6194 748
6207 749
6214 750
6217 751
6228 752
6239 753
6246 754
6255 755
6262 756
6267 757
6274 758
6281 759
6290 760
6303 761
6310 762
6321 763
6326 764
6337 765
6350 766
6363 767
6372 768
6379 769
6384 770
6395 771
6408 772
6415 773
6420 774
6429 775
6440 776
6445 777
6454 778
6467 779
6478 780
6483 781
6490 782
6497 783
6506 784
6511 785
6522 786
6527 787
6536 788
6543 789
6550 790
6559 791
6566 792
6577 793
6582 794
6591 795
6598 796
6605 797
6610 798
6619 799
6632 800
6641 801
6648 802
6667 803
6680 804
6685 805
6696 806
6703 807
6708 808
6717 809
6722 810
6729 811
6738 812
6749 813
6754 814
6765 815
6772 816
6781 817
6790 818
6799 819
6808 820
6819 821
6824 822
6827 823
6836 824
6847 825
6854 826
6859 827
6866 828
6873 829
6884 830
6893 831
6902 832
6913 833
6922 834
6927 835
6938 836
6947 837
6954 838
6963 839
6970 840
6983 841
6988 842
7003 843
7010 844
7017 845
7022 846
7027 847
7038 848
7045 849
7060 850
