1499 151
1508 152
1518 153
1521 154
1522 155
1523 156
1528 157
1533 158
1542 159
1547 160
1550 161
1557 162
1560 163
1561 164
1562 165
1565 166
1568 167
1571 168
1576 169
1579 170
1580 171
1590 172
1595 173
1598 174
1601 175
1604 176
1605 177
1606 178
1607 179
1610 180
1611 181
1618 182
1619 183
1622 184
1623 185
1631 186
1635 187
1638 188
1645 189
1650 190
1654 191
1657 192
1659 193
1666 194
1669 195
1674 196
1679 197
1682 198
1687 199
1696 200
1697 201
1698 202
1709 203
1713 204
1716 205
1725 206
1728 207
1729 208
1732 209
1733 210
1734 211
1735 212
1736 213
1737 214
1738 215
1739 216
1740 217
1741 218
1742 219
1743 220
1744 221
1745 222
1746 223
1747 224
1748 225
1749 226
1750 227
1751 228
1752 229
1753 230
1754 231
1755 232
1756 233
1757 234
1758 235
1759 236
1760 237
1761 238
1762 239
1763 240
1764 241
1765 242
1766 243
1767 244
1768 245
1769 246
1770 247
1771 248
1772 249
1773 250
1774 251
1775 252
1776 253
1777 254
1778 255
1779 256
1780 257
1781 258
1782 259
1783 260
1784 261
1785 262
1786 263
1787 264
1788 265
1789 266
1790 267
1791 268
1792 269
1793 270
1794 271
1795 272
1796 273
1797 274
1798 275
1799 276
1800 277
1801 278
1802 279
1803 280
1804 281
1805 282
1806 283
1807 284
1808 285
1809 286
1810 287
1811 288
1812 289
1813 290
1814 291
1815 292
1816 293
1817 294
1818 295
1819 296
1820 297
1821 298
1822 299
1823 300
1824 301
1825 302
1826 303
1827 304
1828 305
1829 306
1830 307
1831 308
1832 309
1833 310
1834 311
1835 312
1836 313
1837 314
1838 315
1839 316
1840 317
1841 318
1842 319
1843 320
1844 321
1845 322
1846 323
1847 324
1848 325
1849 326
1850 327
1851 328
1852 329
1853 330
1854 331
1855 332
1856 333
1857 334
1858 335
1859 336
1860 337
1861 338
1862 339
1863 340
1864 341
1865 342
1866 343
1867 344
1868 345
1869 346
1870 347
1871 348
1872 349
1873 350
1874 351
1875 352
1876 353
1877 354
1878 355
1879 356
1880 357
1881 358
1882 359
1883 360
1884 361
1885 362
1886 363
1887 364
1888 365
1889 366
1890 367
1891 368
1892 369
1893 370
1894 371
1895 372
1896 373
1897 374
1898 375
1899 376
1900 377
1901 378
1902 379
1903 380
1904 381
1905 382
1906 383
1907 384
1908 385
1909 386
1910 387
1911 388
1912 389
1913 390
1914 391
1915 392
1916 393
1917 394
1918 395
1919 396
1920 397
1921 398
1922 399
1923 400
1924 401
1925 402
1926 403
1927 404
1928 405
1929 406
1930 407
1931 408
1932 409
1933 410
1934 411
1935 412
1936 413
1937 414
1938 415
1939 416
1940 417
1941 418
1942 419
1943 420
1944 421
1945 422
1946 423
1947 424
1948 425
1949 426
1950 427
1951 428
1952 429
1953 430
1954 431
1955 432
1956 433
1957 434
1958 435
1959 436
1960 437
1961 438
1962 439
1963 440
1964 441
1965 442
1966 443
1967 444
1968 445
1969 446
1970 447
1971 448
1972 449
1973 450
1974 451
1975 452
1976 453
1977 454
1978 455
1979 456
1980 457
1981 458
1982 459
1983 460
1984 461
1985 462
1986 463
1987 464
1988 465
1989 466
1990 467
1991 468
1992 469
1993 470
1994 471
1995 472
1996 473
1997 474
1998 475
1999 476
2000 477
2001 478
2002 479
2003 480
2004 481
2005 482
2006 483
2007 484
2008 485
2009 486
2010 487
2011 488
2012 489
2013 490
2014 491
2015 492
2016 493
2017 494
2018 495
2019 496
2020 497
2021 498
2022 499
2023 500
2024 501
2025 502
2026 503
2027 504
2028 505
2029 506
2030 507
2031 508
2032 509
2033 510
2034 511
2035 512
2036 513
2037 514
2038 515
2039 516
2040 517
2041 518
2042 519
2043 520
2044 521
2045 522
2046 523
2047 524
2048 525
2049 526
2050 527
2051 528
2052 529
2053 530
2054 531
2055 532
2056 533
2057 534
2058 535
2059 536
2060 537
2061 538
2062 539
2063 540
2064 541
2065 542
2066 543
2067 544
2068 545
2069 546
2070 547
2071 548
2072 549
2073 550
2074 551
2075 552
2076 553
2077 554
2078 555
2079 556
2080 557
2081 558
2082 559
2083 560
2084 561
2085 562
2086 563
2087 564
2088 565
2089 566
2090 567
2091 568
2092 569
2093 570
2094 571
2095 572
2096 573
2097 574
2098 575
2099 576
2100 577
2101 578
2102 579
2103 580
2104 581
2105 582
2106 583
2107 584
2108 585
2109 586
2110 587
2111 588
2112 589
2113 590
2114 591
2115 592
2116 593
2117 594
2118 595
2119 596
2120 597
2121 598
2122 599
2123 600
2124 601
2125 602
2126 603
2127 604
2128 605
2129 606
2130 607
2131 608
2132 609
2133 610
2134 611
2135 612
2136 613
2137 614
2138 615
2139 616
2140 617
2141 618
2142 619
2143 620
2144 621
2145 622
2146 623
2147 624
2148 625
2149 626
2150 627
2151 628
2152 629
2153 630
2154 631
2155 632
2156 633
2157 634
2158 635
2159 636
2160 637
2161 638
2162 639
2163 640
2164 641
2165 642
2166 643
2167 644
2168 645
2169 646
2170 647
2171 648
2172 649
2173 650
2174 651
2175 652
2176 653
2177 654
2178 655
2179 656
2180 657
2181 658
2182 659
2183 660
2184 661
2185 662
2186 663
2187 664
2188 665
2189 666
2190 667
2191 668
2192 669
2193 670
2194 671
2195 672
2196 673
2197 674
2198 675
2199 676
2200 677
2201 678
2202 679
2203 680
2204 681
2205 682
2206 683
2207 684
2208 685
2209 686
2210 687
2211 688
2212 689
2213 690
2214 691
2215 692
2216 693
2217 694
2218 695
2219 696
2220 697
2221 698
2222 699
2223 700
2224 701
2225 702
2226 703
2227 704
2228 705
2229 706
2230 707
2231 708
2232 709
2233 710
2234 711
2235 712
2236 713
2237 714
2238 715
2239 716
2240 717
2241 718
2242 719
2243 720
2244 721
2245 722
2246 723
2247 724
2248 725
2249 726
2250 727
2251 728
2252 729
2253 730
2254 731
2255 732
2256 733
2257 734
2258 735
2259 736
2260 737
2261 738
2262 739
2263 740
2264 741
2265 742
2266 743
2267 744
2268 745
2269 746
2270 747
2271 748
2272 749
2273 750
2274 751
2275 752
2276 753
2277 754
2278 755
2279 756
2280 757
2281 758
2282 759
2283 760
2284 761
2285 762
2286 763
2287 764
2288 765
2289 766
2290 767
2291 768
2292 769
2293 770
2294 771
2295 772
2296 773
2297 774
2298 775
2299 776
2300 777
2301 778
2302 779
2303 780
2304 781
2305 782
2306 783
2307 784
2308 785
2309 786
2310 787
2311 788
2312 789
2313 790
2314 791
2315 792
2316 793
2317 794
2318 795
2319 796
2320 797
2321 798
2322 799
2323 800
2324 801
2325 802
2326 803
2327 804
2328 805
2329 806
2330 807
2331 808
2332 809
2333 810
2334 811
2335 812
2336 813
2337 814
2338 815
2339 816
2340 817
2341 818
2342 819
2343 820
2344 821
2345 822
2346 823
2347 824
2348 825
2349 826
2350 827
2351 828
2352 829
2353 830
2354 831
2355 832
2356 833
2357 834
2358 835
2359 836
2360 837
2361 838
2362 839
2363 840
2364 841
2365 842
2366 843
2367 844
2368 845
2369 846
2370 847
2371 848
2372 849
2373 850
