1515 151
1523 152
1526 153
1527 154
1537 155
1542 156
1545 157
1551 158
1554 159
1556 160
1566 161
1569 162
1572 163
1575 164
1580 165
1583 166
1590 167
1595 168
1600 169
1609 170
1612 171
1615 172
1624 173
1627 174
1630 175
1635 176
1638 177
1643 178
1648 179
1653 180
1656 181
1659 182
1666 183
1671 184
1676 185
1681 186
1688 187
1693 188
1696 189
1701 190
1708 191
1715 192
1720 193
1725 194
1730 195
1735 196
1740 197
1745 198
1750 199
1755 200
1760 201
1767 202
1772 203
1777 204
1784 205
1793 206
1798 207
1803 208
1810 209
1817 210
1822 211
1827 212
1832 213
1837 214
1844 215
1851 216
1860 217
1869 218
1876 219
1881 220
1888 221
1895 222
1904 223
1913 224
1920 225
1931 226
1940 227
1946 228
1953 229
1964 230
1971 231
1978 232
1984 233
1995 234
2002 235
2009 236
2018 237
2029 238
2036 239
2051 240
2058 241
2065 242
2078 243
2085 244
2094 245
2101 246
2108 247
2117 248
2126 249
2134 250
2144 251
2153 252
2164 253
2173 254
2181 255
2194 256
2207 257
2215 258
2222 259
2235 260
2244 261
2253 262
2260 263
2269 264
2279 265
2290 266
2300 267
2307 268
2314 269
2321 270
2328 271
2341 272
2350 273
2357 274
2370 275
2379 276
2395 277
2404 278
2413 279
2422 280
2435 281
2448 282
2457 283
2466 284
2473 285
2486 286
2497 287
2504 288
2515 289
2524 290
2539 291
2548 292
2559 293
2570 294
2581 295
2594 296
2603 297
2614 298
2623 299
2632 300
2645 301
2654 302
2663 303
2672 304
2679 305
2686 306
2693 307
2702 308
2719 309
2728 310
2735 311
2747 312
2757 313
2764 314
2771 315
2778 316
2789 317
2795 318
2804 319
2815 320
2822 321
2827 322
2832 323
2839 324
2846 325
2853 326
2862 327
2871 328
2880 329
2895 330
2902 331
2909 332
2916 333
2923 334
2932 335
2941 336
2948 337
2967 338
2976 339
2983 340
2990 341
2999 342
3008 343
3015 344
3022 345
3029 346
3036 347
3043 348
3050 349
3059 350
3068 351
3075 352
3084 353
3091 354
3098 355
3105 356
3112 357
3117 358
3126 359
3131 360
3138 361
3147 362
3156 363
3163 364
3172 365
3179 366
3184 367
3189 368
3196 369
3203 370
3212 371
3219 372
3226 373
3239 374
3246 375
3253 376
3260 377
3267 378
3276 379
3281 380
3290 381
3297 382
3304 383
3317 384
3324 385
3331 386
3340 387
3353 388
3362 389
3370 390
3381 391
3390 392
3401 393
3412 394
3419 395
3426 396
3437 397
3448 398
3455 399
3462 400
3471 401
3480 402
3489 403
3498 404
3506 405
3515 406
3527 407
3534 408
3543 409
3552 410
3561 411
3570 412
3577 413
3584 414
3593 415
3602 416
3609 417
3616 418
3623 419
3630 420
3639 421
3646 422
3657 423
3668 424
3675 425
3682 426
3689 427
3696 428
3706 429
3713 430
3720 431
3727 432
3736 433
3745 434
3756 435
3763 436
3770 437
3777 438
3785 439
3794 440
3809 441
3818 442
3827 443
3836 444
3847 445
3854 446
3861 447
3868 448
3879 449
3886 450
3895 451
3904 452
3917 453
3924 454
3933 455
3940 456
3953 457
3962 458
3973 459
3984 460
3999 461
4006 462
4015 463
4026 464
4033 465
4040 466
4049 467
4058 468
4065 469
4076 470
4085 471
4094 472
4107 473
4114 474
4121 475
4128 476
4135 477
4146 478
4153 479
4160 480
4169 481
4177 482
4182 483
4189 484
4198 485
4203 486
4214 487
4225 488
4230 489
4235 490
4244 491
4251 492
4258 493
4265 494
4272 495
4281 496
4290 497
4297 498
4304 499
4311 500
4318 501
4325 502
4340 503
4349 504
4356 505
4363 506
4378 507
4387 508
4394 509
4405 510
4414 511
4421 512
4432 513
4439 514
4446 515
4453 516
4464 517
4473 518
4480 519
4489 520
4496 521
4503 522
4514 523
4523 524
4530 525
4537 526
4546 527
4551 528
4562 529
4567 530
4580 531
4588 532
4595 533
4602 534
4609 535
4618 536
4625 537
4634 538
4641 539
4650 540
4659 541
4668 542
4675 543
4682 544
4691 545
4702 546
4709 547
4716 548
4721 549
4728 550
4739 551
4746 552
4753 553
4762 554
4769 555
4776 556
4785 557
4800 558
4813 559
4822 560
4831 561
4838 562
4849 563
4860 564
4869 565
4878 566
4885 567
4892 568
4899 569
4906 570
4913 571
4922 572
4927 573
4934 574
4939 575
4950 576
4957 577
4968 578
4977 579
4987 580
4995 581
5005 582
5016 583
5023 584
5030 585
5041 586
5048 587
5056 588
5066 589
5073 590
5082 591
5087 592
5098 593
5107 594
5118 595
5125 596
5132 597
5143 598
5150 599
5157 600
5164 601
5175 602
5184 603
5197 604
5204 605
5213 606
5222 607
5231 608
5238 609
5247 610
5254 611
5261 612
5274 613
5281 614
5290 615
5297 616
5304 617
5313 618
5320 619
5339 620
5346 621
5355 622
5364 623
5373 624
5386 625
5393 626
5400 627
5407 628
5420 629
5429 630
5436 631
5443 632
5452 633
5463 634
5476 635
5485 636
5496 637
5505 638
5514 639
5523 640
5532 641
5539 642
5546 643
5553 644
5568 645
5577 646
5584 647
5595 648
5602 649
5608 650
