51 529
52 538
53 549
54 557
55 567
56 581
57 591
58 601
59 610
60 621
61 613
62 622
63 649
64 643
65 671
66 679
67 691
68 699
69 709
70 702
71 727
72 736
73 749
74 759
75 762
76 779
77 789
78 783
79 795
80 803
81 829
82 839
83 850
84 861
85 869
86 879
87 883
88 895
89 911
90 917
91 929
92 938
93 947
94 955
95 963
96 975
97 987
98 997
99 1009
100 1019
101 1031
102 1040
103 1049
104 1055
105 1049
106 1067
107 1077
108 1085
109 1095
110 1103
111 1119
112 1128
113 1141
114 1145
115 1155
116 1161
117 1175
118 1185
119 1195
120 1199
121 1216
122 1226
123 1241
124 1251
125 1261
126 1263
127 1277
128 1295
129 1309
130 1321
131 1313
132 1322
133 1333
134 1361
135 1353
136 1377
137 1389
138 1399
139 1411
140 1408
141 1413
142 1422
143 1449
144 1459
145 1471
146 1481
147 1491
148 1501
149 1493
150 1519
151 1527
152 1536
153 1549
154 1561
155 1559
156 1581
157 1589
158 1583
159 1591
160 1619
161 1629
162 1638
163 1649
164 1653
165 1669
166 1679
167 1689
168 1701
169 1709
170 1719
171 1727
172 1736
173 1745
174 1761
175 1771
176 1775
177 1791
178 1799
179 1809
180 1821
181 1813
182 1822
183 1851
184 1859
185 1861
186 1879
187 1891
188 1899
189 1901
190 1921
191 1927
192 1936
193 1949
194 1959
195 1963
196 1979
197 1991
198 2001
199 2009
200 2019
201 2027
202 2036
203 2051
204 2059
205 2059
206 2079
207 2089
208 2099
209 2099
210 2117
211 2129
212 2138
213 2147
214 2159
215 2169
216 2181
217 2187
218 2197
219 2209
220 2219
221 2231
222 2240
223 2251
224 2259
225 2265
226 2281
227 2285
228 2299
229 2305
230 2303
231 2319
232 2328
233 2333
234 2351
235 2365
236 2379
237 2391
238 2401
239 2406
240 2419
241 2429
242 2438
243 2449
244 2459
245 2463
246 2479
247 2491
248 2499
249 2507
250 2521
251 2531
252 2540
253 2533
254 2559
255 2571
256 2579
257 2589
258 2599
259 2611
260 2613
261 2625
262 2634
263 2649
264 2661
265 2671
266 2669
267 2691
268 2701
269 2703
270 2711
271 2713
272 2722
273 2735
274 2749
275 2767
276 2777
277 2789
278 2799
279 2811
280 2819
281 2831
282 2840
283 2849
284 2857
285 2869
286 2879
287 2887
288 2897
289 2911
290 2919
291 2931
292 2940
293 2929
294 2959
295 2967
296 2979
297 2985
298 2999
299 3009
300 3019
301 3029
302 3038
303 3049
304 3059
305 3067
306 3079
307 3089
308 3097
309 3109
310 3101
311 3129
312 3138
313 3147
314 3161
315 3171
316 3179
317 3189
318 3193
319 3209
320 3217
321 3227
322 3236
323 3247
324 3259
325 3247
326 3281
327 3287
328 3299
329 3305
330 3317
331 3329
332 3338
333 3349
334 3359
335 3367
336 3379
337 3387
338 3391
339 3405
340 3413
341 3419
342 3428
343 3443
344 3453
345 3453
346 3461
347 3487
348 3497
349 3505
350 3519
351 3531
352 3540
353 3549
354 3551
355 3563
356 3581
357 3589
358 3601
359 3611
360 3615
361 3631
362 3640
363 3649
364 3659
365 3655
366 3679
367 3691
368 3697
369 3709
370 3717
371 3729
372 3738
373 3749
374 3749
375 3757
376 3765
377 3789
378 3795
379 3809
380 3819
381 3831
382 3840
383 3849
384 3855
385 3869
386 3879
387 3887
388 3901
389 3909
390 3913
391 3931
392 3940
393 3935
394 3957
395 3969
396 3975
397 3987
398 3995
399 4009
400 4021
401 4022
402 4032
403 4051
404 4059
405 4069
406 4081
407 4089
408 4101
409 4109
410 4119
411 4129
412 4138
413 4143
414 4157
415 4167
416 4181
417 4189
418 4201
419 4209
420 4201
421 4217
422 4226
423 4249
424 4261
425 4269
426 4265
427 4289
428 4297
429 4311
430 4321
431 4331
432 4340
433 4349
434 4357
435 4367
436 4375
437 4389
438 4397
439 4409
440 4409
441 4427
442 4436
443 4445
444 4461
445 4471
446 4481
447 4489
448 4499
449 4505
450 4511
451 4521
452 4530
453 4541
454 4549
455 4567
456 4575
457 4587
458 4599
459 4611
460 4601
461 4613
462 4622
463 4651
464 4661
465 4669
466 4679
467 4691
468 4699
469 4711
470 4717
471 4731
472 4740
473 4751
474 4761
475 4767
476 4779
477 4787
478 4795
479 4803
480 4799
481 4817
482 4826
483 4825
484 4851
485 4863
486 4877
487 4885
488 4897
489 4907
490 4921
491 4913
492 4922
493 4951
494 4961
495 4971
496 4979
497 4991
498 4997
499 5011
500 5017
501 5029
502 5038
503 5051
504 5061
505 5067
506 5077
507 5087
508 5097
509 5107
510 5121
511 5131
512 5140
513 5149
514 5159
515 5169
516 5181
517 5191
518 5193
519 5209
520 5207
521 5231
522 5240
523 5249
524 5257
525 5267
526 5278
527 5273
528 5299
529 5311
530 5319
531 5331
532 5340
533 5347
534 5359
535 5371
536 5381
537 5383
538 5401
539 5411
540 5421
541 5413
542 5422
543 5451
544 5459
545 5467
546 5477
547 5491
548 5501
549 5511
550 5519
551 5531
552 5540
553 5551
554 5561
555 5551
556 5579
557 5587
558 5593
559 5609
560 5617
561 5625
562 5634
563 5645
564 5657
565 5663
566 5677
567 5689
568 5699
569 5709
570 5719
571 5713
572 5722
573 5749
574 5761
575 5767
576 5777
577 5785
578 5797
579 5807
580 5819
581 5831
582 5840
583 5849
584 5861
585 5869
586 5879
587 5889
588 5897
589 5909
590 5917
591 5927
592 5936
593 5949
594 5957
595 5971
596 5981
597 5987
598 5999
599 6009
600 6021
601 6031
602 6040
603 6049
604 6059
605 6071
606 6079
607 6089
608 6099
609 6109
610 6119
611 6127
612 6136
613 6147
614 6153
615 6157
616 6175
617 6189
618 6201
619 6209
620 6219
621 6231
622 6240
623 6249
624 6259
625 6263
626 6279
627 6281
628 6297
629 6289
630 6319
631 6319
632 6328
633 6349
634 6357
635 6365
636 6377
637 6389
638 6401
639 6407
640 6419
641 6427
642 6436
643 6447
644 6461
645 6467
646 6481
647 6491
648 6499
649 6509
650 6521
651 6529
652 6538
653 6549
654 6561
655 6569
656 6581
657 6591
658 6597
659 6611
660 6621
661 6631
662 6640
663 6651
664 6659
665 6667
666 6679
667 6679
668 6693
669 6703
670 6713
671 6719
672 6728
673 6743
674 6753
675 6765
676 6777
677 6785
678 6797
679 6811
680 6819
681 6831
682 6840
683 6849
684 6861
685 6867
686 6879
687 6869
688 6899
689 6909
690 6921
691 6931
692 6940
693 6951
694 6959
695 6971
696 6981
697 6989
698 7001
699 7009
700 7019
701 7013
702 7022
703 7049
704 7055
705 7069
706 7077
707 7091
708 7101
709 7105
710 7105
711 7125
712 7134
713 7145
714 7161
715 7171
716 7175
717 7191
718 7199
719 7211
720 7221
721 7231
722 7240
723 7251
724 7259
725 7271
726 7281
727 7291
728 7293
729 7309
730 7319
731 7329
732 7338
733 7345
734 7359
735 7367
736 7377
737 7385
738 7399
739 7409
740 7415
741 7429
742 7438
743 7447
744 7459
745 7469
746 7473
747 7489
748 7479
749 7509
750 7519
751 7531
752 7540
753 7549
754 7557
755 7569
756 7577
757 7589
758 7597
759 7609
760 7619
761 7629
762 7638
763 7649
764 7659
765 7671
766 7677
767 7689
768 7697
769 7705
770 7721
771 7731
772 7740
773 7751
774 7761
775 7769
776 7781
777 7787
778 7799
779 7805
780 7809
781 7821
782 7830
783 7843
784 7853
785 7867
786 7877
787 7887
788 7897
789 7907
790 7917
791 7929
792 7938
793 7947
794 7961
795 7969
796 7979
797 7989
798 7999
799 8009
800 8015
801 8025
802 8034
803 8051
804 8061
805 8071
806 8059
807 8085
808 8097
809 8109
810 8121
811 8113
812 8122
813 8149
814 8157
815 8171
816 8177
817 8191
818 8197
819 8209
820 8217
821 8213
822 8222
823 8235
824 8259
825 8265
826 8279
827 8285
828 8297
829 8311
830 8319
831 8327
832 8336
833 8351
834 8359
835 8369
836 8379
837 8389
838 8399
839 8407
840 8417
841 8431
842 8440
843 8449
844 8459
845 8465
846 8479
847 8483
848 8495
849 8507
850 8517
851 8523
852 8532
853 8541
854 8557
855 8565
856 8577
857 8587
858 8597
859 8605
860 8619
861 8627
862 8636
863 8649
864 8653
865 8663
866 8679
867 8687
868 8699
869 8707
870 8717
871 8729
872 8738
873 8749
874 8759
875 8760
876 8781
877 8787
878 8793
879 8807
880 8817
881 8819
882 8828
883 8849
884 8857
885 8869
886 8881
887 8889
888 8899
889 8909
890 8915
891 8926
892 8936
893 8951
894 8959
895 8969
896 8979
897 8989
898 8997
899 9011
900 9021
901 9029
902 9038
903 9051
904 9061
905 9069
906 9077
907 9091
908 9099
909 9109
910 9121
911 9127
912 9136
913 9149
914 9159
915 9167
916 9177
917 9183
918 9199
919 9211
920 9203
921 9231
922 9240
923 9233
924 9259
925 9271
926 9277
927 9287
928 9299
929 9307
930 9317
931 9331
932 9340
933 9351
934 9357
935 9371
936 9379
937 9389
938 9397
939 9393
940 9417
941 9413
942 9422
943 9449
944 9459
945 9469
946 9481
947 9489
948 9499
949 9511
950 9519
951 9531
952 9540
953 9551
954 9559
955 9569
956 9581
957 9587
958 9597
959 9609
960 9617
961 9629
962 9638
963 9647
964 9657
965 9669
966 9681
967 9687
968 9697
969 9695
970 9719
971 9713
972 9722
973 9749
974 9759
975 9769
976 9779
977 9791
978 9799
979 9809
980 9821
981 9831
982 9840
983 9849
984 9861
985 9871
986 9881
987 9863
988 9875
989 9911
990 9919
991 9919
992 9928
993 9949
994 9959
995 9969
996 9975
997 9983
998 9999
999 10007
1000 10015
1001 10027
1002 10036
1003 10047
1004 10051
1005 10055
1006 10077
1007 10091
1008 10093
1009 10095
1010 10117
1011 10113
1012 10122
1013 10149
1014 10159
1015 10167
1016 10177
1017 10189
1018 10201
1019 10209
1020 10221
1021 10213
1022 10222
1023 10251
1024 10257
1025 10269
1026 10279
1027 10287
1028 10299
1029 10309
1030 10319
1031 10331
1032 10340
1033 10351
1034 10359
1035 10369
1036 10379
1037 10387
1038 10399
1039 10407
1040 10407
1041 10431
1042 10440
1043 10449
1044 10457
1045 10471
1046 10479
1047 10489
1048 10499
1049 10509
