19997 2000
19960 1999
19923 1998
19901 1997
19899 1996
19867 1995
19826 1994
19806 1993
19801 1992
19780 1991
19726 1990
19745 1989
19704 1988
19680 1987
19661 1986
19610 1985
19600 1984
19579 1983
19565 1982
19553 1981
19512 1980
19493 1979
19472 1978
19455 1977
19444 1976
19405 1975
19375 1974
19363 1973
19346 1972
19324 1971
19328 1970
19297 1969
19275 1968
19255 1967
19238 1966
19216 1965
19190 1964
19158 1963
19155 1962
19123 1961
19107 1960
19094 1959
19073 1958
19058 1957
19054 1956
19026 1955
18997 1954
18977 1953
18940 1952
18922 1951
18907 1950
18904 1949
18867 1948
18847 1947
18837 1946
18824 1945
18801 1944
18770 1943
18754 1942
18741 1941
18715 1940
18717 1939
18684 1938
18652 1937
18625 1936
18613 1935
18602 1934
18576 1933
18568 1932
18550 1931
18541 1930
18509 1929
18504 1928
18484 1927
18467 1926
18445 1925
18415 1924
18397 1923
18378 1922
18362 1921
18346 1920
18342 1919
18313 1918
18302 1917
18272 1916
18243 1915
18221 1914
18221 1913
18190 1912
18166 1911
18139 1910
18121 1909
18121 1908
18104 1907
18082 1906
18059 1905
18033 1904
18043 1903
18006 1902
17978 1901
17965 1900
17955 1899
17933 1898
17928 1897
17902 1896
17884 1895
17865 1894
17855 1893
17824 1892
17792 1891
17773 1890
17758 1889
17741 1888
17726 1887
17717 1886
17696 1885
17693 1884
17669 1883
17671 1882
17648 1881
17649 1880
17622 1879
17598 1878
17584 1877
17568 1876
17538 1875
17521 1874
17510 1873
17491 1872
17480 1871
17471 1870
17460 1869
17420 1868
17394 1867
17381 1866
17376 1865
17353 1864
17325 1863
17304 1862
17289 1861
17273 1860
17266 1859
17237 1858
17231 1857
17198 1856
17170 1855
17159 1854
17129 1853
17112 1852
17097 1851
17087 1850
17060 1849
17055 1848
17034 1847
17022 1846
16992 1845
16968 1844
16952 1843
16946 1842
16900 1841
16890 1840
16869 1839
16851 1838
16852 1837
16811 1836
16796 1835
16775 1834
16767 1833
16740 1832
16740 1831
16712 1830
16696 1829
16690 1828
16658 1827
16649 1826
16634 1825
16623 1824
16593 1823
16564 1822
16550 1821
16531 1820
16514 1819
16505 1818
16486 1817
16465 1816
16447 1815
16448 1814
16417 1813
16381 1812
16377 1811
16353 1810
16342 1809
16327 1808
16320 1807
16288 1806
16273 1805
16242 1804
16226 1803
16215 1802
16198 1801
16163 1800
16160 1799
16143 1798
16127 1797
16117 1796
16085 1795
16072 1794
16063 1793
16040 1792
16038 1791
16017 1790
16000 1789
15979 1788
15957 1787
15954 1786
15941 1785
15889 1784
15861 1783
15847 1782
15837 1781
15843 1780
15814 1779
15804 1778
15790 1777
15776 1776
15757 1775
15740 1774
15727 1773
15709 1772
15699 1771
15683 1770
15686 1769
15648 1768
15638 1767
15614 1766
15590 1765
15580 1764
15569 1763
15553 1762
15544 1761
15525 1760
15512 1759
15495 1758
15490 1757
15487 1756
15459 1755
15434 1754
15423 1753
15409 1752
15404 1751
15395 1750
15374 1749
15367 1748
15348 1747
15331 1746
15309 1745
15291 1744
15289 1743
15273 1742
15250 1741
15257 1740
15248 1739
15239 1738
15218 1737
15192 1736
15178 1735
15181 1734
15155 1733
15145 1732
15133 1731
15114 1730
15098 1729
15089 1728
15080 1727
15081 1726
15051 1725
15031 1724
15020 1723
14993 1722
14981 1721
14962 1720
14957 1719
14955 1718
14946 1717
14937 1716
14924 1715
14915 1714
14895 1713
14876 1712
14857 1711
14840 1710
14842 1709
14823 1708
14806 1707
14789 1706
14774 1705
14766 1704
14737 1703
14722 1702
14720 1701
14723 1700
14700 1699
14675 1698
14678 1697
14661 1696
14653 1695
14618 1694
14605 1693
14601 1692
14584 1691
14569 1690
14548 1689
14536 1688
14525 1687
14491 1686
14476 1685
14471 1684
14443 1683
14431 1682
14411 1681
14403 1680
14395 1679
14369 1678
14367 1677
14339 1676
14340 1675
14310 1674
14299 1673
14287 1672
14285 1671
14247 1670
14248 1669
14220 1668
14218 1667
14191 1666
14192 1665
14165 1664
14175 1663
14144 1662
14113 1661
14110 1660
14103 1659
14093 1658
14074 1657
14065 1656
14048 1655
14028 1654
14036 1653
14023 1652
14013 1651
13987 1650
13961 1649
13952 1648
13950 1647
13935 1646
13934 1645
13893 1644
13892 1643
13860 1642
13853 1641
13824 1640
13813 1639
13805 1638
13786 1637
13767 1636
13768 1635
13765 1634
13746 1633
13745 1632
13715 1631
13703 1630
13695 1629
13681 1628
13660 1627
13647 1626
13612 1625
13590 1624
13572 1623
13578 1622
13548 1621
13525 1620
13525 1619
13500 1618
13492 1617
13473 1616
13465 1615
13467 1614
13437 1613
13418 1612
13403 1611
13387 1610
13388 1609
13368 1608
13338 1607
13345 1606
13327 1605
13317 1604
13303 1603
13293 1602
13279 1601
13242 1600
13238 1599
13221 1598
13206 1597
13200 1596
13184 1595
13175 1594
13156 1593
13137 1592
13125 1591
13121 1590
13109 1589
13076 1588
13065 1587
13053 1586
13044 1585
13019 1584
13004 1583
12994 1582
12988 1581
12973 1580
12953 1579
12930 1578
12916 1577
12902 1576
12891 1575
12878 1574
12865 1573
12847 1572
12842 1571
12827 1570
12809 1569
12786 1568
12775 1567
12758 1566
12745 1565
12738 1564
12728 1563
12713 1562
12698 1561
12686 1560
12664 1559
12635 1558
12636 1557
12624 1556
12611 1555
12593 1554
12579 1553
12566 1552
12553 1551
12529 1550
12534 1549
12515 1548
12508 1547
12478 1546
12465 1545
12465 1544
12451 1543
12427 1542
12404 1541
12400 1540
12375 1539
12344 1538
12332 1537
12325 1536
12318 1535
12295 1534
12288 1533
12272 1532
12270 1531
12244 1530
12226 1529
12197 1528
12185 1527
12166 1526
12175 1525
12163 1524
12120 1523
12114 1522
12118 1521
12088 1520
12070 1519
12079 1518
12045 1517
12042 1516
12027 1515
12015 1514
11994 1513
11988 1512
11947 1511
11950 1510
11925 1509
11937 1508
11903 1507
11869 1506
11873 1505
11842 1504
11847 1503
11828 1502
11826 1501
11781 1500
11781 1499
11786 1498
11770 1497
11742 1496
11700 1495
11688 1494
11697 1493
11705 1492
11657 1491
11649 1490
11624 1489
11629 1488
11578 1487
11573 1486
11538 1485
11525 1484
11508 1483
11517 1482
11500 1481
11472 1480
11464 1479
11455 1478
11438 1477
11420 1476
11414 1475
11394 1474
11404 1473
11377 1472
11374 1471
11351 1470
11331 1469
11322 1468
11310 1467
11292 1466
11274 1465
11262 1464
11251 1463
11238 1462
11208 1461
11193 1460
11193 1459
11175 1458
11152 1457
11136 1456
11132 1455
11130 1454
11137 1453
11122 1452
11106 1451
11104 1450
11076 1449
11054 1448
11050 1447
11052 1446
11033 1445
11013 1444
11001 1443
10999 1442
10966 1441
10964 1440
10936 1439
10914 1438
10912 1437
10891 1436
10882 1435
10875 1434
10857 1433
10873 1432
10839 1431
10836 1430
10800 1429
10800 1428
10769 1427
10753 1426
10746 1425
10719 1424
10715 1423
10715 1422
10704 1421
10676 1420
10667 1419
10661 1418
10641 1417
10641 1416
10612 1415
10599 1414
10600 1413
10583 1412
10556 1411
10543 1410
10532 1409
10528 1408
10516 1407
10514 1406
10514 1405
10471 1404
10466 1403
10444 1402
10439 1401
10428 1400
10421 1399
10412 1398
10418 1397
10396 1396
10373 1395
10359 1394
10335 1393
10323 1392
10311 1391
10308 1390
10294 1389
10298 1388
10277 1387
10266 1386
10245 1385
10227 1384
10216 1383
10217 1382
10192 1381
10187 1380
10171 1379
10159 1378
10140 1377
10144 1376
10120 1375
10104 1374
10091 1373
10072 1372
10060 1371
10058 1370
10040 1369
10022 1368
10011 1367
9993 1366
9987 1365
9972 1364
9966 1363
9937 1362
9934 1361
9924 1360
9902 1359
9889 1358
9886 1357
9853 1356
9848 1355
9830 1354
9825 1353
9824 1352
9820 1351
9789 1350
9779 1349
9760 1348
9740 1347
9729 1346
9718 1345
9711 1344
9692 1343
9682 1342
9674 1341
9680 1340
9656 1339
9647 1338
9627 1337
9611 1336
9583 1335
9597 1334
9570 1333
9562 1332
9560 1331
9534 1330
9532 1329
9503 1328
9491 1327
9492 1326
9488 1325
9479 1324
9462 1323
9457 1322
9449 1321
9439 1320
9435 1319
9431 1318
9421 1317
9416 1316
9403 1315
9384 1314
9397 1313
9385 1312
9357 1311
9342 1310
9342 1309
9339 1308
9339 1307
9330 1306
9298 1305
9299 1304
9272 1303
9277 1302
9263 1301
9248 1300
9243 1299
9232 1298
9231 1297
9219 1296
9217 1295
9202 1294
9181 1293
9173 1292
9161 1291
9149 1290
9144 1289
9140 1288
9130 1287
9105 1286
9099 1285
9097 1284
9084 1283
9075 1282
9062 1281
9061 1280
9040 1279
9026 1278
9019 1277
9010 1276
9003 1275
8981 1274
8972 1273
8978 1272
8953 1271
8947 1270
8926 1269
8929 1268
8906 1267
8883 1266
8876 1265
8873 1264
8866 1263
8851 1262
8847 1261
8835 1260
8830 1259
8828 1258
8810 1257
8807 1256
8781 1255
8772 1254
8763 1253
8762 1252
8742 1251
8739 1250
8734 1249
8715 1248
8710 1247
8699 1246
8697 1245
8683 1244
8670 1243
8662 1242
8670 1241
8627 1240
8613 1239
8605 1238
8598 1237
8558 1236
8556 1235
8545 1234
8551 1233
8526 1232
8533 1231
8530 1230
8510 1229
8491 1228
8467 1227
8460 1226
8464 1225
8448 1224
8427 1223
8409 1222
8401 1221
8411 1220
8394 1219
8368 1218
8365 1217
8357 1216
8361 1215
8349 1214
8354 1213
8326 1212
8328 1211
8300 1210
8291 1209
8280 1208
8279 1207
8267 1206
8244 1205
8256 1204
8237 1203
8211 1202
8212 1201
8197 1200
8175 1199
8171 1198
8146 1197
8166 1196
8140 1195
8120 1194
8117 1193
8116 1192
8100 1191
8074 1190
8083 1189
8072 1188
8067 1187
8067 1186
8041 1185
8034 1184
8028 1183
8010 1182
7994 1181
7984 1180
7986 1179
7973 1178
7948 1177
7926 1176
7920 1175
7903 1174
7910 1173
7871 1172
7894 1171
7873 1170
7852 1169
7839 1168
7824 1167
7829 1166
7805 1165
7806 1164
7790 1163
7777 1162
7771 1161
7763 1160
7763 1159
7760 1158
7749 1157
7743 1156
7724 1155
7702 1154
7702 1153
7692 1152
7693 1151
7672 1150
7667 1149
7655 1148
7637 1147
7629 1146
7621 1145
7611 1144
7593 1143
7584 1142
7582 1141
7557 1140
7557 1139
7563 1138
7546 1137
7531 1136
7525 1135
7519 1134
7506 1133
7503 1132
7476 1131
7493 1130
7466 1129
7460 1128
7459 1127
7443 1126
7449 1125
7426 1124
7426 1123
7428 1122
7416 1121
7394 1120
7389 1119
7380 1118
7381 1117
7365 1116
7353 1115
7340 1114
7338 1113
7305 1112
7294 1111
7302 1110
7286 1109
7282 1108
7276 1107
7265 1106
7277 1105
7251 1104
7229 1103
7238 1102
7219 1101
7218 1100
7193 1099
7192 1098
7197 1097
7185 1096
7177 1095
7171 1094
7163 1093
7145 1092
7125 1091
7113 1090
7111 1089
7104 1088
7086 1087
7091 1086
7068 1085
7079 1084
7030 1083
7025 1082
7026 1081
7007 1080
7010 1079
6986 1078
6979 1077
6963 1076
6954 1075
6957 1074
6924 1073
6916 1072
6910 1071
6906 1070
6898 1069
6881 1068
6885 1067
6858 1066
6846 1065
6843 1064
6849 1063
6833 1062
6807 1061
6812 1060
6786 1059
6780 1058
6767 1057
6754 1056
6760 1055
6747 1054
6711 1053
6716 1052
6704 1051
6702 1050
6688 1049
6689 1048
6680 1047
6656 1046
6658 1045
6648 1044
6643 1043
6626 1042
6622 1041
6622 1040
6603 1039
6599 1038
6586 1037
6571 1036
6556 1035
6543 1034
6510 1033
6513 1032
6505 1031
6497 1030
6493 1029
6479 1028
6470 1027
6448 1026
6445 1025
6438 1024
6428 1023
6421 1022
6411 1021
6413 1020
6386 1019
6376 1018
6366 1017
6365 1016
6362 1015
6329 1014
6327 1013
6319 1012
6298 1011
6291 1010
6292 1009
6295 1008
6274 1007
6270 1006
6254 1005
6225 1004
6217 1003
6213 1002
6205 1001
6203 1000
6191 999
6175 998
6169 997
6174 996
6171 995
6148 994
6138 993
6097 992
6089 991
6075 990
6073 989
6084 988
6065 987
6053 986
6061 985
6053 984
6052 983
6023 982
6017 981
5999 980
5985 979
5969 978
5990 977
5960 976
5954 975
5925 974
5920 973
5917 972
5904 971
5899 970
5893 969
5875 968
5862 967
5873 966
5860 965
5842 964
5849 963
5828 962
5818 961
5809 960
5823 959
5784 958
5798 957
5775 956
5754 955
5765 954
5733 953
5739 952
5723 951
5728 950
5711 949
5706 948
5699 947
5683 946
5677 945
5664 944
5655 943
5673 942
5652 941
5638 940
5640 939
5615 938
5618 937
5628 936
5600 935
5590 934
5593 933
5577 932
5574 931
5570 930
5555 929
5559 928
5536 927
5519 926
5519 925
5515 924
5498 923
5503 922
5496 921
5500 920
5478 919
5482 918
5470 917
5439 916
5441 915
5434 914
5422 913
5415 912
5403 911
5411 910
5404 909
5406 908
5377 907
5366 906
5360 905
5338 904
5332 903
5334 902
5319 901
5310 900
5300 899
5278 898
5286 897
5254 896
5248 895
5228 894
5222 893
5231 892
5218 891
5217 890
5188 889
5177 888
5188 887
5177 886
5166 885
5163 884
5150 883
5143 882
5138 881
5135 880
5117 879
5111 878
5101 877
5084 876
5080 875
5063 874
5064 873
5044 872
5039 871
5033 870
5039 869
5029 868
5014 867
5000 866
5004 865
5013 864
4994 863
4984 862
4982 861
4973 860
4979 859
4959 858
4944 857
4932 856
4921 855
4925 854
4898 853
4901 852
4903 851
4887 850
4872 849
4867 848
4858 847
4837 846
4834 845
4830 844
4842 843
4821 842
4819 841
4814 840
4810 839
4780 838
4768 837
4769 836
4762 835
4742 834
4745 833
4735 832
4737 831
4722 830
4722 829
4705 828
4687 827
4685 826
4675 825
4658 824
4657 823
4656 822
4631 821
4626 820
4626 819
4609 818
4596 817
4604 816
4600 815
4583 814
4582 813
4573 812
4571 811
4565 810
4547 809
4551 808
4534 807
4530 806
4499 805
4489 804
4484 803
4476 802
4475 801
4454 800
4452 799
4435 798
4431 797
4418 796
4411 795
4398 794
4396 793
4380 792
4373 791
4376 790
4372 789
4351 788
4337 787
4331 786
4314 785
4294 784
4289 783
4284 782
4268 781
4277 780
4275 779
4269 778
4254 777
4252 776
4232 775
4227 774
4224 773
4211 772
4202 771
4176 770
4184 769
4175 768
4163 767
4162 766
4153 765
4136 764
4129 763
4128 762
4100 761
4082 760
4089 759
4080 758
4072 757
4063 756
4057 755
4034 754
4042 753
4025 752
4012 751
4012 750
3997 749
3993 748
3997 747
3981 746
3963 745
3957 744
3958 743
3952 742
3946 741
3945 740
3933 739
3933 738
3926 737
3930 736
3912 735
3898 734
3896 733
3890 732
3885 731
3887 730
3878 729
3862 728
3862 727
3863 726
3841 725
3837 724
3841 723
3827 722
3817 721
3815 720
3812 719
3797 718
3799 717
3795 716
3788 715
3782 714
3774 713
3757 712
3757 711
3747 710
3739 709
3733 708
3729 707
3734 706
3735 705
3714 704
3707 703
3705 702
3690 701
3677 700
3672 699
3657 698
3664 697
3655 696
3657 695
3655 694
3650 693
3636 692
3628 691
3611 690
3607 689
3609 688
3597 687
3588 686
3581 685
3567 684
3560 683
3554 682
3550 681
3537 680
3524 679
3504 678
3516 677
3509 676
3496 675
3477 674
3479 673
3469 672
3456 671
3434 670
3434 669
3421 668
3409 667
3401 666
3393 665
3394 664
3387 663
3381 662
3384 661
3370 660
3356 659
3339 658
3340 657
3326 656
3322 655
3323 654
3304 653
3306 652
3291 651
3291 650
3279 649
3267 648
3244 647
3248 646
3240 645
3231 644
3232 643
3217 642
3212 641
3206 640
3200 639
3194 638
3167 637
3156 636
3155 635
3157 634
3126 633
3128 632
3120 631
3115 630
3107 629
3099 628
3082 627
3076 626
3064 625
3051 624
3042 623
3046 622
3037 621
3033 620
3014 619
3021 618
2990 617
2989 616
2979 615
2974 614
2958 613
2951 612
2961 611
2948 610
2948 609
2934 608
2939 607
2921 606
2927 605
2911 604
2909 603
2906 602
2914 601
2892 600
2891 599
2878 598
2868 597
2875 596
2874 595
2865 594
2847 593
2842 592
2840 591
2825 590
2808 589
2807 588
2801 587
2797 586
2779 585
2767 584
2768 583
2763 582
2756 581
2744 580
2747 579
2720 578
2686 577
2674 576
2689 575
2674 574
2667 573
2657 572
2646 571
2644 570
2636 569
2622 568
2619 567
2607 566
2613 565
2601 564
2581 563
2577 562
2563 561
2572 560
2564 559
2563 558
2538 557
2538 556
2529 555
2520 554
2526 553
2513 552
2512 551
2500 550
2491 549
2487 548
2498 547
2476 546
2462 545
2455 544
2448 543
2431 542
2441 541
2416 540
2409 539
2405 538
2378 537
2392 536
2374 535
2374 534
2359 533
2357 532
2355 531
2348 530
2336 529
2324 528
2315 527
2319 526
2309 525
2307 524
2318 523
2281 522
2278 521
2263 520
2259 519
2258 518
2263 517
2253 516
2240 515
2236 514
2237 513
2222 512
2219 511
2217 510
2218 509
2200 508
2180 507
2169 506
2169 505
2163 504
2165 503
2146 502
2147 501
2143 500
2117 499
2126 498
2112 497
2089 496
2079 495
2077 494
2065 493
2062 492
2054 491
2044 490
2030 489
2023 488
2007 487
1997 486
1975 485
1967 484
1948 483
1937 482
1918 481
1918 480
1917 479
1910 478
1901 477
1906 476
1892 475
1879 474
1865 473
1861 472
1862 471
1856 470
1856 469
1834 468
1836 467
1849 466
1819 465
1816 464
1800 463
1798 462
1792 461
1792 460
1780 459
1788 458
1787 457
1771 456
1778 455
1766 454
1773 453
1766 452
1756 451
1745 450
1754 449
1727 448
1738 447
1712 446
1705 445
1691 444
1700 443
1689 442
1669 441
1658 440
1662 439
1652 438
1669 437
1652 436
1639 435
1640 434
1621 433
1618 432
1619 431
1611 430
1604 429
1591 428
1591 427
1577 426
1572 425
1571 424
1570 423
1561 422
1561 421
1544 420
1545 419
1526 418
1532 417
1521 416
1514 415
1509 414
1498 413
1490 412
1473 411
1476 410
1462 409
1455 408
1437 407
1440 406
1435 405
1434 404
1438 403
1436 402
1420 401
1415 400
1405 399
1407 398
1403 397
1398 396
1400 395
1387 394
1384 393
1376 392
1376 391
1376 390
1369 389
1364 388
1348 387
1336 386
1339 385
1335 384
1333 383
1337 382
1325 381
1315 380
1314 379
1296 378
1301 377
1298 376
1281 375
1281 374
1274 373
1257 372
1248 371
1244 370
1230 369
1234 368
1222 367
1212 366
1217 365
1212 364
1213 363
1206 362
1202 361
1187 360
1173 359
1173 358
1180 357
1168 356
1176 355
1164 354
1152 353
1159 352
1142 351
1140 350
1137 349
1132 348
1129 347
1121 346
1111 345
1107 344
1098 343
1093 342
1082 341
1095 340
1083 339
1062 338
1054 337
1055 336
1055 335
1041 334
1042 333
1042 332
1029 331
1018 330
1017 329
1011 328
1014 327
990 326
990 325
990 324
982 323
971 322
978 321
969 320
955 319
952 318
954 317
938 316
942 315
935 314
922 313
922 312
904 311
897 310
896 309
872 308
859 307
852 306
850 305
845 304
838 303
827 302
820 301
820 300
824 299
812 298
812 297
813 296
788 295
792 294
781 293
771 292
772 291
772 290
769 289
756 288
752 287
753 286
745 285
736 284
730 283
727 282
722 281
720 280
712 279
708 278
708 277
688 276
695 275
687 274
682 273
674 272
673 271
666 270
654 269
653 268
637 267
622 266
626 265
617 264
606 263
610 262
602 261
597 260
585 259
591 258
579 257
570 256
564 255
561 254
545 253
549 252
528 251
521 250
522 249
511 248
509 247
505 246
499 245
488 244
488 243
483 242
476 241
476 240
472 239
466 238
465 237
465 236
452 235
455 234
438 233
441 232
430 231
422 230
412 229
400 228
395 227
388 226
379 225
370 224
359 223
351 222
343 221
347 220
342 219
340 218
331 217
317 216
321 215
307 214
292 213
279 212
268 211
262 210
260 209
252 208
244 207
240 206
240 205
236 204
226 203
225 202
224 201
220 200
219 199
216 198
208 197
207 196
206 195
205 194
204 193
203 192
202 191
201 190
200 189
199 188
198 187
197 186
196 185
195 184
194 183
193 182
192 181
191 180
190 179
189 178
188 177
187 176
186 175
185 174
184 173
183 172
182 171
181 170
180 169
179 168
178 167
177 166
176 165
175 164
174 163
173 162
172 161
171 160
170 159
169 158
168 157
167 156
166 155
165 154
164 153
163 152
162 151
161 150
160 149
159 148
158 147
157 146
156 145
155 144
154 143
153 142
152 141
151 140
150 139
149 138
148 137
147 136
146 135
145 134
144 133
143 132
142 131
141 130
140 129
139 128
138 127
137 126
136 125
135 124
134 123
133 122
132 121
131 120
130 119
129 118
128 117
127 116
126 115
125 114
124 113
123 112
122 111
121 110
120 109
119 108
118 107
117 106
116 105
115 104
114 103
113 102
112 101
111 100
110 99
109 98
108 97
107 96
106 95
105 94
104 93
103 92
102 91
101 90
100 89
99 88
98 87
97 86
96 85
95 84
94 83
93 82
92 81
91 80
90 79
89 78
88 77
87 76
86 75
85 74
84 73
83 72
82 71
81 70
80 69
79 68
78 67
77 66
76 65
75 64
74 63
73 62
72 61
71 60
70 59
69 58
68 57
67 56
66 55
65 54
64 53
63 52
62 51
61 50
