19997 2000
19978 1999
19959 1998
19940 1997
19921 1996
19902 1995
19877 1994
19864 1993
19845 1992
19826 1991
19807 1990
19788 1989
19769 1988
19762 1987
19743 1986
19724 1985
19707 1984
19688 1983
19671 1982
19652 1981
19635 1980
19616 1979
19599 1978
19580 1977
19561 1976
19542 1975
19525 1974
19506 1973
19487 1972
19468 1971
19449 1970
19430 1969
19413 1968
19394 1967
19375 1966
19358 1965
19339 1964
19320 1963
19303 1962
19284 1961
19267 1960
19248 1959
19231 1958
19212 1957
19193 1956
19176 1955
19157 1954
19138 1953
19121 1952
19102 1951
19083 1950
19064 1949
19049 1948
19030 1947
19011 1946
18992 1945
18975 1944
18958 1943
18939 1942
18922 1941
18905 1940
18888 1939
18871 1938
18854 1937
18837 1936
18818 1935
18801 1934
18786 1933
18767 1932
18750 1931
18735 1930
18716 1929
18697 1928
18678 1927
18661 1926
18642 1925
18623 1924
18606 1923
18587 1922
18570 1921
18555 1920
18536 1919
18519 1918
18504 1917
18485 1916
18468 1915
18451 1914
18434 1913
18419 1912
18400 1911
18387 1910
18372 1909
18353 1908
18336 1907
18323 1906
18308 1905
18293 1904
18277 1903
18264 1902
18247 1901
18230 1900
18217 1899
18198 1898
18185 1897
18166 1896
18147 1895
18134 1894
18117 1893
18098 1892
18081 1891
18066 1890
18049 1889
18032 1888
18015 1887
17998 1886
17981 1885
17966 1884
17949 1883
17934 1882
17915 1881
17896 1880
17881 1879
17862 1878
17843 1877
17828 1876
17809 1875
17794 1874
17779 1873
17766 1872
17747 1871
17734 1870
17715 1869
17696 1868
17681 1867
17662 1866
17647 1865
17628 1864
17613 1863
17596 1862
17579 1861
17562 1860
17545 1859
17526 1858
17511 1857
17494 1856
17475 1855
17458 1854
17443 1853
17426 1852
17411 1851
17392 1850
17375 1849
17358 1848
17339 1847
17320 1846
17305 1845
17290 1844
17271 1843
17254 1842
17237 1841
17218 1840
17201 1839
17188 1838
17171 1837
17154 1836
17143 1835
17126 1834
17107 1833
17098 1832
17079 1831
17060 1830
17045 1829
17026 1828
17013 1827
16996 1826
16983 1825
16966 1824
16947 1823
16930 1822
16911 1821
16894 1820
16877 1819
16860 1818
16843 1817
16828 1816
16811 1815
16794 1814
16775 1813
16764 1812
16747 1811
16728 1810
16711 1809
16696 1808
16679 1807
16660 1806
16645 1805
16626 1804
16609 1803
16592 1802
16579 1801
16562 1800
16547 1799
16530 1798
16513 1797
16498 1796
16479 1795
16466 1794
16453 1793
16440 1792
16423 1791
16408 1790
16389 1789
16374 1788
16357 1787
16342 1786
16325 1785
16310 1784
16295 1783
16276 1782
16263 1781
16250 1780
16231 1779
16220 1778
16201 1777
16186 1776
16169 1775
16154 1774
16139 1773
16124 1772
16105 1771
16096 1770
16079 1769
16060 1768
16047 1767
16028 1766
16013 1765
15998 1764
15979 1763
15964 1762
15947 1761
15932 1760
15917 1759
15904 1758
15893 1757
15876 1756
15859 1755
15852 1754
15839 1753
15820 1752
15807 1751
15794 1750
15775 1749
15760 1748
15747 1747
15730 1746
15713 1745
15698 1744
15681 1743
15664 1742
15655 1741
15642 1740
15625 1739
15608 1738
15589 1737
15574 1736
15559 1735
15542 1734
15529 1733
15516 1732
15499 1731
15488 1730
15475 1729
15458 1728
15447 1727
15434 1726
15421 1725
15410 1724
15391 1723
15376 1722
15365 1721
15352 1720
15333 1719
15314 1718
15301 1717
15292 1716
15279 1715
15264 1714
15247 1713
15236 1712
15223 1711
15210 1710
15193 1709
15186 1708
15171 1707
15154 1706
15139 1705
15128 1704
15111 1703
15096 1702
15087 1701
15072 1700
15057 1699
15038 1698
15023 1697
15004 1696
14991 1695
14974 1694
14955 1693
14942 1692
14925 1691
14914 1690
14897 1689
14878 1688
14863 1687
14844 1686
14825 1685
14812 1684
14793 1683
14780 1682
14767 1681
14748 1680
14733 1679
14724 1678
14707 1677
14690 1676
14683 1675
14666 1674
14651 1673
14638 1672
14621 1671
14610 1670
14599 1669
14584 1668
14571 1667
14554 1666
14537 1665
14522 1664
14505 1663
14494 1662
14483 1661
14466 1660
14457 1659
14446 1658
14431 1657
14420 1656
14403 1655
14388 1654
14375 1653
14360 1652
14343 1651
14326 1650
14321 1649
14304 1648
14291 1647
14282 1646
14265 1645
14256 1644
14239 1643
14234 1642
14219 1641
14202 1640
14189 1639
14172 1638
14159 1637
14142 1636
14127 1635
14114 1634
14109 1633
14096 1632
14077 1631
14066 1630
14049 1629
14032 1628
14019 1627
14002 1626
13995 1625
13982 1624
13967 1623
13954 1622
13937 1621
13926 1620
13917 1619
13908 1618
13893 1617
13876 1616
13872 1615
13861 1614
13826 1613
13825 1612
13816 1611
13801 1610
13788 1609
13773 1608
13760 1607
13749 1606
13732 1605
13721 1604
13704 1603
13693 1602
13682 1601
13665 1600
13656 1599
13641 1598
13622 1597
13607 1596
13594 1595
13579 1594
13564 1593
13553 1592
13542 1591
13527 1590
13510 1589
13499 1588
13486 1587
13471 1586
13458 1585
13443 1584
13424 1583
13413 1582
13402 1581
13387 1580
13374 1579
13359 1578
13344 1577
13335 1576
13324 1575
13307 1574
13294 1573
13283 1572
13268 1571
13257 1570
13244 1569
13227 1568
13212 1567
13195 1566
13180 1565
13163 1564
13154 1563
13141 1562
13128 1561
13113 1560
13100 1559
13089 1558
13074 1557
13061 1556
13046 1555
13033 1554
13020 1553
13005 1552
12994 1551
12979 1550
12970 1549
12959 1548
12950 1547
12933 1546
12918 1545
12903 1544
12896 1543
12885 1542
12866 1541
12859 1540
12846 1539
12833 1538
12822 1537
12815 1536
12804 1535
12791 1534
12782 1533
12765 1532
12748 1531
12735 1530
12720 1529
12713 1528
12704 1527
12687 1526
12672 1525
12661 1524
12654 1523
12639 1522
12626 1521
12621 1520
12612 1519
12597 1518
12584 1517
12577 1516
12568 1515
12551 1514
12538 1513
12525 1512
12512 1511
12503 1510
12490 1509
12481 1508
12472 1507
12465 1506
12448 1505
12435 1504
12428 1503
12417 1502
12404 1501
12389 1500
12372 1499
12365 1498
12356 1497
12343 1496
12334 1495
12317 1494
12304 1493
12287 1492
12274 1491
12259 1490
12250 1489
12237 1488
12220 1487
12213 1486
12196 1485
12181 1484
12170 1483
12157 1482
12142 1481
12127 1480
12110 1479
12099 1478
12088 1477
12075 1476
12064 1475
12051 1474
12040 1473
12023 1472
12018 1471
12005 1470
12002 1469
11983 1468
11970 1467
11957 1466
11950 1465
11931 1464
11924 1463
11911 1462
11896 1461
11885 1460
11868 1459
11857 1458
11842 1457
11831 1456
11820 1455
11807 1454
11798 1453
11785 1452
11776 1451
11763 1450
11750 1449
11741 1448
11728 1447
11715 1446
11708 1445
11691 1444
11678 1443
11663 1442
11650 1441
11633 1440
11628 1439
11615 1438
11604 1437
11597 1436
11586 1435
11569 1434
11556 1433
11539 1432
11530 1431
11517 1430
11508 1429
11493 1428
11478 1427
11461 1426
11450 1425
11441 1424
11426 1423
11413 1422
11408 1421
11399 1420
11392 1419
11377 1418
11364 1417
11357 1416
11342 1415
11327 1414
11324 1413
11307 1412
11292 1411
11279 1410
11260 1409
11245 1408
11236 1407
11223 1406
11212 1405
11197 1404
11190 1403
11177 1402
11172 1401
11159 1400
11152 1399
11139 1398
11128 1397
11115 1396
11096 1395
11081 1394
11072 1393
11063 1392
11046 1391
11031 1390
11030 1389
11019 1388
11003 1387
10995 1386
10982 1385
10949 1384
10954 1383
10943 1382
10934 1381
10920 1380
10912 1379
10901 1378
10876 1377
10877 1376
10868 1375
10848 1374
10846 1373
10836 1372
10825 1371
10808 1370
10797 1369
10790 1368
10781 1367
10766 1366
10755 1365
10748 1364
10743 1363
10728 1362
10719 1361
10710 1360
10695 1359
10682 1358
10669 1357
10656 1356
10647 1355
10628 1354
10624 1353
10612 1352
10601 1351
10580 1350
10571 1349
10562 1348
10546 1347
10539 1346
10526 1345
10521 1344
10508 1343
10489 1342
10474 1341
10467 1340
10448 1339
10435 1338
10428 1337
10409 1336
10396 1335
10389 1334
10378 1333
10365 1332
10356 1331
10345 1330
10334 1329
10327 1328
10317 1327
10307 1326
10294 1325
10289 1324
10282 1323
10267 1322
10262 1321
10251 1320
10236 1319
10227 1318
10214 1317
10197 1316
10184 1315
10171 1314
10160 1313
10143 1312
10136 1311
10129 1310
10110 1309
10103 1308
10084 1307
10067 1306
10054 1305
10043 1304
10028 1303
10021 1302
10008 1301
10001 1300
9990 1299
9981 1298
9970 1297
9959 1296
9944 1295
9933 1294
9922 1293
9909 1292
9902 1291
9889 1290
9878 1289
9871 1288
9856 1287
9841 1286
9826 1285
9811 1284
9798 1283
9779 1282
9772 1281
9767 1280
9756 1279
9751 1278
9742 1277
9727 1276
9722 1275
9703 1274
9692 1273
9683 1272
9670 1271
9661 1270
9648 1269
9645 1268
9634 1267
9621 1266
9614 1265
9601 1264
9594 1263
9579 1262
9566 1261
9559 1260
9548 1259
9539 1258
9530 1257
9513 1256
9504 1255
9499 1254
9490 1253
9481 1252
9476 1251
9467 1250
9462 1249
9451 1248
9436 1247
9427 1246
9416 1245
9411 1244
9408 1243
9395 1242
9384 1241
9381 1240
9366 1239
9347 1238
9334 1237
9327 1236
9310 1235
9305 1234
9288 1233
9279 1232
9270 1231
9253 1230
9240 1229
9233 1228
9226 1227
9219 1226
9210 1225
9191 1224
9178 1223
9177 1222
9158 1221
9147 1220
9140 1219
9123 1218
9118 1217
9101 1216
9090 1215
9082 1214
9070 1213
9065 1212
9060 1211
9045 1210
9036 1209
9021 1208
9012 1207
9005 1206
8992 1205
8979 1204
8968 1203
8959 1202
8956 1201
8947 1200
8936 1199
8925 1198
8908 1197
8897 1196
8884 1195
8873 1194
8864 1193
8861 1192
8856 1191
8855 1190
8838 1189
8833 1188
8822 1187
8807 1186
8796 1185
8789 1184
8778 1183
8767 1182
8754 1181
8741 1180
8736 1179
8719 1178
8712 1177
8703 1176
8692 1175
8681 1174
8670 1173
8661 1172
8648 1171
8641 1170
8630 1169
8615 1168
8608 1167
8595 1166
8582 1165
8571 1164
8562 1163
8553 1162
8542 1161
8537 1160
8522 1159
8513 1158
8500 1157
8489 1156
8478 1155
8473 1154
8466 1153
8449 1152
8434 1151
8419 1150
8406 1149
8397 1148
8386 1147
8375 1146
8368 1145
8357 1144
8344 1143
8337 1142
8324 1141
8315 1140
8301 1139
8297 1138
8284 1137
8275 1136
8258 1135
8247 1134
8242 1133
8237 1132
8220 1131
8215 1130
8204 1129
8189 1128
8186 1127
8171 1126
8156 1125
8143 1124
8132 1123
8123 1122
8110 1121
8099 1120
8094 1119
8087 1118
8078 1117
8069 1116
8060 1115
8043 1114
8030 1113
8021 1112
8018 1111
8007 1110
8000 1109
7989 1108
7974 1107
7963 1106
7956 1105
7945 1104
7938 1103
7927 1102
7920 1101
7911 1100
7896 1099
7889 1098
7880 1097
7874 1096
7866 1095
7853 1094
7838 1093
7835 1092
7828 1091
7821 1090
7816 1089
7807 1088
7802 1087
7799 1086
7780 1085
7771 1084
7768 1083
7755 1082
7748 1081
7739 1080
7734 1079
7725 1078
7716 1077
7707 1076
7702 1075
7695 1074
7688 1073
7689 1072
7686 1071
7671 1070
7666 1069
7647 1068
7644 1067
7629 1066
7616 1065
7615 1064
7596 1063
7583 1062
7568 1061
7555 1060
7544 1059
7531 1058
7520 1057
7505 1056
7496 1055
7485 1054
7478 1053
7465 1052
7450 1051
7441 1050
7432 1049
7419 1048
7410 1047
7403 1046
7396 1045
7383 1044
7382 1043
7365 1042
7354 1041
7351 1040
7336 1039
7321 1038
7314 1037
7301 1036
7294 1035
7281 1034
7272 1033
7267 1032
7256 1031
7247 1030
7238 1029
7235 1028
7226 1027
7213 1026
7210 1025
7203 1024
7198 1023
7191 1022
7188 1021
7173 1020
7168 1019
7159 1018
7150 1017
7143 1016
7134 1015
7129 1014
7122 1013
7115 1012
7108 1011
7092 1010
7076 1009
7067 1008
7062 1007
7051 1006
7040 1005
7029 1004
7016 1003
7009 1002
6994 1001
6981 1000
6972 999
6959 998
6952 997
6941 996
6932 995
6929 994
6922 993
6903 992
6894 991
6889 990
6876 989
6865 988
6862 987
6851 986
6846 985
6839 984
6836 983
6825 982
6824 981
6813 980
6808 979
6803 978
6796 977
6785 976
6780 975
6763 974
6760 973
6747 972
6728 971
6721 970
6718 969
6711 968
6702 967
6689 966
6674 965
6671 964
6658 963
6655 962
6642 961
6637 960
6628 959
6619 958
6608 957
6601 956
6592 955
6585 954
6578 953
6577 952
6574 951
6561 950
6556 949
6543 948
6538 947
6531 946
6514 945
6503 944
6496 943
6477 942
6470 941
6463 940
6452 939
6439 938
6428 937
6419 936
6410 935
6399 934
6396 933
6381 932
6374 931
6373 930
6356 929
6353 928
6346 927
6337 926
6330 925
6323 924
6314 923
6303 922
6290 921
6277 920
6276 919
6271 918
6258 917
6241 916
6236 915
6229 914
6226 913
6217 912
6210 911
6208 910
6196 909
6185 908
6178 907
6171 906
6154 905
6145 904
6138 903
6125 902
6116 901
6111 900
6102 899
6099 898
6090 897
6079 896
6072 895
6069 894
6066 893
6059 892
6058 891
6053 890
6052 889
6051 888
6042 887
6041 886
6032 885
6025 884
6010 883
6003 882
5998 881
5987 880
5982 879
5977 878
5970 877
5961 876
5944 875
5941 874
5934 873
5923 872
5914 871
5907 870
5902 869
5895 868
5882 867
5877 866
5868 865
5855 864
5850 863
5841 862
5826 861
5815 860
5812 859
5799 858
5792 857
5787 856
5772 855
5765 854
5760 853
5753 852
5744 851
5737 850
5732 849
5715 848
5708 847
5705 846
5694 845
5689 844
5684 843
5681 842
5670 841
5655 840
5652 839
5645 838
5632 837
5631 836
5618 835
5613 834
5594 833
5581 832
5580 831
5569 830
5562 829
5559 828
5548 827
5539 826
5534 825
5515 824
5506 823
5497 822
5482 821
5477 820
5472 819
5453 818
5448 817
5443 816
5438 815
5427 814
5424 813
5409 812
5402 811
5401 810
5400 809
5395 808
5386 807
5379 806
5370 805
5363 804
5356 803
5345 802
5338 801
5323 800
5320 799
5305 798
5292 797
5283 796
5270 795
5263 794
5260 793
5249 792
5246 791
5239 790
5238 789
5225 788
5222 787
5215 786
5200 785
5191 784
5188 783
5175 782
5172 781
5159 780
5150 779
5139 778
5136 777
5133 776
5118 775
5115 774
5110 773
5103 772
5094 771
5089 770
5084 769
5067 768
5060 767
5059 766
5042 765
5041 764
5032 763
5021 762
5018 761
5011 760
5006 759
4999 758
4992 757
4987 756
4984 755
4979 754
4970 753
4965 752
4958 751
4945 750
4942 749
4937 748
4920 747
4919 746
4908 745
4899 744
4894 743
4877 742
4882 741
4873 740
4870 739
4865 738
4862 737
4861 736
4838 735
4835 734
4820 733
4803 732
4796 731
4793 730
4780 729
4773 728
4768 727
4763 726
4756 725
4745 724
4744 723
4731 722
4730 721
4715 720
4712 719
4699 718
4692 717
4689 716
4676 715
4667 714
4662 713
4644 712
4632 711
4613 710
4600 709
4593 708
4584 707
4571 706
4562 705
4555 704
4546 703
4543 702
4540 701
4533 700
4528 699
4519 698
4518 697
4515 696
4510 695
4507 694
4498 693
4489 692
4482 691
4471 690
4468 689
4461 688
4453 687
4437 686
4428 685
4419 684
4412 683
4409 682
4402 681
4399 680
4396 679
4389 678
4380 677
4371 676
4370 675
4365 674
4348 673
4345 672
4342 671
4329 670
4326 669
4321 668
4316 667
4309 666
4302 665
4291 664
4284 663
4279 662
4274 661
4267 660
4264 659
4261 658
4252 657
4251 656
4232 655
4227 654
4226 653
4217 652
4210 651
4201 650
4196 649
4195 648
4186 647
4183 646
4180 645
4177 644
4176 643
4171 642
4162 641
4159 640
4152 639
4137 638
4128 637
4125 636
4108 635
4095 634
4090 633
4077 632
4070 631
4069 630
4064 629
4057 628
4050 627
4045 626
4042 625
4037 624
4020 623
4007 622
4006 621
3995 620
3992 619
3989 618
3982 617
3977 616
3974 615
3967 614
3956 613
3943 612
3930 611
3919 610
3908 609
3899 608
3892 607
3887 606
3886 605
3879 604
3874 603
3867 602
3851 601
3849 600
3832 599
3825 598
3824 597
3811 596
3792 595
3789 594
3778 593
3767 592
3760 591
3749 590
3744 589
3729 588
3726 587
3715 586
3708 585
3705 584
3694 583
3684 582
3684 581
3677 580
3670 579
3665 578
3654 577
3641 576
3644 575
3637 574
3614 573
3615 572
3612 571
3594 570
3598 569
3592 568
3585 567
3572 566
3567 565
3560 564
3559 563
3544 562
3531 561
3530 560
3515 559
3512 558
3509 557
3495 556
3489 555
3482 554
3465 553
3468 552
3461 551
3444 550
3432 549
3428 548
3425 547
3414 546
3421 545
3420 544
3407 543
3412 542
3407 541
3402 540
3393 539
3388 538
3381 537
3378 536
3375 535
3370 534
3367 533
3352 532
3349 531
3348 530
3341 529
3330 528
3317 527
3306 526
3309 525
3302 524
3293 523
3295 522
3292 521
3283 520
3276 519
3263 518
3260 517
3249 516
3238 515
3229 514
3214 513
3213 512
3206 511
3193 510
3190 509
3187 508
3172 507
3155 506
3150 505
3141 504
3128 503
3123 502
3116 501
3099 500
3098 499
3085 498
3078 497
3073 496
3068 495
3065 494
3052 493
3049 492
3048 491
3041 490
3024 489
3005 488
3004 487
2999 486
2990 485
2985 484
2972 483
2971 482
2962 481
2947 480
2944 479
2941 478
2928 477
2919 476
2918 475
2907 474
2894 473
2891 472
2880 471
2871 470
2862 469
2859 468
2848 467
2841 466
2842 465
2835 464
2830 463
2821 462
2820 461
2805 460
2802 459
2787 458
2784 457
2783 456
2774 455
2765 454
2762 453
2753 452
2744 451
2741 450
2726 449
2725 448
2718 447
2713 446
2700 445
2691 444
2689 443
2679 442
2672 441
2667 440
2662 439
2661 438
2650 437
2641 436
2638 435
2631 434
2624 433
2617 432
2612 431
2593 430
2584 429
2583 428
2568 427
2557 426
2552 425
2544 424
2542 423
2539 422
2528 421
2521 420
2518 419
2505 418
2504 417
2501 416
2496 415
2485 414
2476 413
2475 412
2472 411
2467 410
2460 409
2459 408
2446 407
2439 406
2436 405
2429 404
2422 403
2417 402
2412 401
2411 400
2410 399
2405 398
2400 397
2393 396
2392 395
2389 394
2380 393
2375 392
2374 391
2369 390
2364 389
2355 388
2352 387
2341 386
2336 385
2331 384
2328 383
2315 382
2308 381
2301 380
2292 379
2288 378
2280 377
2275 376
2268 375
2259 374
2244 373
2237 372
2232 371
2215 370
2210 369
2205 368
2200 367
2181 366
2178 365
2177 364
2168 363
2165 362
2158 361
2151 360
2134 359
2123 358
2120 357
2107 356
2102 355
2095 354
2088 353
2083 352
2072 351
2069 350
2068 349
2053 348
2052 347
2041 346
2032 345
2031 344
2028 343
2021 342
2020 341
2013 340
2008 339
2003 338
1998 337
1987 336
1986 335
1985 334
1974 333
1969 332
1966 331
1949 330
1944 329
1943 328
1928 327
1925 326
1922 325
1913 324
1904 323
1903 322
1900 321
1897 320
1896 319
1895 318
1888 317
1885 316
1884 315
1879 314
1876 313
1873 312
1870 311
1855 310
1854 309
1853 308
1844 307
1843 306
1842 305
1835 304
1832 303
1821 302
1814 301
1807 300
1800 299
1793 298
1792 297
1783 296
1782 295
1779 294
1774 293
1769 292
1768 291
1767 290
1762 289
1759 288
1756 287
1743 286
1736 285
1733 284
1726 283
1719 282
1714 281
1705 280
1704 279
1693 278
1684 277
1683 276
1676 275
1667 274
1666 273
1665 272
1656 271
1645 270
1644 269
1639 268
1624 267
1623 266
1618 265
1609 264
1604 263
1595 262
1592 261
1579 260
1578 259
1577 258
1568 257
1565 256
1564 255
1559 254
1548 253
1543 252
1542 251
1537 250
1524 249
1517 248
1516 247
1499 246
1502 245
1491 244
1486 243
1467 242
1466 241
1465 240
1452 239
1445 238
1444 237
1439 236
1432 235
1427 234
1422 233
1405 232
1392 231
1389 230
1380 229
1369 228
1366 227
1355 226
1352 225
1349 224
1338 223
1336 222
1335 221
1330 220
1325 219
1326 218
1319 217
1311 216
1305 215
1302 214
1295 213
1292 212
1289 211
1272 210
1261 209
1256 208
1247 207
1240 206
1237 205
1232 204
1227 203
1224 202
1215 201
1208 200
1201 199
1200 198
1197 197
1194 196
1185 195
1180 194
1163 193
1152 192
1149 191
1138 190
1129 189
1128 188
1115 187
1104 186
1099 185
1088 184
1086 183
1081 182
1080 181
1067 180
1056 179
1049 178
1038 177
1027 176
1022 175
1007 174
998 173
985 172
976 171
973 170
966 169
949 168
942 167
937 166
928 165
917 164
904 163
903 162
898 161
883 160
880 159
875 158
866 157
865 156
862 155
850 154
849 153
846 152
845 151
836 150
835 149
830 148
827 147
826 146
823 145
818 144
817 143
814 142
807 141
804 140
799 139
796 138
795 137
790 136
789 135
788 134
787 133
784 132
774 131
775 130
755 129
745 128
744 127
735 126
725 125
719 124
707 123
703 122
700 121
693 120
678 119
669 118
663 117
658 116
655 115
651 114
650 113
649 112
633 111
632 110
626 109
621 108
614 107
613 106
600 105
600 104
594 103
590 102
585 101
584 100
581 99
570 98
569 97
562 96
560 95
558 94
557 93
553 92
553 91
550 90
538 89
535 88
521 87
522 86
519 85
514 84
504 83
501 82
503 81
494 80
481 79
486 78
471 77
458 76
442 75
438 74
429 73
406 72
403 71
392 70
377 69
370 68
351 67
345 66
339 65
331 64
331 63
331 62
322 61
315 60
311 59
305 58
304 57
295 56
294 55
291 54
281 53
280 52
279 51
272 50
