299 51
311 52
282 53
263 54
299 55
328 56
350 57
290 58
329 59
323 60
395 61
345 62
330 63
404 64
367 65
395 66
351 67
430 68
398 69
420 70
424 71
399 72
422 73
402 74
496 75
459 76
438 77
472 78
465 79
480 80
485 81
429 82
532 83
477 84
455 85
457 86
464 87
471 88
460 89
521 90
550 91
536 92
523 93
493 94
531 95
486 96
507 97
571 98
588 99
625 100
607 101
559 102
616 103
572 104
617 105
568 106
597 107
588 108
604 109
604 110
584 111
648 112
660 113
673 114
666 115
648 116
627 117
628 118
656 119
630 120
621 121
724 122
744 123
699 124
710 125
687 126
684 127
736 128
725 129
748 130
760 131
739 132
766 133
751 134
747 135
743 136
698 137
820 138
771 139
783 140
773 141
777 142
796 143
774 144
852 145
785 146
833 147
829 148
858 149
848 150
850 151
851 152
833 153
887 154
823 155
861 156
880 157
864 158
878 159
854 160
877 161
954 162
853 163
907 164
912 165
950 166
893 167
974 168
976 169
964 170
945 171
972 172
938 173
926 174
1009 175
1040 176
1033 177
965 178
969 179
954 180
1037 181
978 182
1023 183
1034 184
1018 185
1068 186
1052 187
1057 188
1107 189
1059 190
1017 191
1081 192
1124 193
1161 194
1053 195
1098 196
1124 197
1068 198
1104 199
1111 200
1087 201
1114 202
1158 203
1063 204
1099 205
1204 206
1150 207
1142 208
1134 209
1214 210
1242 211
1175 212
1158 213
1229 214
1282 215
1189 216
1184 217
1203 218
1220 219
1176 220
1237 221
1187 222
1273 223
1191 224
1311 225
1216 226
1300 227
1334 228
1249 229
1356 230
1227 231
1249 232
1278 233
1289 234
1304 235
1291 236
1360 237
1346 238
1293 239
1358 240
1352 241
1328 242
1334 243
1391 244
1336 245
1377 246
1346 247
1273 248
1418 249
1395 250
1457 251
1400 252
1408 253
1410 254
1429 255
1387 256
1427 257
1440 258
1469 259
1465 260
1503 261
1443 262
1481 263
1491 264
1476 265
1495 266
1527 267
1456 268
1539 269
1548 270
1515 271
1425 272
1452 273
1537 274
1485 275
1450 276
1491 277
1468 278
1606 279
1553 280
1486 281
1551 282
1507 283
1657 284
1634 285
1555 286
1548 287
1617 288
1568 289
1624 290
1555 291
1715 292
1655 293
1685 294
1599 295
1665 296
1682 297
1625 298
1685 299
1666 300
1648 301
1657 302
1665 303
1666 304
1639 305
1692 306
1739 307
1719 308
1760 309
1715 310
1716 311
1701 312
1812 313
1826 314
1698 315
1771 316
1805 317
1735 318
1788 319
1793 320
1702 321
1802 322
1829 323
1708 324
1844 325
1913 326
1830 327
1830 328
1817 329
1795 330
1932 331
1775 332
1797 333
1818 334
1852 335
1818 336
1843 337
1823 338
1858 339
1855 340
1962 341
1852 342
1919 343
1893 344
1905 345
1950 346
2035 347
1904 348
1967 349
1945 350
1894 351
2015 352
2042 353
1960 354
1974 355
1970 356
1900 357
2034 358
2025 359
1868 360
2020 361
2077 362
1893 363
2085 364
2012 365
2030 366
2036 367
2054 368
2074 369
2049 370
2127 371
1948 372
2086 373
2069 374
2054 375
2083 376
1956 377
2074 378
2085 379
2092 380
2186 381
2177 382
2126 383
2154 384
2203 385
2084 386
2266 387
2067 388
2135 389
2132 390
2234 391
2262 392
2189 393
2140 394
2251 395
2043 396
2172 397
2212 398
2245 399
2274 400
2223 401
2171 402
2254 403
2246 404
2174 405
2155 406
2215 407
2241 408
2368 409
2339 410
2159 411
2280 412
2301 413
2268 414
2292 415
2251 416
2322 417
2334 418
2343 419
2317 420
2313 421
2335 422
2476 423
2338 424
2341 425
2311 426
2356 427
2425 428
2346 429
2392 430
2449 431
2513 432
2402 433
2491 434
2486 435
2420 436
2379 437
2394 438
2455 439
2454 440
2437 441
2384 442
2438 443
2418 444
2477 445
2441 446
2525 447
2610 448
2561 449
2457 450
2604 451
2408 452
2515 453
2526 454
2521 455
2601 456
2667 457
2467 458
2601 459
2565 460
2538 461
2679 462
2504 463
2558 464
2589 465
2510 466
2677 467
2637 468
2605 469
2669 470
2604 471
2696 472
2595 473
2524 474
2650 475
2503 476
2581 477
2662 478
2683 479
2751 480
2641 481
2597 482
2649 483
2630 484
2558 485
2668 486
2771 487
2693 488
2790 489
2655 490
2616 491
2679 492
2753 493
2619 494
2720 495
2760 496
2839 497
2710 498
2794 499
2804 500
2876 501
2815 502
2840 503
2747 504
2858 505
2827 506
2829 507
2744 508
2816 509
2794 510
2949 511
2862 512
2830 513
2733 514
2787 515
2811 516
2902 517
2901 518
2917 519
2848 520
2814 521
2868 522
2887 523
2944 524
3028 525
2830 526
2870 527
2754 528
2894 529
2965 530
2960 531
2949 532
2960 533
2851 534
2918 535
2956 536
2904 537
2908 538
2895 539
2995 540
2952 541
2953 542
2974 543
3046 544
3005 545
3070 546
3075 547
3159 548
2949 549
3106 550
3020 551
3081 552
3060 553
3067 554
3122 555
2988 556
3144 557
3051 558
2948 559
2956 560
3200 561
2940 562
3198 563
3139 564
3215 565
3097 566
3230 567
3172 568
3018 569
3114 570
3146 571
3148 572
3127 573
3184 574
3219 575
3173 576
3280 577
3151 578
3246 579
3331 580
3112 581
3245 582
3188 583
3349 584
3221 585
3251 586
3253 587
3170 588
3262 589
3232 590
3295 591
3250 592
3308 593
3243 594
3379 595
3195 596
3394 597
3239 598
3342 599
3279 600
3318 601
3262 602
3395 603
3313 604
3296 605
3318 606
3346 607
3316 608
3374 609
3222 610
3389 611
3295 612
3497 613
3392 614
3431 615
3432 616
3386 617
3506 618
3294 619
3361 620
3405 621
3361 622
3425 623
3399 624
3541 625
3438 626
3405 627
3466 628
3483 629
3458 630
3499 631
3573 632
3538 633
3568 634
3420 635
3523 636
3544 637
3497 638
3442 639
3588 640
3525 641
3533 642
3613 643
3538 644
3531 645
3701 646
3507 647
3609 648
3513 649
3666 650
3576 651
3695 652
3575 653
3687 654
3653 655
3652 656
3629 657
3618 658
3606 659
3695 660
3690 661
3672 662
3643 663
3614 664
3523 665
3651 666
3683 667
3653 668
3647 669
3693 670
3737 671
3734 672
3831 673
3757 674
3835 675
3741 676
3778 677
3735 678
3815 679
3728 680
3717 681
3709 682
3885 683
3815 684
3780 685
3779 686
3707 687
3794 688
3830 689
3790 690
3778 691
3911 692
3801 693
3755 694
3911 695
3800 696
3753 697
3906 698
3877 699
3954 700
3853 701
3916 702
3967 703
3972 704
3923 705
3934 706
3868 707
3817 708
3836 709
3868 710
3918 711
4035 712
3788 713
4056 714
3876 715
3875 716
3947 717
3858 718
4057 719
3836 720
3994 721
3987 722
3825 723
3921 724
3951 725
4092 726
3872 727
3898 728
4022 729
4022 730
4183 731
3961 732
3993 733
4045 734
4171 735
4034 736
4078 737
4098 738
4027 739
4113 740
4239 741
4246 742
4127 743
4130 744
4121 745
4054 746
4147 747
4319 748
4115 749
4100 750
4076 751
3973 752
4290 753
4147 754
4062 755
4196 756
4206 757
4107 758
4128 759
4241 760
4211 761
4180 762
4286 763
4197 764
4067 765
4284 766
4300 767
4190 768
4350 769
4246 770
4251 771
4273 772
4307 773
4385 774
4259 775
4203 776
4331 777
4248 778
4330 779
4257 780
4207 781
4313 782
4358 783
4471 784
4284 785
4207 786
4418 787
4420 788
4382 789
4381 790
4289 791
4352 792
4321 793
4432 794
4508 795
4315 796
4402 797
4442 798
4349 799
4463 800
4399 801
4457 802
4412 803
4386 804
4579 805
4395 806
4420 807
4596 808
4498 809
4607 810
4512 811
4343 812
4353 813
4440 814
4613 815
4454 816
4654 817
4443 818
4511 819
4547 820
4368 821
4517 822
4566 823
4442 824
4505 825
4575 826
4537 827
4738 828
4573 829
4557 830
4632 831
4548 832
4613 833
4557 834
4604 835
4632 836
4756 837
4647 838
4496 839
4581 840
4653 841
4630 842
4681 843
4766 844
4657 845
4790 846
4590 847
4728 848
4745 849
4704 850
4605 851
4716 852
4748 853
4677 854
4753 855
4688 856
4702 857
4702 858
4837 859
4765 860
4846 861
4643 862
4837 863
4685 864
4798 865
4763 866
4884 867
4687 868
4872 869
4889 870
4776 871
4776 872
4710 873
4765 874
4990 875
4938 876
4905 877
4858 878
4945 879
4783 880
4658 881
4899 882
4809 883
4841 884
4844 885
4771 886
4875 887
5033 888
4765 889
4885 890
4989 891
4943 892
4987 893
5083 894
5061 895
4904 896
4878 897
4940 898
5005 899
4962 900
4881 901
4800 902
4939 903
5044 904
5138 905
4917 906
4955 907
4867 908
5173 909
5028 910
4841 911
5126 912
5020 913
4975 914
4972 915
5148 916
5169 917
5221 918
5195 919
5071 920
5010 921
5255 922
5051 923
5138 924
5114 925
5055 926
5082 927
5018 928
5106 929
4985 930
5099 931
5075 932
5116 933
5118 934
5143 935
5214 936
5083 937
5169 938
5180 939
5113 940
5123 941
5266 942
5397 943
5210 944
5102 945
5309 946
5149 947
5070 948
5098 949
5351 950
5358 951
5246 952
5314 953
5278 954
5233 955
5421 956
5278 957
5154 958
5324 959
5327 960
5319 961
5248 962
5400 963
5343 964
5145 965
5291 966
5397 967
5389 968
5447 969
5421 970
5376 971
5198 972
5358 973
5435 974
5394 975
5174 976
5267 977
5264 978
5479 979
5267 980
5369 981
5306 982
5424 983
5436 984
5463 985
5371 986
5395 987
5554 988
5542 989
5535 990
5592 991
5498 992
5495 993
5506 994
5463 995
5574 996
5418 997
5543 998
5554 999
5409 1000
5719 1001
5543 1002
5444 1003
5545 1004
5498 1005
5461 1006
5545 1007
5599 1008
5600 1009
5460 1010
5479 1011
5598 1012
5718 1013
5560 1014
5693 1015
5611 1016
5567 1017
5502 1018
5731 1019
5574 1020
5671 1021
5540 1022
5796 1023
5730 1024
5637 1025
5569 1026
5495 1027
5751 1028
5594 1029
5675 1030
5798 1031
5557 1032
5707 1033
5611 1034
5590 1035
5720 1036
5710 1037
5717 1038
5755 1039
5711 1040
5856 1041
5805 1042
5820 1043
5809 1044
5857 1045
5869 1046
5715 1047
5910 1048
5826 1049
5869 1050
5997 1051
5719 1052
5750 1053
5966 1054
5912 1055
5746 1056
5880 1057
5845 1058
5795 1059
5948 1060
5705 1061
5875 1062
5895 1063
5907 1064
5864 1065
5950 1066
5913 1067
5990 1068
5949 1069
5997 1070
5946 1071
5819 1072
5918 1073
5899 1074
5827 1075
5849 1076
6005 1077
5723 1078
5934 1079
5912 1080
5946 1081
6066 1082
6023 1083
6001 1084
6062 1085
5979 1086
5799 1087
5976 1088
5929 1089
5852 1090
5934 1091
6186 1092
6009 1093
6098 1094
6144 1095
5964 1096
6086 1097
6113 1098
6022 1099
6086 1100
6173 1101
6065 1102
6167 1103
5990 1104
6003 1105
6076 1106
6141 1107
6162 1108
6112 1109
5969 1110
6098 1111
6100 1112
6165 1113
6173 1114
6264 1115
6205 1116
6055 1117
6140 1118
6269 1119
6245 1120
6085 1121
6230 1122
6210 1123
6280 1124
6197 1125
5992 1126
6198 1127
6146 1128
6060 1129
6178 1130
6075 1131
6176 1132
6357 1133
6427 1134
6386 1135
6318 1136
6166 1137
6175 1138
6261 1139
6280 1140
6296 1141
6229 1142
6347 1143
6212 1144
6239 1145
6320 1146
6340 1147
6299 1148
6276 1149
6449 1150
6338 1151
6410 1152
6454 1153
6513 1154
6233 1155
6424 1156
6579 1157
6320 1158
6368 1159
6388 1160
6332 1161
6484 1162
6340 1163
6523 1164
6292 1165
6432 1166
6352 1167
6531 1168
6344 1169
6618 1170
6401 1171
6384 1172
6402 1173
6657 1174
6468 1175
6250 1176
6576 1177
6452 1178
6607 1179
6519 1180
6434 1181
6390 1182
6458 1183
6483 1184
6525 1185
6742 1186
6468 1187
6506 1188
6534 1189
6686 1190
6667 1191
6693 1192
6561 1193
6685 1194
6550 1195
6690 1196
6586 1197
6485 1198
6670 1199
6856 1200
6579 1201
6773 1202
6841 1203
6771 1204
6772 1205
6700 1206
6782 1207
6498 1208
6736 1209
6905 1210
6693 1211
6746 1212
6592 1213
6726 1214
6807 1215
6724 1216
6740 1217
6590 1218
6944 1219
6764 1220
6624 1221
6714 1222
6718 1223
6718 1224
6907 1225
6763 1226
6789 1227
6745 1228
6872 1229
6807 1230
6703 1231
6608 1232
6826 1233
6846 1234
6749 1235
6914 1236
6764 1237
6812 1238
6767 1239
6907 1240
6901 1241
6842 1242
6892 1243
6975 1244
6894 1245
6798 1246
6852 1247
6884 1248
6734 1249
6884 1250
7018 1251
6847 1252
6932 1253
6967 1254
6802 1255
6980 1256
7003 1257
6768 1258
7042 1259
6981 1260
7047 1261
6930 1262
7095 1263
6995 1264
7189 1265
6983 1266
6912 1267
6928 1268
6998 1269
6736 1270
7019 1271
7052 1272
7094 1273
6964 1274
7039 1275
7108 1276
6946 1277
7090 1278
6996 1279
7158 1280
6795 1281
7100 1282
6973 1283
7043 1284
7031 1285
7021 1286
7193 1287
7121 1288
7123 1289
7015 1290
7194 1291
6974 1292
7172 1293
7134 1294
7180 1295
7000 1296
7200 1297
6952 1298
7279 1299
7268 1300
7148 1301
7277 1302
7185 1303
7213 1304
7246 1305
7441 1306
7209 1307
7250 1308
7265 1309
7114 1310
7273 1311
7236 1312
7183 1313
7259 1314
7024 1315
7283 1316
6880 1317
7471 1318
7313 1319
7413 1320
7283 1321
7254 1322
7219 1323
7352 1324
7307 1325
7175 1326
7239 1327
7465 1328
7244 1329
7257 1330
7300 1331
7421 1332
7322 1333
7451 1334
7364 1335
7311 1336
7578 1337
7579 1338
7409 1339
7568 1340
7158 1341
7499 1342
7382 1343
7463 1344
7277 1345
7459 1346
7420 1347
7538 1348
7492 1349
7324 1350
7449 1351
7321 1352
7554 1353
7305 1354
7394 1355
7587 1356
7455 1357
7341 1358
7472 1359
7423 1360
7409 1361
7485 1362
7668 1363
7497 1364
7425 1365
7462 1366
7735 1367
7593 1368
7319 1369
7663 1370
7631 1371
7578 1372
7451 1373
7573 1374
7486 1375
7708 1376
7567 1377
7686 1378
7525 1379
7523 1380
7507 1381
7731 1382
7715 1383
7591 1384
7813 1385
7431 1386
7598 1387
7688 1388
7764 1389
7740 1390
7701 1391
7710 1392
7554 1393
7502 1394
7714 1395
7713 1396
7867 1397
7846 1398
7888 1399
7900 1400
7746 1401
7582 1402
7717 1403
7521 1404
7729 1405
7886 1406
7551 1407
7714 1408
7720 1409
7732 1410
7914 1411
7726 1412
7767 1413
7774 1414
7726 1415
7723 1416
7643 1417
7816 1418
7540 1419
7747 1420
7854 1421
7928 1422
7830 1423
8021 1424
7948 1425
7735 1426
7940 1427
7878 1428
7945 1429
7671 1430
7871 1431
7843 1432
7836 1433
8058 1434
7951 1435
7866 1436
8180 1437
7878 1438
8018 1439
8048 1440
7983 1441
7768 1442
7945 1443
8111 1444
8075 1445
7979 1446
8187 1447
7848 1448
7863 1449
7943 1450
7849 1451
8080 1452
8098 1453
7882 1454
7845 1455
8173 1456
7959 1457
8018 1458
8159 1459
8056 1460
7911 1461
7950 1462
8227 1463
8198 1464
8038 1465
8031 1466
8197 1467
8120 1468
7988 1469
8034 1470
8164 1471
7986 1472
8024 1473
8053 1474
8022 1475
7934 1476
8307 1477
8333 1478
8102 1479
8209 1480
8123 1481
8084 1482
7996 1483
8207 1484
8250 1485
8251 1486
8208 1487
8230 1488
8118 1489
8094 1490
8235 1491
8083 1492
8270 1493
8298 1494
8233 1495
8230 1496
8102 1497
8200 1498
8289 1499
8221 1500
8374 1501
8208 1502
8226 1503
8324 1504
8312 1505
8374 1506
8351 1507
8401 1508
8368 1509
8129 1510
8392 1511
8428 1512
8159 1513
8465 1514
8168 1515
8227 1516
8443 1517
8093 1518
8377 1519
8302 1520
8408 1521
8339 1522
8396 1523
8287 1524
8489 1525
8633 1526
8410 1527
8436 1528
8319 1529
8667 1530
8665 1531
8389 1532
8312 1533
8591 1534
8336 1535
8366 1536
8558 1537
8480 1538
8562 1539
8537 1540
8511 1541
8480 1542
8558 1543
8528 1544
8473 1545
8365 1546
8607 1547
8803 1548
8664 1549
8490 1550
8484 1551
8547 1552
8514 1553
8690 1554
8644 1555
8542 1556
8590 1557
8372 1558
8615 1559
8516 1560
8576 1561
8582 1562
8632 1563
8675 1564
8673 1565
8788 1566
8859 1567
8766 1568
8711 1569
8604 1570
8871 1571
8555 1572
8628 1573
8693 1574
8769 1575
8472 1576
8677 1577
8738 1578
8560 1579
8852 1580
8664 1581
8650 1582
8671 1583
8790 1584
8794 1585
8452 1586
8876 1587
8730 1588
8696 1589
8842 1590
8692 1591
8671 1592
8875 1593
8767 1594
8967 1595
8866 1596
8879 1597
8906 1598
8711 1599
8762 1600
8843 1601
8856 1602
8748 1603
8803 1604
8908 1605
8852 1606
8793 1607
9077 1608
8727 1609
8844 1610
8751 1611
9070 1612
8947 1613
8742 1614
9020 1615
8987 1616
8922 1617
8729 1618
8966 1619
8900 1620
8647 1621
9148 1622
8832 1623
9026 1624
8902 1625
9040 1626
8921 1627
8716 1628
9039 1629
8766 1630
8929 1631
9105 1632
9052 1633
9129 1634
9106 1635
8992 1636
9098 1637
8933 1638
9109 1639
9001 1640
8927 1641
8914 1642
9181 1643
8816 1644
8899 1645
9231 1646
9151 1647
9221 1648
9011 1649
8958 1650
9091 1651
9219 1652
9128 1653
9185 1654
9187 1655
9240 1656
9040 1657
8947 1658
8999 1659
9111 1660
9125 1661
9075 1662
8951 1663
9206 1664
9507 1665
9166 1666
9141 1667
9180 1668
8992 1669
9138 1670
9252 1671
9273 1672
9032 1673
9261 1674
9151 1675
9248 1676
9217 1677
9094 1678
9223 1679
9216 1680
9144 1681
9254 1682
9252 1683
9197 1684
9379 1685
9393 1686
9512 1687
9458 1688
9399 1689
9179 1690
9414 1691
9391 1692
9328 1693
9304 1694
9386 1695
9530 1696
9316 1697
9514 1698
9421 1699
9507 1700
9350 1701
9375 1702
9283 1703
9525 1704
9323 1705
9236 1706
9440 1707
9447 1708
9466 1709
9310 1710
9485 1711
9184 1712
9463 1713
9468 1714
9350 1715
9517 1716
9379 1717
9489 1718
9493 1719
9462 1720
9301 1721
9550 1722
9555 1723
9381 1724
9355 1725
9546 1726
9476 1727
9600 1728
9523 1729
9712 1730
9498 1731
9448 1732
9667 1733
9543 1734
9605 1735
9401 1736
9575 1737
9647 1738
9400 1739
9707 1740
9654 1741
9598 1742
9725 1743
9563 1744
9695 1745
9436 1746
9551 1747
9723 1748
9594 1749
9619 1750
9707 1751
9471 1752
9563 1753
9734 1754
9621 1755
9931 1756
9560 1757
9697 1758
9707 1759
9773 1760
9740 1761
9714 1762
9790 1763
9824 1764
9547 1765
9701 1766
9625 1767
9850 1768
9735 1769
9786 1770
9761 1771
9849 1772
9846 1773
9636 1774
9605 1775
9794 1776
9780 1777
9721 1778
9836 1779
9990 1780
9881 1781
9771 1782
9878 1783
9563 1784
9705 1785
10071 1786
9857 1787
9702 1788
9896 1789
9983 1790
10076 1791
9754 1792
9908 1793
9931 1794
9666 1795
9941 1796
9773 1797
9899 1798
9866 1799
9987 1800
9890 1801
9880 1802
9997 1803
10044 1804
9941 1805
10023 1806
10012 1807
9887 1808
10037 1809
9778 1810
9970 1811
9967 1812
9909 1813
10046 1814
10128 1815
9884 1816
10222 1817
9994 1818
10007 1819
10238 1820
10027 1821
10078 1822
10003 1823
10224 1824
10142 1825
9944 1826
10173 1827
10037 1828
9814 1829
10003 1830
10112 1831
10145 1832
9795 1833
10076 1834
10091 1835
10393 1836
10172 1837
9910 1838
10054 1839
10303 1840
10006 1841
10321 1842
10087 1843
10116 1844
10346 1845
10344 1846
10246 1847
10250 1848
10024 1849
10326 1850
10152 1851
10059 1852
10111 1853
10106 1854
10473 1855
10089 1856
10215 1857
10099 1858
10237 1859
10180 1860
10293 1861
10208 1862
10069 1863
10247 1864
10263 1865
10097 1866
10345 1867
10172 1868
10187 1869
10316 1870
10241 1871
10454 1872
10422 1873
10237 1874
10294 1875
10519 1876
10276 1877
10358 1878
10149 1879
10267 1880
10348 1881
10344 1882
10465 1883
10431 1884
10462 1885
10540 1886
10589 1887
10285 1888
10452 1889
10449 1890
10342 1891
10374 1892
10524 1893
10313 1894
10564 1895
10487 1896
10567 1897
10678 1898
10455 1899
10588 1900
10452 1901
10381 1902
10480 1903
10739 1904
10319 1905
10388 1906
10736 1907
10541 1908
10510 1909
10568 1910
10745 1911
10564 1912
10487 1913
10615 1914
10716 1915
10635 1916
10692 1917
10800 1918
10492 1919
10626 1920
10450 1921
10652 1922
10732 1923
10723 1924
10534 1925
10545 1926
10620 1927
10633 1928
10590 1929
10745 1930
10613 1931
10644 1932
10807 1933
10608 1934
10606 1935
10679 1936
10741 1937
10635 1938
10451 1939
10656 1940
10704 1941
10722 1942
10695 1943
10621 1944
10685 1945
10779 1946
10699 1947
10655 1948
10772 1949
10819 1950
10663 1951
10780 1952
10697 1953
10877 1954
10642 1955
10632 1956
10843 1957
10996 1958
10822 1959
10813 1960
10867 1961
10902 1962
10796 1963
10853 1964
10823 1965
10706 1966
10817 1967
10838 1968
10837 1969
10776 1970
10995 1971
10907 1972
10883 1973
11024 1974
10904 1975
11008 1976
10860 1977
10430 1978
10978 1979
10698 1980
10952 1981
11020 1982
10666 1983
10956 1984
11098 1985
10882 1986
11098 1987
11004 1988
11162 1989
10976 1990
11075 1991
10956 1992
10890 1993
11023 1994
10917 1995
11063 1996
11042 1997
11031 1998
11077 1999
10837 2000
10966 2001
