19997 2000
19966 1999
19929 1998
19894 1997
19889 1996
19888 1995
19887 1994
19875 1993
19847 1992
19810 1991
19777 1990
19776 1989
19775 1988
19774 1987
19744 1986
19707 1985
19684 1984
19661 1983
19660 1982
19659 1981
19606 1980
19603 1979
19572 1978
19587 1977
19552 1976
19551 1975
19550 1974
19524 1973
19485 1972
19452 1971
19465 1970
19434 1969
19433 1968
19412 1967
19379 1966
19346 1965
19327 1964
19316 1963
19315 1962
19274 1961
19279 1960
19238 1959
19219 1958
19206 1957
19201 1956
19164 1955
19167 1954
19130 1953
19111 1952
19108 1951
19095 1950
19056 1949
19061 1948
19052 1947
19001 1946
18988 1945
18987 1944
18950 1943
18951 1942
18908 1941
18913 1940
18884 1939
18855 1938
18852 1937
18821 1936
18814 1935
18783 1934
18782 1933
18765 1932
18730 1931
18717 1930
18688 1929
18683 1928
18658 1927
18643 1926
18620 1925
18603 1924
18580 1923
18565 1922
18564 1921
18541 1920
18526 1919
18485 1918
18480 1917
18451 1916
18460 1915
18425 1914
18424 1913
18377 1912
18362 1911
18357 1910
18328 1909
18307 1908
18298 1907
18293 1906
18254 1905
18249 1904
18222 1903
18223 1902
18202 1901
18183 1900
18166 1899
18143 1898
18140 1897
18111 1896
18080 1895
18065 1894
18064 1893
18041 1892
18032 1891
17991 1890
17990 1889
17959 1888
17954 1887
17927 1886
17920 1885
17895 1884
17874 1883
17873 1882
17840 1881
17821 1880
17808 1879
17811 1878
17770 1877
17773 1876
17744 1875
17719 1874
17716 1873
17681 1872
17666 1871
17671 1870
17632 1869
17637 1868
17600 1867
17605 1866
17566 1865
17571 1864
17530 1863
17537 1862
17510 1861
17483 1860
17476 1859
17455 1858
17450 1857
17421 1856
17406 1855
17407 1854
17376 1853
17377 1852
17346 1851
17349 1850
17314 1849
17339 1848
17302 1847
17277 1846
17260 1845
17239 1844
17238 1843
17215 1842
17178 1841
17163 1840
17156 1839
17133 1838
17118 1837
17095 1836
17082 1835
17065 1834
17048 1833
17047 1832
17004 1831
16991 1830
16968 1829
16961 1828
16942 1827
16921 1826
16904 1825
16883 1824
16872 1823
16839 1822
16842 1821
16841 1820
16786 1819
16777 1818
16766 1817
16735 1816
16730 1815
16721 1814
16720 1813
16679 1812
16680 1811
16647 1810
16634 1809
16603 1808
16598 1807
16571 1806
16560 1805
16563 1804
16528 1803
16533 1802
16504 1801
16503 1800
16474 1799
16445 1798
16428 1797
16437 1796
16394 1795
16385 1794
16364 1793
16369 1792
16344 1791
16333 1790
16294 1789
16299 1788
16260 1787
16249 1786
16242 1785
16211 1784
16216 1783
16187 1782
16186 1781
16161 1780
16136 1779
16135 1778
16108 1777
16107 1776
16082 1775
16081 1774
16082 1773
16047 1772
16028 1771
16001 1770
15996 1769
15979 1768
15958 1767
15931 1766
15924 1765
15905 1764
15908 1763
15875 1762
15874 1761
15859 1760
15822 1759
15819 1758
15830 1757
15789 1756
15782 1755
15781 1754
15730 1753
15731 1752
15696 1751
15707 1750
15676 1749
15667 1748
15654 1747
15657 1746
15612 1745
15605 1744
15584 1743
15581 1742
15556 1741
15549 1740
15564 1739
15513 1738
15520 1737
15499 1736
15464 1735
15471 1734
15446 1733
15425 1732
15416 1731
15405 1730
15392 1729
15383 1728
15360 1727
15357 1726
15332 1725
15319 1724
15318 1723
15281 1722
15266 1721
15259 1720
15256 1719
15251 1718
15230 1717
15215 1716
15190 1715
15199 1714
15162 1713
15159 1712
15142 1711
15135 1710
15120 1709
15095 1708
15102 1707
15067 1706
15074 1705
15049 1704
15044 1703
15041 1702
15022 1701
15009 1700
14992 1699
14965 1698
14958 1697
14951 1696
14930 1695
14933 1694
14924 1693
14903 1692
14886 1691
14875 1690
14874 1689
14849 1688
14828 1687
14807 1686
14796 1685
14783 1684
14774 1683
14767 1682
14758 1681
14747 1680
14736 1679
14711 1678
14710 1677
14699 1676
14678 1675
14675 1674
14666 1673
14641 1672
14642 1671
14629 1670
14604 1669
14585 1668
14558 1667
14557 1666
14550 1665
14541 1664
14534 1663
14519 1662
14512 1661
14493 1660
14462 1659
14445 1658
14444 1657
14429 1656
14414 1655
14403 1654
14392 1653
14371 1652
14366 1651
14365 1650
14340 1649
14339 1648
14298 1647
14295 1646
14272 1645
14267 1644
14250 1643
14237 1642
14226 1641
14217 1640
14216 1639
14169 1638
14176 1637
14163 1636
14128 1635
14119 1634
14110 1633
14079 1632
14086 1631
14061 1630
14056 1629
14033 1628
14018 1627
14015 1626
13990 1625
13967 1624
13978 1623
13941 1622
13944 1621
13915 1620
13914 1619
13921 1618
13892 1617
13889 1616
13890 1615
13843 1614
13852 1613
13837 1612
13816 1611
13813 1610
13788 1609
13789 1608
13768 1607
13759 1606
13728 1605
13733 1604
13718 1603
13673 1602
13670 1601
13647 1600
13646 1599
13641 1598
13646 1597
13617 1596
13604 1595
13581 1594
13594 1593
13571 1592
13564 1591
13555 1590
13536 1589
13535 1588
13520 1587
13519 1586
13478 1585
13497 1584
13472 1583
13453 1582
13444 1581
13433 1580
13432 1579
13383 1578
13380 1577
13355 1576
13364 1575
13327 1574
13326 1573
13315 1572
13290 1571
13275 1570
13260 1569
13247 1568
13246 1567
13223 1566
13224 1565
13227 1564
13176 1563
13177 1562
13186 1561
13149 1560
13174 1559
13149 1558
13104 1557
13105 1556
13076 1555
13075 1554
13070 1553
13043 1552
13042 1551
13019 1550
13012 1549
12997 1548
12988 1547
12985 1546
12962 1545
12943 1544
12930 1543
12915 1542
12914 1541
12889 1540
12882 1539
12877 1538
12866 1537
12849 1536
12810 1535
12809 1534
12792 1533
12793 1532
12756 1531
12739 1530
12732 1529
12727 1528
12712 1527
12689 1526
12684 1525
12677 1524
12658 1523
12653 1522
12614 1521
12605 1520
12594 1519
12583 1518
12572 1517
12559 1516
12566 1515
12543 1514
12538 1513
12517 1512
12486 1511
12485 1510
12468 1509
12453 1508
12434 1507
12429 1506
12432 1505
12395 1504
12400 1503
12371 1502
12370 1501
12363 1500
12328 1499
12317 1498
12304 1497
12287 1496
12280 1495
12251 1494
12258 1493
12229 1492
12206 1491
12219 1490
12178 1489
12177 1488
12156 1487
12145 1486
12128 1485
12123 1484
12110 1483
12095 1482
12094 1481
12079 1480
12078 1479
12053 1478
12042 1477
12021 1476
12006 1475
12005 1474
11984 1473
11983 1472
11956 1471
11949 1470
11922 1469
11921 1468
11908 1467
11899 1466
11886 1465
11867 1464
11860 1463
11857 1462
11856 1461
11851 1460
11827 1459
11802 1458
11789 1457
11788 1456
11767 1455
11766 1454
11733 1453
11732 1452
11745 1451
11716 1450
11689 1449
11688 1448
11687 1447
11642 1446
11643 1445
11648 1444
11613 1443
11598 1442
11597 1441
11570 1440
11571 1439
11552 1438
11551 1437
11530 1436
11519 1435
11518 1434
11519 1433
11493 1432
11498 1431
11443 1430
11438 1429
11437 1428
11436 1427
11427 1426
11400 1425
11377 1424
11384 1423
11359 1422
11358 1421
11331 1420
11340 1419
11339 1418
11320 1417
11277 1416
11276 1415
11259 1414
11266 1413
11257 1412
11230 1411
11213 1410
11202 1409
11191 1408
11188 1407
11177 1406
11166 1405
11141 1404
11136 1403
11101 1402
11118 1401
11091 1400
11058 1399
11059 1398
11046 1397
11045 1396
11032 1395
11003 1394
11006 1393
10987 1392
10978 1391
10975 1390
10962 1389
10955 1388
10960 1387
10921 1386
10912 1385
10897 1384
10894 1383
10877 1382
10862 1381
10861 1380
10848 1379
10839 1378
10832 1377
10811 1376
10810 1375
10789 1374
10788 1373
10757 1372
10746 1371
10753 1370
10718 1369
10725 1368
10712 1367
10711 1366
10682 1365
10681 1364
10656 1363
10651 1362
10618 1361
10611 1360
10606 1359
10587 1358
10566 1357
10563 1356
10556 1355
10525 1354
10524 1353
10509 1352
10488 1351
10493 1350
10494 1349
10461 1348
10448 1347
10447 1346
10446 1345
10427 1344
10402 1343
10405 1342
10384 1341
10379 1340
10366 1339
10359 1338
10346 1337
10339 1336
10304 1335
10301 1334
10284 1333
10269 1332
10272 1331
10259 1330
10250 1329
10239 1328
10220 1327
10229 1326
10196 1325
10203 1324
10188 1323
10171 1322
10156 1321
10161 1320
10132 1319
10117 1318
10118 1317
10093 1316
10104 1315
10093 1314
10050 1313
10063 1312
10038 1311
10037 1310
10036 1309
10037 1308
9996 1307
10017 1306
9980 1305
9957 1304
9950 1303
9937 1302
9934 1301
9903 1300
9896 1299
9865 1298
9864 1297
9861 1296
9840 1295
9841 1294
9816 1293
9827 1292
9806 1291
9805 1290
9784 1289
9781 1288
9780 1287
9753 1286
9752 1285
9731 1284
9726 1283
9713 1282
9682 1281
9685 1280
9686 1279
9685 1278
9664 1277
9649 1276
9634 1275
9613 1274
9606 1273
9605 1272
9578 1271
9579 1270
9556 1269
9547 1268
9554 1267
9539 1266
9538 1265
9531 1264
9510 1263
9507 1262
9482 1261
9477 1260
9476 1259
9475 1258
9433 1257
9456 1256
9415 1255
9424 1254
9395 1253
9394 1252
9383 1251
9382 1250
9353 1249
9350 1248
9343 1247
9342 1246
9307 1245
9310 1244
9295 1243
9292 1242
9303 1241
9282 1240
9279 1239
9268 1238
9271 1237
9250 1236
9237 1235
9226 1234
9199 1233
9206 1232
9201 1231
9190 1230
9209 1229
9190 1228
9173 1227
9172 1226
9157 1225
9138 1224
9141 1223
9130 1222
9143 1221
9096 1220
9079 1219
9068 1218
9067 1217
9086 1216
9061 1215
9048 1214
9033 1213
9016 1212
9019 1211
9000 1210
8997 1209
8976 1208
8971 1207
8974 1206
8965 1205
8954 1204
8961 1203
8940 1202
8943 1201
8926 1200
8897 1199
8896 1198
8901 1197
8872 1196
8855 1195
8856 1194
8873 1193
8854 1192
8831 1191
8812 1190
8803 1189
8786 1188
8781 1187
8768 1186
8761 1185
8740 1184
8731 1183
8736 1182
8711 1181
8698 1180
8711 1179
8696 1178
8675 1177
8678 1176
8649 1175
8640 1174
8635 1173
8614 1172
8609 1171
8592 1170
8607 1169
8584 1168
8567 1167
8578 1166
8551 1165
8544 1164
8541 1163
8524 1162
8531 1161
8514 1160
8499 1159
8494 1158
8471 1157
8464 1156
8463 1155
8454 1154
8415 1153
8400 1152
8397 1151
8390 1150
8377 1149
8368 1148
8357 1147
8374 1146
8353 1145
8332 1144
8321 1143
8302 1142
8305 1141
8276 1140
8277 1139
8260 1138
8255 1137
8254 1136
8249 1135
8202 1134
8199 1133
8198 1132
8183 1131
8182 1130
8179 1129
8166 1128
8175 1127
8142 1126
8135 1125
8140 1124
8139 1123
8104 1122
8103 1121
8082 1120
8077 1119
8066 1118
8055 1117
8050 1116
8033 1115
8036 1114
8011 1113
8012 1112
7987 1111
7966 1110
7971 1109
7972 1108
7971 1107
7956 1106
7927 1105
7918 1104
7899 1103
7898 1102
7895 1101
7884 1100
7877 1099
7868 1098
7857 1097
7848 1096
7843 1095
7842 1094
7817 1093
7806 1092
7811 1091
7776 1090
7775 1089
7754 1088
7753 1087
7748 1086
7735 1085
7740 1084
7707 1083
7706 1082
7701 1081
7700 1080
7669 1079
7678 1078
7647 1077
7648 1076
7637 1075
7636 1074
7629 1073
7600 1072
7597 1071
7584 1070
7585 1069
7584 1068
7553 1067
7560 1066
7557 1065
7536 1064
7567 1063
7528 1062
7521 1061
7502 1060
7491 1059
7492 1058
7491 1057
7482 1056
7493 1055
7450 1054
7441 1053
7430 1052
7429 1051
7412 1050
7399 1049
7408 1048
7387 1047
7380 1046
7353 1045
7358 1044
7357 1043
7340 1042
7333 1041
7314 1040
7319 1039
7326 1038
7289 1037
7276 1036
7275 1035
7286 1034
7255 1033
7250 1032
7251 1031
7242 1030
7225 1029
7224 1028
7221 1027
7214 1026
7211 1025
7194 1024
7189 1023
7170 1022
7177 1021
7172 1020
7139 1019
7152 1018
7121 1017
7120 1016
7117 1015
7112 1014
7089 1013
7102 1012
7093 1011
7074 1010
7075 1009
7064 1008
7063 1007
7034 1006
7027 1005
7020 1004
7023 1003
6996 1002
6999 1001
6996 1000
6989 999
6974 998
6957 997
6974 996
6945 995
6944 994
6921 993
6916 992
6923 991
6908 990
6903 989
6890 988
6889 987
6878 986
6877 985
6856 984
6853 983
6818 982
6811 981
6800 980
6807 979
6804 978
6779 977
6762 976
6749 975
6746 974
6741 973
6716 972
6725 971
6728 970
6691 969
6684 968
6699 967
6684 966
6677 965
6676 964
6651 963
6658 962
6619 961
6610 960
6615 959
6592 958
6589 957
6582 956
6593 955
6546 954
6545 953
6544 952
6523 951
6524 950
6505 949
6506 948
6511 947
6480 946
6493 945
6482 944
6481 943
6448 942
6447 941
6442 940
6431 939
6418 938
6407 937
6408 936
6399 935
6398 934
6389 933
6374 932
6347 931
6354 930
6335 929
6326 928
6325 927
6296 926
6299 925
6294 924
6271 923
6254 922
6253 921
6272 920
6239 919
6246 918
6219 917
6218 916
6205 915
6204 914
6199 913
6184 912
6169 911
6166 910
6147 909
6146 908
6145 907
6128 906
6137 905
6102 904
6115 903
6094 902
6093 901
6090 900
6089 899
6062 898
6059 897
6042 896
6035 895
6030 894
6023 893
6018 892
6003 891
6004 890
5969 889
5958 888
5967 887
5948 886
5959 885
5958 884
5913 883
5916 882
5895 881
5894 880
5889 879
5874 878
5881 877
5872 876
5859 875
5840 874
5839 873
5824 872
5823 871
5814 870
5823 869
5790 868
5789 867
5796 866
5787 865
5786 864
5775 863
5768 862
5749 861
5746 860
5713 859
5712 858
5719 857
5716 856
5697 855
5702 854
5667 853
5662 852
5655 851
5664 850
5661 849
5630 848
5645 847
5612 846
5613 845
5608 844
5581 843
5576 842
5601 841
5572 840
5561 839
5550 838
5545 837
5528 836
5537 835
5518 834
5519 833
5508 832
5485 831
5470 830
5463 829
5470 828
5451 827
5456 826
5451 825
5440 824
5431 823
5436 822
5431 821
5426 820
5425 819
5400 818
5381 817
5382 816
5365 815
5364 814
5353 813
5362 812
5343 811
5342 810
5325 809
5318 808
5313 807
5314 806
5295 805
5304 804
5303 803
5290 802
5283 801
5268 800
5245 799
5244 798
5233 797
5224 796
5211 795
5214 794
5219 793
5210 792
5199 791
5198 790
5195 789
5158 788
5183 787
5146 786
5143 785
5126 784
5125 783
5124 782
5125 781
5120 780
5105 779
5084 778
5083 777
5070 776
5069 775
5052 774
5045 773
5030 772
5007 771
5006 770
5017 769
5016 768
4995 767
5002 766
4979 765
4968 764
4967 763
4956 762
4969 761
4946 760
4941 759
4922 758
4921 757
4898 756
4895 755
4896 754
4889 753
4874 752
4863 751
4852 750
4847 749
4856 748
4825 747
4826 746
4817 745
4820 744
4821 743
4814 742
4793 741
4796 740
4787 739
4778 738
4793 737
4762 736
4759 735
4764 734
4745 733
4728 732
4735 731
4742 730
4727 729
4706 728
4705 727
4680 726
4685 725
4678 724
4661 723
4650 722
4639 721
4638 720
4623 719
4632 718
4613 717
4612 716
4609 715
4604 714
4579 713
4598 712
4569 711
4558 710
4539 709
4538 708
4553 707
4536 706
4523 705
4522 704
4515 703
4506 702
4519 701
4494 700
4485 699
4456 698
4455 697
4448 696
4435 695
4450 694
4433 693
4412 692
4407 691
4410 690
4409 689
4388 688
4383 687
4376 686
4371 685
4368 684
4365 683
4366 682
4349 681
4350 680
4317 679
4320 678
4319 677
4287 676
4308 675
4302 674
4265 673
4270 672
4265 671
4264 670
4269 669
4254 668
4235 667
4216 666
4207 665
4206 664
4195 663
4184 662
4191 661
4178 660
4165 659
4166 658
4165 657
4154 656
4156 655
4156 654
4107 653
4096 652
4095 651
4094 650
4087 649
4090 648
4073 647
4078 646
4055 645
4054 644
4065 643
4064 642
4045 641
4040 640
4025 639
4014 638
4013 637
3990 636
4001 635
3986 634
3981 633
3964 632
3963 631
3962 630
3936 629
3951 628
3944 627
3919 626
3910 625
3909 624
3908 623
3909 622
3892 621
3873 620
3872 619
3855 618
3854 617
3853 616
3856 615
3842 614
3841 613
3820 612
3819 611
3818 610
3792 609
3798 608
3797 607
3784 606
3785 605
3784 604
3775 603
3768 602
3757 601
3744 600
3737 599
3744 598
3727 597
3736 596
3729 595
3708 594
3711 593
3720 592
3699 591
3704 590
3695 589
3676 588
3677 587
3668 586
3661 585
3668 584
3655 583
3648 582
3639 581
3628 580
3627 579
3632 578
3621 577
3604 576
3603 575
3592 574
3585 573
3582 572
3569 571
3570 570
3579 569
3564 568
3551 567
3566 566
3543 565
3534 564
3533 563
3512 562
3511 561
3524 560
3497 559
3512 558
3507 557
3506 556
3491 555
3494 554
3473 553
3466 552
3453 551
3462 550
3455 549
3442 548
3439 547
3426 546
3435 545
3426 544
3411 543
3420 542
3399 541
3386 540
3385 539
3362 538
3353 537
3358 536
3345 535
3362 534
3351 533
3340 532
3327 531
3322 530
3319 529
3304 528
3295 527
3300 526
3291 525
3260 524
3265 523
3246 522
3261 521
3246 520
3211 519
3220 518
3181 517
3184 516
3197 515
3176 514
3165 513
3186 512
3159 511
3164 510
3145 509
3136 508
3149 507
3134 506
3127 505
3118 504
3091 503
3080 502
3101 501
3084 500
3083 499
3072 498
3059 497
3046 496
3031 495
3034 494
3021 493
3020 492
3013 491
3002 490
3001 489
2974 488
2977 487
2964 486
2949 485
2952 484
2929 483
2934 482
2933 481
2918 480
2903 479
2910 478
2881 477
2872 476
2875 475
2874 474
2849 473
2848 472
2837 471
2824 470
2819 469
2814 468
2801 467
2806 466
2787 465
2794 464
2781 463
2775 462
2772 461
2743 460
2750 459
2725 458
2724 457
2729 456
2736 455
2725 454
2708 453
2713 452
2698 451
2709 450
2708 449
2685 448
2674 447
2675 446
2662 445
2661 444
2666 443
2659 442
2652 441
2645 440
2626 439
2621 438
2620 437
2625 436
2628 435
2619 434
2618 433
2605 432
2604 431
2569 430
2568 429
2563 428
2552 427
2551 426
2548 425
2527 424
2536 423
2535 422
2506 421
2507 420
2498 419
2471 418
2456 417
2445 416
2446 415
2455 414
2430 413
2409 412
2418 411
2413 410
2412 409
2403 408
2369 407
2388 406
2361 405
2360 404
2355 403
2354 402
2363 401
2346 400
2327 399
2318 398
2317 397
2316 396
2315 395
2298 394
2309 393
2302 392
2295 391
2284 390
2283 389
2282 388
2279 387
2281 386
2268 385
2257 384
2252 383
2251 382
2248 381
2232 380
2241 379
2232 378
2225 377
2212 376
2209 375
2192 374
2179 373
2192 372
2147 371
2144 370
2151 369
2140 368
2143 367
2146 366
2115 365
2120 364
2113 363
2100 362
2103 361
2100 360
2073 359
2074 358
2067 357
2068 356
2061 355
2044 354
2049 353
2040 352
2031 351
2014 350
2021 349
2016 348
1999 347
2006 346
2011 345
1998 344
1997 343
1990 342
1977 341
1968 340
1965 339
1944 338
1959 337
1932 336
1941 335
1922 334
1927 333
1922 332
1925 331
1922 330
1885 329
1882 328
1879 327
1870 326
1841 325
1850 324
1833 323
1844 322
1827 321
1814 320
1809 319
1788 318
1767 317
1774 316
1753 315
1746 314
1745 313
1724 312
1717 311
1696 310
1685 309
1698 308
1699 307
1672 306
1655 305
1654 304
1661 303
1634 302
1635 301
1632 300
1619 299
1620 298
1631 297
1614 296
1605 295
1598 294
1599 293
1594 292
1579 291
1572 290
1555 289
1564 288
1561 287
1546 286
1553 285
1544 284
1547 283
1538 282
1537 281
1542 280
1545 279
1526 278
1519 277
1516 276
1507 275
1504 274
1489 273
1484 272
1465 271
1466 270
1453 269
1450 268
1447 267
1450 266
1429 265
1444 264
1421 263
1424 262
1421 261
1426 260
1413 259
1424 258
1395 257
1382 256
1389 255
1386 254
1367 253
1366 252
1355 251
1364 250
1352 249
1343 248
1340 247
1325 246
1330 245
1325 244
1318 243
1297 242
1300 241
1293 240
1288 239
1285 238
1270 237
1271 236
1278 235
1255 234
1246 233
1245 232
1236 231
1217 230
1216 229
1213 228
1222 227
1199 226
1198 225
1199 224
1188 223
1191 222
1186 221
1171 220
1164 219
1167 218
1156 217
1155 216
1158 215
1155 214
1146 213
1153 212
1130 211
1129 210
1136 209
1121 208
1124 207
1109 206
1108 205
1113 204
1092 203
1093 202
1092 201
1089 200
1082 199
1071 198
1066 197
1047 196
1046 195
1047 194
1044 193
1041 192
1022 191
1035 190
1016 189
999 188
992 187
999 186
982 185
983 184
990 183
975 182
964 181
973 180
958 179
941 178
938 177
933 176
940 175
929 174
938 173
925 172
926 171
915 170
912 169
903 168
892 167
893 166
892 165
889 164
886 163
879 162
866 161
875 160
854 159
845 158
844 157
841 156
840 155
845 154
830 153
833 152
826 151
823 150
816 149
815 148
814 147
797 146
788 145
787 144
776 143
775 142
772 141
753 140
762 139
749 138
746 137
741 136
740 135
735 134
728 133
717 132
718 131
707 130
706 129
703 128
704 127
695 126
682 125
673 124
658 123
659 122
656 121
633 120
622 119
621 118
608 117
597 116
594 115
585 114
592 113
577 112
584 111
575 110
572 109
569 108
566 107
561 106
546 105
559 104
542 103
541 102
538 101
535 100
528 99
537 98
532 97
515 96
514 95
511 94
518 93
505 92
494 91
499 90
496 89
493 88
490 87
471 86
478 85
463 84
460 83
467 82
462 81
451 80
460 79
433 78
432 77
425 76
422 75
405 74
384 73
387 72
382 71
389 70
378 69
385 68
372 67
366 66
363 65
354 64
351 63
353 62
342 61
333 60
318 59
315 58
320 57
317 56
298 55
304 54
289 53
278 52
281 51
278 50
