531 50
541 51
551 52
561 53
571 54
581 55
591 56
601 57
611 58
621 59
631 60
641 61
651 62
661 63
671 64
681 65
691 66
701 67
711 68
721 69
731 70
741 71
751 72
761 73
771 74
781 75
791 76
801 77
811 78
821 79
831 80
841 81
851 82
861 83
871 84
881 85
891 86
901 87
911 88
921 89
931 90
941 91
951 92
961 93
971 94
981 95
991 96
1001 97
1011 98
1021 99
1031 100
1041 101
1051 102
1061 103
1071 104
1081 105
1091 106
1101 107
1111 108
1121 109
1131 110
1141 111
1151 112
1161 113
1171 114
1181 115
1191 116
1201 117
1211 118
1221 119
1231 120
1241 121
1251 122
1261 123
1271 124
1281 125
1291 126
1301 127
1311 128
1321 129
1331 130
1341 131
1351 132
1361 133
1371 134
1381 135
1391 136
1401 137
1411 138
1421 139
1431 140
1441 141
1451 142
1461 143
1471 144
1481 145
1491 146
1501 147
1511 148
1521 149
1531 150
1541 151
1551 152
1561 153
1571 154
1581 155
1591 156
1601 157
1611 158
1621 159
1631 160
1641 161
1651 162
1661 163
1671 164
1681 165
1691 166
1701 167
1711 168
1721 169
1731 170
1741 171
1751 172
1761 173
1771 174
1781 175
1791 176
1801 177
1811 178
1821 179
1831 180
1841 181
1851 182
1861 183
1871 184
1881 185
1891 186
1901 187
1911 188
1921 189
1931 190
1941 191
1951 192
1961 193
1971 194
1981 195
1991 196
2001 197
2011 198
2021 199
2031 200
2041 201
2051 202
2061 203
2071 204
2081 205
2091 206
2101 207
2111 208
2121 209
2131 210
2141 211
2151 212
2161 213
2171 214
2181 215
2191 216
2201 217
2211 218
2221 219
2231 220
2241 221
2251 222
2261 223
2271 224
2281 225
2291 226
2301 227
2311 228
2321 229
2331 230
2341 231
2351 232
2361 233
2371 234
2381 235
2391 236
2401 237
2411 238
2421 239
2431 240
2441 241
2451 242
2461 243
2471 244
2481 245
2491 246
2501 247
2511 248
2521 249
2531 250
2541 251
2551 252
2561 253
2571 254
2581 255
2591 256
2601 257
2611 258
2621 259
2631 260
2641 261
2651 262
2661 263
2671 264
2681 265
2691 266
2701 267
2711 268
2721 269
2731 270
2741 271
2751 272
2761 273
2771 274
2781 275
2791 276
2801 277
2811 278
2821 279
2831 280
2841 281
2851 282
2861 283
2871 284
2881 285
2891 286
2901 287
2911 288
2921 289
2931 290
2941 291
2951 292
2961 293
2971 294
2981 295
2991 296
3001 297
3011 298
3021 299
3031 300
3041 301
3051 302
3061 303
3071 304
3081 305
3091 306
3101 307
3111 308
3121 309
3131 310
3141 311
3151 312
3161 313
3171 314
3181 315
3191 316
3201 317
3211 318
3221 319
3231 320
3241 321
3251 322
3261 323
3271 324
3281 325
3291 326
3301 327
3311 328
3321 329
3331 330
3341 331
3351 332
3361 333
3371 334
3381 335
3391 336
3401 337
3411 338
3421 339
3431 340
3441 341
3451 342
3461 343
3471 344
3481 345
3491 346
3501 347
3511 348
3521 349
3531 350
3541 351
3551 352
3561 353
3571 354
3581 355
3591 356
3601 357
3611 358
3621 359
3631 360
3641 361
3651 362
3661 363
3671 364
3681 365
3691 366
3701 367
3711 368
3721 369
3731 370
3741 371
3751 372
3761 373
3771 374
3781 375
3791 376
3801 377
3811 378
3821 379
3831 380
3841 381
3851 382
3861 383
3871 384
3881 385
3891 386
3901 387
3911 388
3921 389
3931 390
3941 391
3951 392
3961 393
3971 394
3981 395
3991 396
4001 397
4011 398
4021 399
4031 400
4041 401
4051 402
4061 403
4071 404
4081 405
4091 406
4101 407
4111 408
4121 409
4131 410
4141 411
4151 412
4161 413
4171 414
4181 415
4191 416
4201 417
4211 418
4221 419
4231 420
4241 421
4251 422
4261 423
4271 424
4281 425
4291 426
4301 427
4311 428
4321 429
4331 430
4341 431
4351 432
4361 433
4371 434
4381 435
4391 436
4401 437
4411 438
4421 439
4431 440
4441 441
4451 442
4461 443
4471 444
4481 445
4491 446
4501 447
4511 448
4521 449
4531 450
4541 451
4551 452
4561 453
4571 454
4581 455
4591 456
4601 457
4611 458
4621 459
4631 460
4641 461
4651 462
4661 463
4671 464
4681 465
4691 466
4701 467
4711 468
4721 469
4731 470
4741 471
4751 472
4761 473
4771 474
4781 475
4791 476
4801 477
4811 478
4821 479
4831 480
4841 481
4851 482
4861 483
4871 484
4881 485
4891 486
4901 487
4911 488
4921 489
4931 490
4941 491
4951 492
4961 493
4971 494
4981 495
4991 496
5001 497
5011 498
5021 499
5031 500
5041 501
5051 502
5061 503
5071 504
5081 505
5091 506
5101 507
5111 508
5121 509
5131 510
5141 511
5151 512
5161 513
5171 514
5181 515
5191 516
5201 517
5211 518
5221 519
5231 520
5241 521
5251 522
5261 523
5271 524
5281 525
5291 526
5301 527
5311 528
5321 529
5331 530
5341 531
5351 532
5361 533
5371 534
5381 535
5391 536
5401 537
5411 538
5421 539
5431 540
5441 541
5451 542
5461 543
5471 544
5481 545
5491 546
5501 547
5511 548
5521 549
5531 550
5541 551
5551 552
5561 553
5571 554
5581 555
5591 556
5601 557
5611 558
5621 559
5631 560
5641 561
5651 562
5661 563
5671 564
5681 565
5691 566
5701 567
5711 568
5721 569
5731 570
5741 571
5751 572
5761 573
5771 574
5781 575
5791 576
5801 577
5811 578
5821 579
5831 580
5841 581
5851 582
5861 583
5871 584
5881 585
5891 586
5901 587
5911 588
5921 589
5931 590
5941 591
5951 592
5961 593
5971 594
5981 595
5991 596
6001 597
6011 598
6021 599
6031 600
6041 601
6051 602
6061 603
6071 604
6081 605
6091 606
6101 607
6111 608
6121 609
6131 610
6141 611
6151 612
6161 613
6171 614
6181 615
6191 616
6201 617
6211 618
6221 619
6231 620
6241 621
6251 622
6261 623
6271 624
6281 625
6291 626
6301 627
6311 628
6321 629
6331 630
6341 631
6351 632
6361 633
6371 634
6381 635
6391 636
6401 637
6411 638
6421 639
6431 640
6441 641
6451 642
6461 643
6471 644
6481 645
6491 646
6501 647
6511 648
6521 649
6531 650
6541 651
6551 652
6561 653
6571 654
6581 655
6591 656
6601 657
6611 658
6621 659
6631 660
6641 661
6651 662
6661 663
6671 664
6681 665
6691 666
6701 667
6711 668
6721 669
6731 670
6741 671
6751 672
6761 673
6771 674
6781 675
6791 676
6801 677
6811 678
6821 679
6831 680
6841 681
6851 682
6861 683
6871 684
6881 685
6891 686
6901 687
6911 688
6921 689
6931 690
6941 691
6951 692
6961 693
6971 694
6981 695
6991 696
7001 697
7011 698
7021 699
7031 700
7041 701
7051 702
7061 703
7071 704
7081 705
7091 706
7101 707
7111 708
7121 709
7131 710
7141 711
7151 712
7161 713
7171 714
7181 715
7191 716
7201 717
7211 718
7221 719
7231 720
7241 721
7251 722
7261 723
7271 724
7281 725
7291 726
7301 727
7311 728
7321 729
7331 730
7341 731
7351 732
7361 733
7371 734
7381 735
7391 736
7401 737
7411 738
7421 739
7431 740
7441 741
7451 742
7461 743
7471 744
7481 745
7491 746
7501 747
7511 748
7521 749
7531 750
7541 751
7551 752
7561 753
7571 754
7581 755
7591 756
7601 757
7611 758
7621 759
7631 760
7641 761
7651 762
7661 763
7671 764
7681 765
7691 766
7701 767
7711 768
7721 769
7731 770
7741 771
7751 772
7761 773
7771 774
7781 775
7791 776
7801 777
7811 778
7821 779
7831 780
7841 781
7851 782
7861 783
7871 784
7881 785
7891 786
7901 787
7911 788
7921 789
7931 790
7941 791
7951 792
7961 793
7971 794
7981 795
7991 796
8001 797
8011 798
8021 799
8031 800
8041 801
8051 802
8061 803
8071 804
8081 805
8091 806
8101 807
8111 808
8121 809
8131 810
8141 811
8151 812
8161 813
8171 814
8181 815
8191 816
8201 817
8211 818
8221 819
8231 820
8241 821
8251 822
8261 823
8271 824
8281 825
8291 826
8301 827
8311 828
8321 829
8331 830
8341 831
8351 832
8361 833
8371 834
8381 835
8391 836
8401 837
8411 838
8421 839
8431 840
8441 841
8451 842
8461 843
8471 844
8481 845
8491 846
8501 847
8511 848
8521 849
8531 850
8541 851
8551 852
8561 853
8571 854
8581 855
8591 856
8601 857
8611 858
8621 859
8631 860
8641 861
8651 862
8661 863
8671 864
8681 865
8691 866
8701 867
8711 868
8721 869
8731 870
8741 871
8751 872
8761 873
8771 874
8781 875
8791 876
8801 877
8811 878
8821 879
8831 880
8841 881
8851 882
8861 883
8871 884
8881 885
8891 886
8901 887
8911 888
8921 889
8931 890
8941 891
8951 892
8961 893
8971 894
8981 895
8991 896
9001 897
9011 898
9021 899
9031 900
9041 901
9051 902
9061 903
9071 904
9081 905
9091 906
9101 907
9111 908
9121 909
9131 910
9141 911
9151 912
9161 913
9171 914
9181 915
9191 916
9201 917
9211 918
9221 919
9231 920
9241 921
9251 922
9261 923
9271 924
9281 925
9291 926
9301 927
9311 928
9321 929
9331 930
9341 931
9351 932
9361 933
9371 934
9381 935
9391 936
9401 937
9411 938
9421 939
9431 940
9441 941
9451 942
9461 943
9471 944
9481 945
9491 946
9501 947
9511 948
9521 949
9531 950
9541 951
9551 952
9561 953
9571 954
9581 955
9591 956
9601 957
9611 958
9621 959
9631 960
9641 961
9651 962
9661 963
9671 964
9681 965
9691 966
9701 967
9711 968
9721 969
9731 970
9741 971
9751 972
9761 973
9771 974
9781 975
9791 976
9801 977
9811 978
9821 979
9831 980
9841 981
9851 982
9861 983
9871 984
9881 985
9891 986
9901 987
9911 988
9921 989
9931 990
9941 991
9951 992
9961 993
9971 994
9981 995
9991 996
10001 997
10011 998
10021 999
10031 1000
10041 1001
10051 1002
10061 1003
10071 1004
10081 1005
10091 1006
10101 1007
10111 1008
10121 1009
10131 1010
10141 1011
10151 1012
10161 1013
10171 1014
10181 1015
10191 1016
10201 1017
10211 1018
10221 1019
10231 1020
10241 1021
10251 1022
10261 1023
10271 1024
10281 1025
10291 1026
10301 1027
10311 1028
10321 1029
10331 1030
10341 1031
10351 1032
10361 1033
10371 1034
10381 1035
10391 1036
10401 1037
10411 1038
10421 1039
10431 1040
10441 1041
10451 1042
10461 1043
10471 1044
10481 1045
10491 1046
10501 1047
10511 1048
10521 1049
10531 1050
10541 1051
10551 1052
10561 1053
10571 1054
10581 1055
10591 1056
10601 1057
10611 1058
10621 1059
10631 1060
10641 1061
10651 1062
10661 1063
10671 1064
10681 1065
10691 1066
10701 1067
10711 1068
10721 1069
10731 1070
10741 1071
10751 1072
10761 1073
10771 1074
10781 1075
10791 1076
10801 1077
10811 1078
10821 1079
10831 1080
10841 1081
10851 1082
10861 1083
10871 1084
10881 1085
10891 1086
10901 1087
10911 1088
10921 1089
10931 1090
10941 1091
10951 1092
10961 1093
10971 1094
10981 1095
10991 1096
11001 1097
11011 1098
11021 1099
11031 1100
11041 1101
11051 1102
11061 1103
11071 1104
11081 1105
11091 1106
11101 1107
11111 1108
11121 1109
11131 1110
11141 1111
11151 1112
11161 1113
11171 1114
11181 1115
11191 1116
11201 1117
11211 1118
11221 1119
11231 1120
11241 1121
11251 1122
11261 1123
11271 1124
11281 1125
11291 1126
11301 1127
11311 1128
11321 1129
11331 1130
11341 1131
11351 1132
11361 1133
11371 1134
11381 1135
11391 1136
11401 1137
11411 1138
11421 1139
11431 1140
11441 1141
11451 1142
11461 1143
11471 1144
11481 1145
11491 1146
11501 1147
11511 1148
11521 1149
11531 1150
11541 1151
11551 1152
11561 1153
11571 1154
11581 1155
11591 1156
11601 1157
11611 1158
11621 1159
11631 1160
11641 1161
11651 1162
11661 1163
11671 1164
11681 1165
11691 1166
11701 1167
11711 1168
11721 1169
11731 1170
11741 1171
11751 1172
11761 1173
11771 1174
11781 1175
11791 1176
11801 1177
11811 1178
11821 1179
11831 1180
11841 1181
11851 1182
11861 1183
11871 1184
11881 1185
11891 1186
11901 1187
11911 1188
11921 1189
11931 1190
11941 1191
11951 1192
11961 1193
11971 1194
11981 1195
11991 1196
12001 1197
12011 1198
12021 1199
12031 1200
12041 1201
12051 1202
12061 1203
12071 1204
12081 1205
12091 1206
12101 1207
12111 1208
12121 1209
12131 1210
12141 1211
12151 1212
12161 1213
12171 1214
12181 1215
12191 1216
12201 1217
12211 1218
12221 1219
12231 1220
12241 1221
12251 1222
12261 1223
12271 1224
12281 1225
12291 1226
12301 1227
12311 1228
12321 1229
12331 1230
12341 1231
12351 1232
12361 1233
12371 1234
12381 1235
12391 1236
12401 1237
12411 1238
12421 1239
12431 1240
12441 1241
12451 1242
12461 1243
12471 1244
12481 1245
12491 1246
12501 1247
12511 1248
12521 1249
12531 1250
12541 1251
12551 1252
12561 1253
12571 1254
12581 1255
12591 1256
12601 1257
12611 1258
12621 1259
12631 1260
12641 1261
12651 1262
12661 1263
12671 1264
12681 1265
12691 1266
12701 1267
12711 1268
12721 1269
12731 1270
12741 1271
12751 1272
12761 1273
12771 1274
12781 1275
12791 1276
12801 1277
12811 1278
12821 1279
12831 1280
12841 1281
12851 1282
12861 1283
12871 1284
12881 1285
12891 1286
12901 1287
12911 1288
12921 1289
12931 1290
12941 1291
12951 1292
12961 1293
12971 1294
12981 1295
12991 1296
13001 1297
13011 1298
13021 1299
13031 1300
13041 1301
13051 1302
13061 1303
13071 1304
13081 1305
13091 1306
13101 1307
13111 1308
13121 1309
13131 1310
13141 1311
13151 1312
13161 1313
13171 1314
13181 1315
13191 1316
13201 1317
13211 1318
13221 1319
13231 1320
13241 1321
13251 1322
13261 1323
13271 1324
13281 1325
13291 1326
13301 1327
13311 1328
13321 1329
13331 1330
13341 1331
13351 1332
13361 1333
13371 1334
13381 1335
13391 1336
13401 1337
13411 1338
13421 1339
13431 1340
13441 1341
13451 1342
13461 1343
13471 1344
13481 1345
13491 1346
13501 1347
13511 1348
13521 1349
13531 1350
13541 1351
13551 1352
13561 1353
13571 1354
13581 1355
13591 1356
13601 1357
13611 1358
13621 1359
13631 1360
13641 1361
13651 1362
13661 1363
13671 1364
13681 1365
13691 1366
13701 1367
13711 1368
13721 1369
13731 1370
13741 1371
13751 1372
13761 1373
13771 1374
13781 1375
13791 1376
13801 1377
13811 1378
13821 1379
13831 1380
13841 1381
13851 1382
13861 1383
13871 1384
13881 1385
13891 1386
13901 1387
13911 1388
13921 1389
13931 1390
13941 1391
13951 1392
13961 1393
13971 1394
13981 1395
13991 1396
14001 1397
14011 1398
14021 1399
14031 1400
14041 1401
14051 1402
14061 1403
14071 1404
14081 1405
14091 1406
14101 1407
14111 1408
14121 1409
14131 1410
14141 1411
14151 1412
14161 1413
14171 1414
14181 1415
14191 1416
14201 1417
14211 1418
14221 1419
14231 1420
14241 1421
14251 1422
14261 1423
14271 1424
14281 1425
14291 1426
14301 1427
14311 1428
14321 1429
14331 1430
14341 1431
14351 1432
14361 1433
14371 1434
14381 1435
14391 1436
14401 1437
14411 1438
14421 1439
14431 1440
14441 1441
14451 1442
14461 1443
14471 1444
14481 1445
14491 1446
14501 1447
14511 1448
14521 1449
14531 1450
14541 1451
14551 1452
14561 1453
14571 1454
14581 1455
14591 1456
14601 1457
14611 1458
14621 1459
14631 1460
14641 1461
14651 1462
14661 1463
14671 1464
14681 1465
14691 1466
14701 1467
14711 1468
14721 1469
14731 1470
14741 1471
14751 1472
14761 1473
14771 1474
14781 1475
14791 1476
14801 1477
14811 1478
14821 1479
14831 1480
14841 1481
14851 1482
14861 1483
14871 1484
14881 1485
14891 1486
14901 1487
14911 1488
14921 1489
14931 1490
14941 1491
14951 1492
14961 1493
14971 1494
14981 1495
14991 1496
15001 1497
15011 1498
15021 1499
15031 1500
15041 1501
15051 1502
15061 1503
15071 1504
15081 1505
15091 1506
15101 1507
15111 1508
15121 1509
15131 1510
15141 1511
15151 1512
15161 1513
15171 1514
15181 1515
15191 1516
15201 1517
15211 1518
15221 1519
15231 1520
15241 1521
15251 1522
15261 1523
15271 1524
15281 1525
15291 1526
15301 1527
15311 1528
15321 1529
15331 1530
15341 1531
15351 1532
15361 1533
15371 1534
15381 1535
15391 1536
15401 1537
15411 1538
15421 1539
15431 1540
15441 1541
15451 1542
15461 1543
15471 1544
15481 1545
15491 1546
15501 1547
15511 1548
15521 1549
15531 1550
15541 1551
15551 1552
15561 1553
15571 1554
15581 1555
15591 1556
15601 1557
15611 1558
15621 1559
15631 1560
15641 1561
15651 1562
15661 1563
15671 1564
15681 1565
15691 1566
15701 1567
15711 1568
15721 1569
15731 1570
15741 1571
15751 1572
15761 1573
15771 1574
15781 1575
15791 1576
15801 1577
15811 1578
15821 1579
15831 1580
15841 1581
15851 1582
15861 1583
15871 1584
15881 1585
15891 1586
15901 1587
15911 1588
15921 1589
15931 1590
15941 1591
15951 1592
15961 1593
15971 1594
15981 1595
15991 1596
16001 1597
16011 1598
16021 1599
16031 1600
16041 1601
16051 1602
16061 1603
16071 1604
16081 1605
16091 1606
16101 1607
16111 1608
16121 1609
16131 1610
16141 1611
16151 1612
16161 1613
16171 1614
16181 1615
16191 1616
16201 1617
16211 1618
16221 1619
16231 1620
16241 1621
16251 1622
16261 1623
16271 1624
16281 1625
16291 1626
16301 1627
16311 1628
16321 1629
16331 1630
16341 1631
16351 1632
16361 1633
16371 1634
16381 1635
16391 1636
16401 1637
16411 1638
16421 1639
16431 1640
16441 1641
16451 1642
16461 1643
16471 1644
16481 1645
16491 1646
16501 1647
16511 1648
16521 1649
16531 1650
16541 1651
16551 1652
16561 1653
16571 1654
16581 1655
16591 1656
16601 1657
16611 1658
16621 1659
16631 1660
16641 1661
16651 1662
16661 1663
16671 1664
16681 1665
16691 1666
16701 1667
16711 1668
16721 1669
16731 1670
16741 1671
16751 1672
16761 1673
16771 1674
16781 1675
16791 1676
16801 1677
16811 1678
16821 1679
16831 1680
16841 1681
16851 1682
16861 1683
16871 1684
16881 1685
16891 1686
16901 1687
16911 1688
16921 1689
16931 1690
16941 1691
16951 1692
16961 1693
16971 1694
16981 1695
16991 1696
17001 1697
17011 1698
17021 1699
17031 1700
17041 1701
17051 1702
17061 1703
17071 1704
17081 1705
17091 1706
17101 1707
17111 1708
17121 1709
17131 1710
17141 1711
17151 1712
17161 1713
17171 1714
17181 1715
17191 1716
17201 1717
17211 1718
17221 1719
17231 1720
17241 1721
17251 1722
17261 1723
17271 1724
17281 1725
17291 1726
17301 1727
17311 1728
17321 1729
17331 1730
17341 1731
17351 1732
17361 1733
17371 1734
17381 1735
17391 1736
17401 1737
17411 1738
17421 1739
17431 1740
17441 1741
17451 1742
17461 1743
17471 1744
17481 1745
17491 1746
17501 1747
17511 1748
17521 1749
17531 1750
17541 1751
17551 1752
17561 1753
17571 1754
17581 1755
17591 1756
17601 1757
17611 1758
17621 1759
17631 1760
17641 1761
17651 1762
17661 1763
17671 1764
17681 1765
17691 1766
17701 1767
17711 1768
17721 1769
17731 1770
17741 1771
17751 1772
17761 1773
17771 1774
17781 1775
17791 1776
17801 1777
17811 1778
17821 1779
17831 1780
17841 1781
17851 1782
17861 1783
17871 1784
17881 1785
17891 1786
17901 1787
17911 1788
17921 1789
17931 1790
17941 1791
17951 1792
17961 1793
17971 1794
17981 1795
17991 1796
18001 1797
18011 1798
18021 1799
18031 1800
18041 1801
18051 1802
18061 1803
18071 1804
18081 1805
18091 1806
18101 1807
18111 1808
18121 1809
18131 1810
18141 1811
18151 1812
18161 1813
18171 1814
18181 1815
18191 1816
18201 1817
18211 1818
18221 1819
18231 1820
18241 1821
18251 1822
18261 1823
18271 1824
18281 1825
18291 1826
18301 1827
18311 1828
18321 1829
18331 1830
18341 1831
18351 1832
18361 1833
18371 1834
18381 1835
18391 1836
18401 1837
18411 1838
18421 1839
18431 1840
18441 1841
18451 1842
18461 1843
18471 1844
18481 1845
18491 1846
18501 1847
18511 1848
18521 1849
18531 1850
18541 1851
18551 1852
18561 1853
18571 1854
18581 1855
18591 1856
18601 1857
18611 1858
18621 1859
18631 1860
18641 1861
18651 1862
18661 1863
18671 1864
18681 1865
18691 1866
18701 1867
18711 1868
18721 1869
18731 1870
18741 1871
18751 1872
18761 1873
18771 1874
18781 1875
18791 1876
18801 1877
18811 1878
18821 1879
18831 1880
18841 1881
18851 1882
18861 1883
18871 1884
18881 1885
18891 1886
18901 1887
18911 1888
18921 1889
18931 1890
18941 1891
18951 1892
18961 1893
18971 1894
18981 1895
18991 1896
19001 1897
19011 1898
19021 1899
19031 1900
19041 1901
19051 1902
19061 1903
19071 1904
19081 1905
19091 1906
19101 1907
19111 1908
19121 1909
19131 1910
19141 1911
19151 1912
19161 1913
19171 1914
19181 1915
19191 1916
19201 1917
19211 1918
19221 1919
19231 1920
19241 1921
19251 1922
19261 1923
19271 1924
19281 1925
19291 1926
19301 1927
19311 1928
19321 1929
19331 1930
19341 1931
19351 1932
19361 1933
19371 1934
19381 1935
19391 1936
19401 1937
19411 1938
19421 1939
19431 1940
19441 1941
19451 1942
19461 1943
19471 1944
19481 1945
19491 1946
19501 1947
19511 1948
19521 1949
19531 1950
19541 1951
19551 1952
19561 1953
19571 1954
19581 1955
19591 1956
19601 1957
19611 1958
19621 1959
19631 1960
19641 1961
19651 1962
19661 1963
19671 1964
19681 1965
19691 1966
19701 1967
19711 1968
19721 1969
19731 1970
19741 1971
19751 1972
19761 1973
19771 1974
19781 1975
19791 1976
19801 1977
19811 1978
19821 1979
19831 1980
19841 1981
19851 1982
19861 1983
19871 1984
19881 1985
19891 1986
19901 1987
19911 1988
19921 1989
19931 1990
19941 1991
19951 1992
19961 1993
19971 1994
19981 1995
19991 1996
20001 1997
20011 1998
20021 1999
