51 1329 1
52 1382 0
53 1381 0
54 1406 0
55 1439 0
56 1467 0
57 1493 0
58 1547 2
59 1584 1
60 1563 0
61 1597 1
62 1618 1
63 1647 0
64 1683 0
65 1705 1
66 1738 2
67 1759 1
68 1811 1
69 1821 1
70 1870 2
71 1851 0
72 1911 0
73 1928 1
74 1954 1
75 1955 1
76 1979 1
77 2005 1
78 2068 0
79 2063 0
80 2088 0
81 2115 0
82 2147 0
83 2204 1
84 2222 1
85 2224 1
86 2287 1
87 2313 1
88 2330 1
89 2323 0
90 2390 2
91 2399 0
92 2427 0
93 2469 1
94 2485 4
95 2500 1
96 2519 0
97 2571 2
98 2597 2
99 2579 0
100 2627 0
101 2659 0
102 2679 0
103 2695 0
104 2755 1
105 2777 0
106 2803 0
107 2834 1
108 2860 1
109 2882 3
110 2903 5
111 2934 0
112 2949 2
113 2991 0
114 3013 2
115 3043 0
116 3061 2
117 3095 0
118 3116 3
119 3142 0
120 3173 0
121 3197 1
122 3221 2
123 3243 4
124 3242 2
125 3299 0
126 3319 0
127 3355 0
128 3329 1
129 3401 0
130 3392 1
131 3409 0
132 3434 0
133 3465 0
134 3513 0
135 3561 1
136 3581 2
137 3603 1
138 3601 0
139 3618 1
140 3645 0
141 3717 1
142 3733 1
143 3733 0
144 3795 1
145 3819 2
146 3829 1
147 3825 0
148 3893 4
149 3923 2
150 3905 0
151 3975 2
152 3979 2
153 4018 1
154 4057 0
155 4033 1
156 4061 1
157 4085 0
158 4110 0
159 4185 1
160 4211 1
161 4197 0
162 4217 0
163 4276 1
164 4315 1
165 4339 2
166 4318 2
167 4395 0
168 4419 1
169 4445 1
170 4425 0
171 4471 1
172 4505 2
173 4549 1
174 4542 1
175 4601 1
176 4627 1
177 4653 1
178 4679 1
179 4671 2
180 4733 0
181 4757 1
182 4784 1
183 4809 1
184 4834 1
185 4861 1
186 4859 1
187 4913 1
188 4939 1
189 4931 1
190 4987 3
191 4971 1
192 5043 1
193 5068 2
194 5093 2
195 5112 1
196 5099 0
197 5163 2
198 5167 1
199 5221 3
200 5239 2
201 5263 3
202 5298 4
203 5327 2
204 5349 4
205 5379 2
206 5405 2
207 5433 1
208 5457 2
209 5481 3
210 5506 3
211 5531 4
212 5563 1
213 5589 1
214 5609 4
215 5639 2
216 5665 2
217 5693 1
218 5719 1
219 5725 2
220 5752 2
221 5797 1
222 5825 0
223 5831 3
224 5875 1
225 5887 0
226 5883 0
227 5955 0
228 5981 0
229 5959 0
230 6032 1
231 6009 0
232 6081 2
233 6109 1
234 6135 1
235 6163 0
236 6188 0
237 6208 0
238 6237 2
239 6265 1
240 6287 3
241 6312 0
242 6345 0
243 6369 1
244 6391 3
245 6423 0
246 6449 0
247 6474 1
248 6495 3
249 6521 3
250 6551 1
251 6575 2
252 6601 2
253 6606 2
254 6655 1
255 6679 2
256 6707 1
257 6728 2
258 6756 3
259 6769 4
260 6809 2
261 6825 4
262 6850 4
263 6887 2
264 6909 4
265 6937 3
266 6965 2
267 6989 3
268 7017 2
269 7045 1
270 7069 2
271 7070 5
272 7119 3
273 7097 3
274 7126 1
275 7171 1
276 7229 0
277 7255 0
278 7277 2
279 7275 1
280 7329 2
281 7359 0
282 7371 1
283 7359 1
284 7437 0
285 7461 1
286 7474 2
287 7511 2
288 7536 2
289 7563 2
290 7582 1
291 7617 1
292 7643 1
293 7669 1
294 7695 1
295 7721 1
296 7745 2
297 7773 1
298 7799 1
299 7823 2
300 7851 1
301 7876 2
302 7901 2
303 7927 2
304 7953 2
305 7979 2
306 8005 2
307 8029 3
308 8057 2
309 8083 2
310 8109 2
311 8137 1
312 8157 0
313 8191 0
314 8216 0
315 8243 0
316 8241 0
317 8293 1
318 8299 0
319 8309 0
320 8371 1
321 8397 1
322 8425 0
323 8447 2
324 8477 0
325 8463 0
326 8527 1
327 8555 0
328 8580 1
329 8607 0
330 8631 1
331 8657 1
332 8685 0
333 8709 1
334 8719 1
335 8761 1
336 8789 0
337 8813 1
338 8841 0
339 8865 1
340 8890 1
341 8873 1
342 8945 0
343 8971 0
344 8993 2
345 9017 3
346 9047 1
347 9071 2
348 9101 0
349 9127 0
350 9101 2
351 9154 0
352 9205 0
353 9229 1
354 9257 0
355 9282 1
356 9309 0
357 9335 0
358 9361 0
359 9381 3
360 9407 3
361 9439 0
362 9465 0
363 9483 1
364 9517 0
365 9539 2
366 9564 2
367 9595 0
368 9617 2
369 9645 1
370 9666 0
371 9699 0
372 9725 0
373 9747 2
374 9775 1
375 9803 0
376 9829 0
377 9855 0
378 9877 2
379 9903 2
380 9933 0
381 9959 0
382 9984 1
383 10009 1
384 10035 1
385 10063 0
386 10089 0
387 10085 2
388 10141 0
389 10165 1
390 10191 1
391 10215 2
392 10240 2
393 10269 1
394 10295 1
395 10323 0
396 10347 1
397 10375 0
398 10399 1
399 10427 0
400 10453 0
401 10475 2
402 10487 1
403 10527 2
404 10555 1
405 10535 0
406 10567 3
407 10633 1
408 10659 1
409 10686 1
410 10711 1
411 10695 1
412 10759 3
413 10789 1
414 10810 3
415 10841 1
416 10869 0
417 10893 1
418 10918 1
419 10945 1
420 10973 0
421 10997 1
422 11021 2
423 11051 0
424 11077 0
425 11103 0
426 11127 1
427 11155 0
428 11177 2
429 11201 3
430 11214 3
431 11259 0
432 11283 1
433 11309 1
434 11337 0
435 11363 0
436 11388 1
437 11413 1
438 11441 0
439 11467 0
440 11489 2
441 11513 3
442 11545 0
443 11521 0
444 11546 0
445 11623 0
446 11623 1
447 11675 0
448 11697 2
449 11727 0
450 11753 0
451 11774 2
452 11805 0
453 11831 0
454 11857 0
455 11875 1
456 11909 0
457 11933 1
458 11957 2
459 11981 3
460 12013 0
461 12039 0
462 12017 0
463 12090 1
464 12113 2
465 12141 1
466 12167 1
467 12191 2
468 12219 1
469 12247 0
470 12272 0
471 12299 0
472 12325 0
473 12351 0
474 12377 0
475 12403 0
476 12427 1
477 12455 0
478 12481 0
479 12507 0
480 12529 2
481 12559 0
482 12563 1
483 12609 1
484 12635 1
485 12657 3
486 12685 2
487 12711 2
488 12741 0
489 12763 2
490 12786 4
491 12817 1
492 12837 4
493 12869 1
494 12885 6
495 12895 14
496 12920 14
497 12955 10
498 12989 6
499 13017 5
500 13033 10
501 13065 7
502 13101 2
503 13129 1
504 13151 3
505 13177 3
506 13207 1
507 13231 2
508 13259 1
509 13275 6
510 13309 2
511 13339 0
512 13365 0
513 13387 2
514 13415 1
515 13441 1
516 13465 2
517 13494 1
518 13519 1
519 13545 1
520 13571 1
521 13559 0
522 13584 0
523 13647 2
524 13675 1
525 13692 1
526 13727 1
527 13729 1
528 13733 1
529 13803 2
530 13829 2
531 13853 1
532 13837 3
533 13891 0
534 13935 0
535 13961 1
536 13987 1
537 14015 0
538 14025 2
539 14067 0
540 14093 0
541 14095 1
542 14143 1
543 14169 1
544 14196 1
545 14221 1
546 14249 0
547 14275 0
548 14300 0
549 14327 0
550 14353 0
551 14365 1
552 14405 0
553 14389 0
554 14455 1
555 14483 0
556 14509 0
557 14535 0
558 14517 0
559 14583 2
560 14569 3
561 14639 0
562 14663 1
563 14683 4
564 14717 0
565 14741 1
566 14753 1
567 14793 1
568 14817 2
569 14843 2
570 14871 1
571 14898 1
572 14923 1
573 14949 1
574 14974 1
575 15001 1
576 15027 1
577 15055 0
578 15079 1
579 15105 1
580 15129 2
581 15157 1
582 15181 2
583 15207 2
584 15235 1
585 15263 0
586 15289 0
587 15315 0
588 15339 1
589 15365 1
590 15389 2
591 15417 1
592 15391 2
593 15469 1
594 15495 1
595 15521 1
596 15545 2
597 15571 2
598 15586 1
599 15595 0
600 15620 0
601 15631 0
602 15703 1
603 15727 2
604 15750 1
605 15771 0
606 15805 2
607 15807 0
608 15859 1
609 15885 1
610 15911 1
611 15935 2
612 15963 1
613 15989 1
614 16015 1
615 16041 1
616 16067 1
617 16093 1
618 16119 1
619 16145 1
620 16171 1
621 16197 1
622 16179 0
623 16203 0
624 16227 0
625 16301 0
626 16327 0
627 16354 0
628 16381 0
629 16407 0
630 16413 10
631 16397 20
632 16485 0
633 16509 1
634 16507 15
635 16557 3
636 16587 1
637 16592 1
638 16631 5
639 16653 7
640 16679 7
641 16703 8
642 16733 6
643 16761 5
644 16787 5
645 16769 18
646 16835 7
647 16849 15
648 16895 3
649 16921 3
650 16945 4
651 16965 7
652 16990 7
653 17015 8
654 17039 9
655 17043 20
656 17083 13
657 17103 16
658 17121 22
659 17145 21
660 17195 12
661 17189 25
662 17251 10
663 17265 16
664 17221 49
665 17321 12
666 17355 9
667 17385 8
668 17409 6
669 17431 10
670 17447 13
671 17441 29
672 17517 5
673 17545 4
674 17573 2
675 17601 1
676 17627 1
677 17655 0
678 17680 0
679 17705 1
680 17727 4
681 17745 8
682 17767 13
683 17747 40
684 17735 65
685 17821 31
686 17843 41
687 17883 29
688 17907 38
689 17919 44
690 17947 47
691 17957 36
692 18001 33
693 18023 53
694 18043 58
695 18069 30
696 18093 66
697 18107 66
698 18133 62
699 18149 90
700 18171 60
701 18191 59
702 18219 58
703 18259 57
704 18284 57
705 18313 56
706 18333 59
707 18373 60
708 18413 46
709 18445 39
710 18477 28
711 18503 25
712 18507 31
713 18547 27
714 18523 74
715 18603 29
716 18597 61
717 18647 31
718 18677 24
719 18705 27
720 18737 21
721 18757 23
722 18789 22
723 18817 18
724 18818 23
725 18857 23
726 18885 22
727 18902 21
728 18912 27
729 18965 21
730 18990 21
731 19005 27
732 19039 24
733 19081 16
734 19109 14
735 19127 19
736 19151 19
737 19181 17
738 19213 15
739 19245 11
740 19271 11
741 19301 9
742 19303 2
743 19355 8
744 19381 8
745 19411 6
746 19441 4
747 19469 3
748 19497 2
749 19527 0
750 19545 4
751 19579 0
752 19605 0
753 19631 0
754 19651 3
755 19675 4
756 19700 4
757 19729 3
758 19757 2
759 19787 0
760 19809 2
761 19829 5
762 19841 4
763 19889 1
764 19902 0
765 19943 0
766 19969 0
767 19993 1
768 20015 3
769 20047 0
770 20069 2
771 20095 2
772 20119 3
773 20145 3
774 20175 1
775 20201 1
776 20227 1
777 20249 3
778 20275 3
779 20303 2
780 20331 1
781 20357 1
782 20382 1
783 20409 1
784 20435 1
785 20461 1
786 20485 2
787 20513 1
788 20539 1
789 20551 1
790 20591 1
791 20617 1
792 20643 1
793 20669 1
794 20695 1
795 20721 1
796 20743 3
797 20771 2
798 20799 1
799 20823 2
800 20851 1
801 20873 3
802 20889 2
803 20927 2
804 20955 1
805 20981 1
806 21007 1
807 21033 1
808 21058 1
809 21085 1
810 21111 1
811 21137 1
812 21163 1
813 21189 1
814 21215 1
815 21239 2
816 21244 1
817 21293 1
818 21319 1
819 21345 1
820 21367 3
821 21393 3
822 21419 3
823 21445 3
824 21473 2
825 21497 3
826 21527 1
827 21555 0
828 21577 2
829 21605 1
830 21631 1
831 21657 1
832 21681 2
833 21709 1
834 21734 1
835 21761 1
836 21785 2
837 21813 1
838 21818 1
839 21865 1
840 21893 0
841 21919 0
842 21941 2
843 21921 2
844 21997 0
845 22021 1
846 22047 1
847 22025 1
848 22097 2
849 22125 1
850 22151 1
851 22175 2
852 22201 2
853 22229 1
854 22253 2
855 22277 3
856 22307 1
857 22333 1
858 22359 1
859 22385 1
860 22410 1
861 22437 1
862 22465 0
863 22465 0
864 22513 2
865 22539 2
866 22569 0
867 22591 2
868 22611 1
869 22617 0
870 22661 6
871 22695 2
872 22721 2
873 22749 1
874 22773 2
875 22801 1
876 22829 0
877 22853 1
878 22881 0
879 22873 0
880 22919 1
881 22957 1
882 22981 2
883 23009 1
884 23035 1
885 23061 1
886 23086 1
887 23115 0
888 23141 0
889 23163 2
890 23191 1
891 23219 0
892 23207 6
893 23267 2
894 23289 4
895 23321 1
896 23345 2
897 23373 1
898 23399 1
899 23423 2
900 23451 1
901 23475 2
902 23453 3
903 23527 2
904 23555 1
905 23579 2
906 23577 1
907 23633 1
908 23657 2
909 23685 1
910 23711 1
911 23719 0
912 23744 0
913 23791 0
914 23807 0
915 23799 0
916 23867 1
917 23893 1
918 23921 0
919 23945 1
920 23971 1
921 23995 2
922 24019 3
923 24047 2
924 24075 1
925 24101 1
926 24127 1
927 24131 0
928 24179 1
929 24205 1
930 24231 1
931 24253 3
932 24281 2
933 24309 1
934 24335 1
935 24359 2
936 24387 1
937 24411 2
938 24436 2
939 24463 2
940 24489 2
941 24517 1
942 24543 1
943 24569 1
944 24595 1
945 24621 1
946 24599 1
947 24669 3
948 24697 2
949 24723 2
950 24753 0
951 24733 2
952 24799 3
953 24823 4
954 24847 5
955 24875 4
956 24901 4
957 24925 5
958 24953 4
959 24979 4
960 25005 4
961 25031 4
962 25059 3
963 25067 5
964 25093 5
965 25133 5
966 25165 2
967 25187 4
968 25185 5
969 25221 3
970 25261 6
971 25293 3
972 25321 2
973 25347 2
974 25373 2
975 25399 2
976 25425 2
977 25453 1
978 25479 1
979 25492 0
980 25533 0
981 25557 1
982 25581 2
983 25607 1
984 25635 1
985 25661 1
986 25687 1
987 25713 1
988 25741 0
989 25767 0
990 25792 0
991 25817 1
992 25843 1
993 25869 1
994 25895 1
995 25916 1
996 25919 0
997 25973 1
998 25999 1
999 26025 1
1000 26049 2
