1377 51
1404 52
1431 53
1457 54
1483 55
1509 56
1535 57
1561 58
1587 59
1613 60
1639 61
1665 62
1691 63
1717 64
1743 65
1769 66
1795 67
1821 68
1847 69
1873 70
1899 71
1925 72
1951 73
1977 74
2003 75
2029 76
2055 77
2081 78
2107 79
2133 80
2159 81
2185 82
2211 83
2237 84
2263 85
2289 86
2315 87
2341 88
2367 89
2393 90
2419 91
2445 92
2471 93
2497 94
2523 95
2549 96
2575 97
2601 98
2627 99
2653 100
2679 101
2705 102
2731 103
2757 104
2783 105
2809 106
2835 107
2861 108
2887 109
2913 110
2939 111
2965 112
2991 113
3017 114
3043 115
3069 116
3095 117
3121 118
3147 119
3173 120
3199 121
3225 122
3251 123
3277 124
3303 125
3329 126
3355 127
3381 128
3407 129
3433 130
3459 131
3485 132
3511 133
3537 134
3563 135
3589 136
3615 137
3641 138
3667 139
3693 140
3719 141
3745 142
3771 143
3797 144
3823 145
3849 146
3875 147
3901 148
3927 149
3953 150
3979 151
4005 152
4031 153
4057 154
4083 155
4109 156
4135 157
4161 158
4187 159
4213 160
4239 161
4265 162
4291 163
4317 164
4343 165
4369 166
4395 167
4421 168
4447 169
4473 170
4499 171
4525 172
4551 173
4577 174
4603 175
4629 176
4655 177
4681 178
4707 179
4733 180
4759 181
4785 182
4811 183
4837 184
4863 185
4889 186
4915 187
4941 188
4967 189
4993 190
5019 191
5045 192
5071 193
5097 194
5123 195
5149 196
5175 197
5201 198
5227 199
5253 200
5279 201
5305 202
5331 203
5357 204
5383 205
5409 206
5435 207
5461 208
5487 209
5513 210
5539 211
5565 212
5591 213
5617 214
5643 215
5669 216
5695 217
5721 218
5747 219
5773 220
5799 221
5825 222
5851 223
5877 224
5903 225
5929 226
5955 227
5981 228
6007 229
6033 230
6059 231
6085 232
6111 233
6137 234
6163 235
6189 236
6215 237
6241 238
6267 239
6293 240
6319 241
6345 242
6371 243
6397 244
6423 245
6449 246
6475 247
6501 248
6527 249
6553 250
6579 251
6605 252
6631 253
6657 254
6683 255
6709 256
6735 257
6761 258
6787 259
6813 260
6839 261
6865 262
6891 263
6917 264
6943 265
6969 266
6995 267
7021 268
7047 269
7073 270
7099 271
7125 272
7151 273
7177 274
7203 275
7229 276
7255 277
7281 278
7307 279
7333 280
7359 281
7385 282
7411 283
7437 284
7463 285
7489 286
7515 287
7541 288
7567 289
7593 290
7619 291
7645 292
7671 293
7697 294
7723 295
7749 296
7775 297
7801 298
7827 299
7853 300
7879 301
7905 302
7931 303
7957 304
7983 305
8009 306
8035 307
8061 308
8087 309
8113 310
8139 311
8165 312
8191 313
8217 314
8243 315
8269 316
8295 317
8321 318
8347 319
8373 320
8399 321
8425 322
8451 323
8477 324
8503 325
8529 326
8555 327
8581 328
8607 329
8633 330
8659 331
8685 332
8711 333
8737 334
8763 335
8789 336
8815 337
8841 338
8867 339
8893 340
8919 341
8945 342
8971 343
8997 344
9023 345
9049 346
9075 347
9101 348
9127 349
9153 350
9179 351
9205 352
9231 353
9257 354
9283 355
9309 356
9335 357
9361 358
9387 359
9413 360
9439 361
9465 362
9491 363
9517 364
9543 365
9569 366
9595 367
9621 368
9647 369
9673 370
9699 371
9725 372
9751 373
9777 374
9803 375
9829 376
9855 377
9881 378
9907 379
9933 380
9959 381
9985 382
10011 383
10037 384
10063 385
10089 386
10115 387
10141 388
10167 389
10193 390
10219 391
10245 392
10271 393
10297 394
10323 395
10349 396
10375 397
10401 398
10427 399
10453 400
10479 401
10505 402
10531 403
10557 404
10583 405
10609 406
10635 407
10661 408
10687 409
10713 410
10739 411
10765 412
10791 413
10817 414
10843 415
10869 416
10895 417
10921 418
10947 419
10973 420
10999 421
11025 422
11051 423
11077 424
11103 425
11129 426
11155 427
11181 428
11207 429
11233 430
11259 431
11285 432
11311 433
11337 434
11363 435
11389 436
11415 437
11441 438
11467 439
11493 440
11519 441
11545 442
11571 443
11597 444
11623 445
11649 446
11675 447
11701 448
11727 449
11753 450
11779 451
11805 452
11831 453
11857 454
11883 455
11909 456
11935 457
11961 458
11987 459
12013 460
12039 461
12065 462
12091 463
12117 464
12143 465
12169 466
12195 467
12221 468
12247 469
12273 470
12299 471
12325 472
12351 473
12377 474
12403 475
12429 476
12455 477
12481 478
12507 479
12533 480
12559 481
12585 482
12611 483
12637 484
12663 485
12689 486
12715 487
12741 488
12767 489
12793 490
12819 491
12845 492
12871 493
12897 494
12923 495
12949 496
12975 497
13001 498
13027 499
13053 500
13079 501
13105 502
13131 503
13157 504
13183 505
13209 506
13235 507
13261 508
13287 509
13313 510
13339 511
13365 512
13391 513
13417 514
13443 515
13469 516
13495 517
13521 518
13547 519
13573 520
13599 521
13625 522
13651 523
13677 524
13703 525
13729 526
13755 527
13781 528
13807 529
13833 530
13859 531
13885 532
13911 533
13937 534
13963 535
13989 536
14015 537
14041 538
14067 539
14093 540
14119 541
14145 542
14171 543
14197 544
14223 545
14249 546
14275 547
14301 548
14327 549
14353 550
14379 551
14405 552
14431 553
14457 554
14483 555
14509 556
14535 557
14561 558
14587 559
14613 560
14639 561
14665 562
14691 563
14717 564
14743 565
14769 566
14795 567
14821 568
14847 569
14873 570
14899 571
14925 572
14951 573
14977 574
15003 575
15029 576
15055 577
15081 578
15107 579
15133 580
15159 581
15185 582
15211 583
15237 584
15263 585
15289 586
15315 587
15341 588
15367 589
15393 590
15419 591
15445 592
15471 593
15497 594
15523 595
15549 596
15575 597
15601 598
15627 599
15653 600
15679 601
15705 602
15731 603
15757 604
15783 605
15809 606
15835 607
15861 608
15887 609
15913 610
15939 611
15965 612
15991 613
16017 614
16043 615
16069 616
16095 617
16121 618
16147 619
16173 620
16199 621
16225 622
16251 623
16277 624
16303 625
16329 626
16355 627
16381 628
16407 629
16433 630
16459 631
16485 632
16511 633
16537 634
16563 635
16589 636
16615 637
16641 638
16667 639
16693 640
16719 641
16745 642
16771 643
16797 644
16823 645
16849 646
16875 647
16901 648
16927 649
16953 650
16979 651
17005 652
17031 653
17057 654
17083 655
17109 656
17135 657
17161 658
17187 659
17213 660
17239 661
17265 662
17291 663
17317 664
17343 665
17369 666
17395 667
17421 668
17447 669
17473 670
17499 671
17525 672
17551 673
17577 674
17603 675
17629 676
17655 677
17681 678
17707 679
17733 680
17759 681
17785 682
17811 683
17837 684
17863 685
17889 686
17915 687
17941 688
17967 689
17993 690
18019 691
18045 692
18071 693
18097 694
18123 695
18149 696
18175 697
18201 698
18227 699
18253 700
18279 701
18305 702
18331 703
18357 704
18383 705
18409 706
18435 707
18461 708
18487 709
18513 710
18539 711
18565 712
18591 713
18617 714
18643 715
18669 716
18695 717
18721 718
18747 719
18773 720
18799 721
18825 722
18851 723
18877 724
18903 725
18929 726
18955 727
18981 728
19007 729
19033 730
19059 731
19085 732
19111 733
19137 734
19163 735
19189 736
19215 737
19241 738
19267 739
19293 740
19319 741
19345 742
19371 743
19397 744
19423 745
19449 746
19475 747
19501 748
19527 749
19553 750
19579 751
19605 752
19631 753
19657 754
19683 755
19709 756
19735 757
19761 758
19787 759
19813 760
19839 761
19865 762
19891 763
19917 764
19943 765
19969 766
19995 767
20021 768
20047 769
20073 770
20099 771
20125 772
20151 773
20177 774
20203 775
20229 776
20255 777
20281 778
20307 779
20333 780
20359 781
20385 782
20411 783
20437 784
20463 785
20489 786
20515 787
20541 788
20567 789
20593 790
20619 791
20645 792
20671 793
20697 794
20723 795
20749 796
20775 797
20801 798
20827 799
20853 800
20879 801
20905 802
20931 803
20957 804
20983 805
21009 806
21035 807
21061 808
21087 809
21113 810
21139 811
21165 812
21191 813
21217 814
21243 815
21269 816
21295 817
21321 818
21347 819
21373 820
21399 821
21425 822
21451 823
21477 824
21503 825
21529 826
21555 827
21581 828
21607 829
21633 830
21659 831
21685 832
21711 833
21737 834
21763 835
21789 836
21815 837
21841 838
21867 839
21893 840
21919 841
21945 842
21971 843
21997 844
22023 845
22049 846
22075 847
22101 848
22127 849
22153 850
22179 851
22205 852
22231 853
22257 854
22283 855
22309 856
22335 857
22361 858
22387 859
22413 860
22439 861
22465 862
22491 863
22517 864
22543 865
22569 866
22595 867
22621 868
22647 869
22673 870
22699 871
22725 872
22751 873
22777 874
22803 875
22829 876
22855 877
22881 878
22907 879
22933 880
22959 881
22985 882
23011 883
23037 884
23063 885
23089 886
23115 887
23141 888
23167 889
23193 890
23219 891
23245 892
23271 893
23297 894
23323 895
23349 896
23375 897
23401 898
23427 899
23453 900
23479 901
23505 902
23531 903
23557 904
23583 905
23609 906
23635 907
23661 908
23687 909
23713 910
23739 911
23765 912
23791 913
23817 914
23843 915
23869 916
23895 917
23921 918
23947 919
23973 920
23999 921
24025 922
24051 923
24077 924
24103 925
24129 926
24155 927
24181 928
24207 929
24233 930
24259 931
24285 932
24311 933
24337 934
24363 935
24389 936
24415 937
24441 938
24467 939
24493 940
24519 941
24545 942
24571 943
24597 944
24623 945
24649 946
24675 947
24701 948
24727 949
24753 950
24779 951
24805 952
24831 953
24857 954
24883 955
24909 956
24935 957
24961 958
24987 959
25013 960
25039 961
25065 962
25091 963
25117 964
25143 965
25169 966
25195 967
25221 968
25247 969
25273 970
25299 971
25325 972
25351 973
25377 974
25403 975
25429 976
25455 977
25481 978
25507 979
25533 980
25559 981
25585 982
25611 983
25637 984
25663 985
25689 986
25715 987
25741 988
25767 989
25793 990
25819 991
25845 992
25871 993
25897 994
25923 995
25949 996
25975 997
26001 998
26027 999
26053 1000
