21 162 0
22 169 0
23 175 0
24 183 0
25 188 1
26 197 0
27 190 1
28 208 2
29 216 1
30 222 1
31 230 1
32 229 0
33 244 1
34 241 0
35 258 1
36 261 0
37 268 0
38 281 0
39 288 0
40 295 0
41 302 0
42 309 0
43 314 1
44 320 1
45 326 2
46 331 3
47 342 1
48 347 2
49 358 0
50 365 0
51 371 0
52 375 2
53 380 5
54 383 6
55 394 5
56 395 6
57 404 5
58 410 5
59 422 4
60 425 5
61 427 8
62 437 3
63 454 1
64 459 0
65 466 0
66 477 0
67 482 1
68 487 2
69 496 1
70 503 1
71 500 0
72 506 0
73 524 1
74 531 1
75 538 1
76 545 1
77 548 3
78 557 2
79 563 2
80 573 1
81 578 2
82 589 0
83 596 0
84 603 0
85 608 1
86 614 1
87 612 1
88 629 1
89 638 0
90 641 2
91 650 1
92 649 2
93 655 2
94 671 1
95 676 2
96 683 2
97 692 1
98 701 0
99 708 0
100 714 0
101 722 0
102 725 2
103 734 1
104 741 1
105 748 1
106 749 1
107 755 1
108 769 1
109 778 0
110 783 1
111 790 1
112 799 0
113 804 1
114 810 1
115 820 0
116 813 1
117 830 2
118 839 1
119 844 2
120 847 4
121 853 4
122 861 4
123 874 1
124 881 1
125 890 0
126 897 0
127 892 0
128 898 0
129 918 0
130 913 1
131 932 0
132 937 1
133 944 1
134 953 0
135 959 0
136 965 1
137 972 1
138 980 0
139 988 0
140 991 2
141 1000 1
142 1006 1
143 1016 0
144 1021 1
145 1030 0
146 1035 1
147 1042 1
148 1049 1
149 1055 1
150 1063 1
151 1060 1
152 1069 1
153 1074 1
154 1091 1
155 1096 2
156 1102 2
157 1112 1
158 1119 1
159 1128 0
160 1133 0
161 1132 0
162 1149 0
163 1155 0
164 1163 0
165 1162 4
166 1173 2
167 1182 1
168 1175 2
169 1198 0
170 1204 0
171 1210 1
172 1213 3
173 1224 1
174 1233 0
175 1238 1
176 1239 4
177 1245 4
178 1255 3
179 1264 2
180 1269 0
181 1282 0
182 1279 0
183 1296 0
184 1302 0
185 1310 0
186 1315 1
187 1324 0
188 1325 3
189 1332 3
190 1341 2
191 1347 2
192 1353 3
193 1364 1
194 1369 2
195 1378 1
196 1384 0
197 1384 0
198 1390 0
199 1406 1
200 1411 2
201 1420 1
202 1427 1
203 1434 1
204 1441 1
205 1447 1
206 1449 4
207 1460 2
208 1469 1
209 1478 0
210 1485 0
211 1480 0
212 1486 0
213 1506 0
214 1511 1
215 1518 1
216 1513 1
217 1534 0
218 1541 0
219 1547 0
220 1553 1
221 1560 1
222 1569 0
223 1576 0
224 1577 3
225 1588 1
226 1594 1
227 1602 1
228 1609 1
229 1618 0
230 1619 3
231 1626 3
232 1631 4
233 1637 4
234 1649 2
235 1648 3
236 1663 2
237 1670 1
238 1679 1
239 1676 0
240 1682 0
241 1700 1
242 1709 0
243 1714 1
244 1721 1
245 1720 5
246 1735 1
247 1741 1
248 1751 0
249 1740 4
250 1763 1
251 1770 1
252 1779 0
253 1786 0
254 1792 0
255 1796 0
256 1805 1
257 1814 0
258 1819 1
259 1824 2
260 1831 2
261 1837 2
262 1847 1
263 1852 2
264 1861 1
265 1868 1
266 1875 1
267 1872 2
268 1878 2
269 1898 0
270 1903 1
271 1910 1
272 1917 1
273 1926 0
274 1929 1
275 1935 1
276 1945 1
277 1954 0
278 1959 1
279 1966 1
280 1971 2
281 1978 2
282 1984 2
283 1994 1
284 1999 2
285 2010 0
286 2015 1
287 2016 4
288 2031 0
289 2037 0
290 2045 0
291 2052 0
292 2059 0
293 2064 1
294 2071 1
295 2078 1
296 2084 1
297 2092 1
298 2097 2
299 2104 2
300 2113 1
301 2122 0
302 2117 1
303 2123 1
304 2141 1
305 2150 0
306 2153 2
307 2158 0
308 2167 2
309 2178 0
310 2184 0
311 2188 2
312 2197 1
313 2202 2
314 2211 1
315 2218 1
316 2225 1
317 2231 1
318 2237 2
319 2246 1
320 2251 2
321 2260 1
322 2265 2
323 2268 4
324 2274 4
325 2284 3
326 2287 3
327 2298 3
328 2309 1
329 2316 1
330 2323 1
331 2329 1
332 2335 2
333 2342 2
334 2349 2
335 2358 1
336 2363 2
337 2372 1
338 2378 1
339 2385 1
340 2393 1
341 2400 1
342 2405 2
343 2410 3
344 2419 2
345 2425 2
346 2435 1
347 2438 3
348 2441 3
349 2456 1
350 2465 0
351 2472 0
352 2478 0
353 2486 0
354 2491 1
355 2498 1
356 2505 1
357 2512 1
358 2509 1
359 2515 1
360 2533 1
361 2532 1
362 2547 1
363 2554 1
364 2551 1
365 2568 1
366 2574 1
367 2582 1
368 2589 1
369 2590 4
370 2603 1
371 2610 1
372 2615 2
373 2621 2
374 2621 6
375 2634 3
376 2645 1
377 2654 0
378 2661 0
379 2656 0
380 2662 0
381 2682 0
382 2677 1
383 2694 1
384 2701 1
385 2704 3
386 2717 0
387 2723 0
388 2729 1
389 2724 1
390 2741 2
391 2750 1
392 2755 2
393 2764 1
394 2770 1
395 2778 1
396 2783 3
397 2786 4
398 2795 6
399 2796 8
400 2797 14
401 2803 14
402 2813 10
403 2818 12
404 2831 6
405 2844 4
406 2857 0
407 2864 0
408 2870 0
409 2872 0
410 2881 2
411 2890 1
412 2899 0
413 2902 2
414 2911 1
415 2917 1
416 2927 0
417 2928 3
418 2937 2
419 2942 2
420 2955 0
421 2960 1
422 2966 1
423 2974 1
424 2981 1
425 2990 0
426 2991 3
427 3000 2
428 3001 2
429 3007 2
430 3023 1
431 3020 1
432 3035 2
433 3046 0
434 3051 1
435 3060 0
436 3066 0
437 3072 1
438 3081 0
439 3086 1
440 3091 2
441 3100 1
442 3107 1
443 3113 1
444 3121 1
445 3128 1
446 3135 1
447 3140 2
448 3145 3
449 3156 1
450 3162 1
451 3170 1
452 3169 5
453 3180 3
454 3183 5
455 3186 8
456 3185 13
457 3191 13
458 3199 13
459 3222 3
460 3231 2
461 3240 1
462 3245 2
463 3256 0
464 3262 0
465 3270 0
466 3275 1
467 3282 1
468 3289 1
469 3296 1
470 3305 0
471 3311 0
472 3315 2
473 3316 1
474 3329 2
475 3334 1
476 3347 0
477 3350 2
478 3356 2
479 3364 2
480 3375 0
481 3382 0
482 3385 2
483 3394 1
484 3399 2
485 3405 2
486 3413 2
487 3422 1
488 3427 2
489 3434 2
490 3441 2
491 3440 0
492 3446 0
493 3466 0
494 3471 1
495 3478 1
496 3487 0
497 3492 1
498 3491 5
499 3497 5
500 3515 0
501 3519 0
502 3529 0
503 3536 0
504 3541 1
505 3550 0
506 3556 0
507 3564 0
508 3567 2
509 3576 1
510 3579 3
511 3592 0
512 3595 0
513 3602 0
514 3613 0
515 3620 0
516 3625 1
517 3632 1
518 3639 1
519 3646 1
520 3652 1
521 3662 0
522 3665 2
523 3676 0
524 3681 1
525 3688 1
526 3685 1
527 3691 1
528 3709 1
529 3712 1
530 3723 1
531 3730 1
532 3737 1
533 3742 2
534 3748 2
535 3756 2
536 3767 0
537 3770 2
538 3779 1
539 3788 0
540 3793 1
541 3799 1
542 3807 1
543 3816 0
544 3819 2
545 3830 0
546 3823 1
547 3832 0
548 3838 0
549 3856 1
550 3863 1
551 3868 2
552 3877 1
553 3884 1
554 3893 0
555 3899 0
556 3905 1
557 3910 2
558 3915 3
559 3926 1
560 3933 1
561 3940 1
562 3946 1
563 3944 2
564 3959 2
565 3966 2
566 3973 2
567 3980 2
568 3987 2
569 3993 2
570 3999 3
571 4004 3
572 4013 1
573 4022 2
574 4025 4
575 4034 3
576 4040 3
577 4046 4
578 4057 2
579 4068 0
580 4069 3
581 4082 0
582 4089 0
583 4095 0
584 4101 1
585 4102 4
586 4117 0
587 4122 1
588 4127 2
589 4134 2
590 4140 2
591 4148 2
592 4155 2
593 4164 1
594 4169 2
595 4176 2
596 4183 2
597 4189 2
598 4199 1
599 4206 1
600 4211 2
601 4218 2
602 4225 2
603 4236 0
604 4242 0
605 4250 0
606 4255 1
607 4264 0
608 4269 1
609 4276 1
610 4285 0
611 4291 0
612 4295 2
613 4304 1
614 4309 2
615 4320 0
616 4325 1
617 4328 0
618 4334 0
619 4346 1
620 4353 1
621 4360 1
622 4365 2
623 4364 7
624 4371 6
625 4377 6
626 4369 14
627 4392 6
628 4407 2
629 4412 3
630 4425 0
631 4420 0
632 4426 0
633 4446 0
634 4449 2
635 4460 0
636 4461 3
637 4472 1
638 4475 3
639 4481 3
640 4491 2
641 4502 0
642 4505 2
643 4512 2
644 4515 4
645 4526 2
646 4532 2
647 4536 4
648 4547 2
649 4554 2
650 4563 1
651 4570 1
652 4573 2
653 4579 2
654 4591 1
655 4598 1
656 4603 2
657 4612 1
658 4619 1
659 4616 0
660 4622 0
661 4640 1
662 4645 2
663 4652 2
664 4657 3
665 4662 4
666 4675 1
667 4681 1
668 4687 2
669 4698 0
670 4699 3
671 4710 1
672 4719 0
673 4726 0
674 4732 0
675 4738 1
676 4745 1
677 4750 2
678 4759 1
679 4762 3
680 4767 4
681 4773 4
682 4781 4
683 4790 3
684 4797 3
685 4808 1
686 4817 0
687 4812 2
688 4818 2
689 4836 1
690 4845 0
691 4852 0
692 4857 1
693 4864 1
694 4861 1
695 4867 1
696 4885 1
697 4880 2
698 4901 0
699 4906 1
700 4915 0
701 4922 0
702 4928 0
703 4934 1
704 4943 0
705 4944 3
706 4955 1
707 4960 2
708 4969 1
709 4975 1
710 4979 3
711 4988 2
712 4995 2
713 5006 0
714 5009 2
715 5018 1
716 5024 1
717 5032 1
718 5029 1
719 5048 0
720 5053 1
721 5060 1
722 5067 1
723 5073 1
724 5081 1
725 5090 0
726 5091 3
727 5104 0
728 5103 4
729 5118 0
730 5124 0
731 5132 0
732 5135 2
733 5144 1
734 5139 7
735 5156 2
736 5153 7
737 5159 7
738 5177 2
739 5184 2
740 5195 0
741 5200 1
742 5207 1
743 5204 0
744 5210 0
745 5228 1
746 5237 0
747 5242 1
748 5249 1
749 5248 5
750 5261 2
751 5267 2
752 5267 6
753 5270 8
754 5289 2
755 5296 2
756 5303 1
757 5312 0
758 5318 0
759 5326 1
760 5335 0
761 5342 0
762 5349 0
763 5352 2
764 5357 3
765 5363 3
766 5367 5
767 5380 2
768 5387 2
769 5394 2
770 5401 2
771 5400 2
772 5406 2
773 5422 2
774 5431 1
775 5438 1
776 5445 1
777 5454 0
778 5459 1
779 5465 1
780 5473 1
781 5480 1
782 5489 0
783 5494 1
784 5499 2
785 5506 2
786 5512 2
787 5522 1
788 5529 1
789 5528 5
790 5543 1
791 5552 0
792 5553 3
793 5559 3
794 5565 4
795 5580 0
796 5587 0
797 5592 1
798 5597 2
799 5608 0
800 5614 0
801 5622 0
802 5629 0
803 5634 1
804 5639 2
805 5650 0
806 5657 0
807 5663 0
808 5669 1
809 5676 1
810 5683 1
811 5690 1
812 5699 0
813 5702 2
814 5708 2
815 5720 0
816 5725 1
817 5730 2
818 5737 2
819 5746 1
820 5753 1
821 5759 1
822 5767 1
823 5774 1
824 5781 1
825 5790 0
826 5795 1
827 5792 0
828 5798 0
829 5818 0
830 5821 2
831 5830 1
832 5835 2
833 5840 3
834 5851 1
835 5857 1
836 5863 2
837 5874 0
838 5881 0
839 5882 3
840 5891 2
841 5900 1
842 5906 1
843 5916 0
844 5921 1
845 5926 2
846 5933 2
847 5942 1
848 5945 3
849 5951 3
850 5963 1
851 5968 2
852 5975 2
853 5986 0
854 5989 2
855 5988 6
856 5994 6
857 6008 3
858 6013 4
859 6028 0
860 6035 0
861 6042 0
862 6037 1
863 6043 1
864 6061 1
865 6068 1
866 6077 0
867 6074 2
868 6087 2
869 6098 0
870 6104 0
871 6112 0
872 6117 1
873 6122 2
874 6131 1
875 6132 4
876 6143 2
877 6149 2
878 6157 2
879 6164 2
880 6175 0
881 6182 0
882 6187 1
883 6196 0
884 6202 0
885 6210 0
886 6217 0
887 6224 0
888 6225 3
889 6236 1
890 6243 1
891 6249 1
892 6257 1
893 6262 2
894 6269 2
895 6280 0
896 6283 2
897 6290 2
898 6296 2
899 6302 3
900 6313 1
901 6318 2
902 6323 3
903 6332 2
904 6337 3
905 6343 3
906 6349 4
907 6360 2
908 6367 2
909 6374 2
910 6377 4
911 6390 1
912 6396 1
913 6400 3
914 6413 0
915 6418 1
916 6423 2
917 6426 4
918 6435 3
919 6441 3
920 6455 0
921 6454 4
922 6463 3
923 6472 2
924 6475 4
925 6484 3
926 6490 3
927 6498 3
928 6503 4
929 6518 0
930 6525 0
931 6530 1
932 6535 2
933 6541 2
934 6549 2
935 6558 1
936 6563 2
937 6568 3
938 6579 1
939 6588 0
940 6594 0
941 6598 2
942 6607 1
943 6616 0
944 6619 2
945 6626 2
946 6633 2
947 6639 2
948 6643 4
949 6652 3
950 6661 2
951 6668 2
952 6676 0
953 6686 0
954 6692 0
955 6698 1
956 6705 1
957 6712 1
958 6719 1
959 6722 3
960 6731 2
961 6737 2
962 6747 1
963 6754 1
964 6761 1
965 6770 0
966 6777 0
967 6772 0
968 6778 0
969 6798 0
970 6805 0
971 6812 0
972 6819 0
973 6816 0
974 6833 0
975 6839 0
976 6845 1
977 6854 0
978 6857 2
979 6862 0
980 6869 3
981 6880 1
982 6886 1
983 6892 2
984 6901 1
985 6908 1
986 6911 3
987 6920 2
988 6923 4
989 6929 4
990 6941 2
991 6944 4
992 6957 1
993 6966 0
994 6959 2
995 6978 1
996 6984 1
997 6990 2
998 6999 1
999 7004 2
1000 7013 1
