21 162
22 169
23 175
24 183
25 188
26 197
27 190
28 208
29 216
30 222
31 230
32 229
33 244
34 241
35 258
36 261
37 268
38 281
39 288
40 295
41 302
42 309
43 314
44 320
45 326
46 331
47 342
48 347
49 358
50 365
51 371
52 375
53 380
54 383
55 394
56 395
57 404
58 410
59 422
60 425
61 427
62 437
63 454
64 459
65 466
66 477
67 482
68 487
69 496
70 503
71 500
72 506
73 524
74 531
75 538
76 545
77 548
78 557
79 563
80 573
81 578
82 589
83 596
84 603
85 608
86 614
87 612
88 629
89 638
90 641
91 650
92 649
93 655
94 671
95 676
96 683
97 692
98 701
99 708
100 714
101 722
102 725
103 734
104 741
105 748
106 749
107 755
108 769
109 778
110 783
111 790
112 799
113 804
114 810
115 820
116 813
117 830
118 839
119 844
120 847
121 853
122 861
123 874
124 881
125 890
126 897
127 892
128 898
129 918
130 913
131 932
132 937
133 944
134 953
135 959
136 965
137 972
138 980
139 988
140 991
141 1000
142 1006
143 1016
144 1021
145 1030
146 1035
147 1042
148 1049
149 1055
150 1063
151 1060
152 1069
153 1074
154 1091
155 1096
156 1102
157 1112
158 1119
159 1128
160 1133
161 1132
162 1149
163 1155
164 1163
165 1162
166 1173
167 1182
168 1175
169 1198
170 1204
171 1210
172 1213
173 1224
174 1233
175 1238
176 1239
177 1245
178 1255
179 1264
180 1269
181 1282
182 1279
183 1296
184 1302
185 1310
186 1315
187 1324
188 1325
189 1332
190 1341
191 1347
192 1353
193 1364
194 1369
195 1378
196 1384
197 1384
198 1390
199 1406
200 1411
201 1420
202 1427
203 1434
204 1441
205 1447
206 1449
207 1460
208 1469
209 1478
210 1485
211 1480
212 1486
213 1506
214 1511
215 1518
216 1513
217 1534
218 1541
219 1547
220 1553
221 1560
222 1569
223 1576
224 1577
225 1588
226 1594
227 1602
228 1609
229 1618
230 1619
231 1626
232 1631
233 1637
234 1649
235 1648
236 1663
237 1670
238 1679
239 1676
240 1682
241 1700
242 1709
243 1714
244 1721
245 1720
246 1735
247 1741
248 1751
249 1740
250 1763
251 1770
252 1779
253 1786
254 1792
255 1796
256 1805
257 1814
258 1819
259 1824
260 1831
261 1837
262 1847
263 1852
264 1861
265 1868
266 1875
267 1872
268 1878
269 1898
270 1903
271 1910
272 1917
273 1926
274 1929
275 1935
276 1945
277 1954
278 1959
279 1966
280 1971
281 1978
282 1984
283 1994
284 1999
285 2010
286 2015
287 2016
288 2031
289 2037
290 2045
291 2052
292 2059
293 2064
294 2071
295 2078
296 2084
297 2092
298 2097
299 2104
300 2113
301 2122
302 2117
303 2123
304 2141
305 2150
306 2153
307 2158
308 2167
309 2178
310 2184
311 2188
312 2197
313 2202
314 2211
315 2218
316 2225
317 2231
318 2237
319 2246
320 2251
321 2260
322 2265
323 2268
324 2274
325 2284
326 2287
327 2298
328 2309
329 2316
330 2323
331 2329
332 2335
333 2342
334 2349
335 2358
336 2363
337 2372
338 2378
339 2385
340 2393
341 2400
342 2405
343 2410
344 2419
345 2425
346 2435
347 2438
348 2441
349 2456
350 2465
351 2472
352 2478
353 2486
354 2491
355 2498
356 2505
357 2512
358 2509
359 2515
360 2533
361 2532
362 2547
363 2554
364 2551
365 2568
366 2574
367 2582
368 2589
369 2590
370 2603
371 2610
372 2615
373 2621
374 2621
375 2634
376 2645
377 2654
378 2661
379 2656
380 2662
381 2682
382 2677
383 2694
384 2701
385 2704
386 2717
387 2723
388 2729
389 2724
390 2741
391 2750
392 2755
393 2764
394 2770
395 2778
396 2783
397 2786
398 2795
399 2796
400 2797
401 2803
402 2813
403 2818
404 2831
405 2844
406 2857
407 2864
408 2870
409 2872
410 2881
411 2890
412 2899
413 2902
414 2911
415 2917
416 2927
417 2928
418 2937
419 2942
420 2955
421 2960
422 2966
423 2974
424 2981
425 2990
426 2991
427 3000
428 3001
429 3007
430 3023
431 3020
432 3035
433 3046
434 3051
435 3060
436 3066
437 3072
438 3081
439 3086
440 3091
441 3100
442 3107
443 3113
444 3121
445 3128
446 3135
447 3140
448 3145
449 3156
450 3162
451 3170
452 3169
453 3180
454 3183
455 3186
456 3185
457 3191
458 3199
459 3222
460 3231
461 3240
462 3245
463 3256
464 3262
465 3270
466 3275
467 3282
468 3289
469 3296
470 3305
471 3311
472 3315
473 3316
474 3329
475 3334
476 3347
477 3350
478 3356
479 3364
480 3375
481 3382
482 3385
483 3394
484 3399
485 3405
486 3413
487 3422
488 3427
489 3434
490 3441
491 3440
492 3446
493 3466
494 3471
495 3478
496 3487
497 3492
498 3491
499 3497
500 3515
501 3519
502 3529
503 3536
504 3541
505 3550
506 3556
507 3564
508 3567
509 3576
510 3579
511 3592
512 3595
513 3602
514 3613
515 3620
516 3625
517 3632
518 3639
519 3646
520 3652
521 3662
522 3665
523 3676
524 3681
525 3688
526 3685
527 3691
528 3709
529 3712
530 3723
531 3730
532 3737
533 3742
534 3748
535 3756
536 3767
537 3770
538 3779
539 3788
540 3793
541 3799
542 3807
543 3816
544 3819
545 3830
546 3823
547 3832
548 3838
549 3856
550 3863
551 3868
552 3877
553 3884
554 3893
555 3899
556 3905
557 3910
558 3915
559 3926
560 3933
561 3940
562 3946
563 3944
564 3959
565 3966
566 3973
567 3980
568 3987
569 3993
570 3999
571 4004
572 4013
573 4022
574 4025
575 4034
576 4040
577 4046
578 4057
579 4068
580 4069
581 4082
582 4089
583 4095
584 4101
585 4102
586 4117
587 4122
588 4127
589 4134
590 4140
591 4148
592 4155
593 4164
594 4169
595 4176
596 4183
597 4189
598 4199
599 4206
600 4211
601 4218
602 4225
603 4236
604 4242
605 4250
606 4255
607 4264
608 4269
609 4276
610 4285
611 4291
612 4295
613 4304
614 4309
615 4320
616 4325
617 4328
618 4334
619 4346
620 4353
621 4360
622 4365
623 4364
624 4371
625 4377
626 4369
627 4392
628 4407
629 4412
630 4425
631 4420
632 4426
633 4446
634 4449
635 4460
636 4461
637 4472
638 4475
639 4481
640 4491
641 4502
642 4505
643 4512
644 4515
645 4526
646 4532
647 4536
648 4547
649 4554
650 4563
651 4570
652 4573
653 4579
654 4591
655 4598
656 4603
657 4612
658 4619
659 4616
660 4622
661 4640
662 4645
663 4652
664 4657
665 4662
666 4675
667 4681
668 4687
669 4698
670 4699
671 4710
672 4719
673 4726
674 4732
675 4738
676 4745
677 4750
678 4759
679 4762
680 4767
681 4773
682 4781
683 4790
684 4797
685 4808
686 4817
687 4812
688 4818
689 4836
690 4845
691 4852
692 4857
693 4864
694 4861
695 4867
696 4885
697 4880
698 4901
699 4906
700 4915
701 4922
702 4928
703 4934
704 4943
705 4944
706 4955
707 4960
708 4969
709 4975
710 4979
711 4988
712 4995
713 5006
714 5009
715 5018
716 5024
717 5032
718 5029
719 5048
720 5053
721 5060
722 5067
723 5073
724 5081
725 5090
726 5091
727 5104
728 5103
729 5118
730 5124
731 5132
732 5135
733 5144
734 5139
735 5156
736 5153
737 5159
738 5177
739 5184
740 5195
741 5200
742 5207
743 5204
744 5210
745 5228
746 5237
747 5242
748 5249
749 5248
750 5261
751 5267
752 5267
753 5270
754 5289
755 5296
756 5303
757 5312
758 5318
759 5326
760 5335
761 5342
762 5349
763 5352
764 5357
765 5363
766 5367
767 5380
768 5387
769 5394
770 5401
771 5400
772 5406
773 5422
774 5431
775 5438
776 5445
777 5454
778 5459
779 5465
780 5473
781 5480
782 5489
783 5494
784 5499
785 5506
786 5512
787 5522
788 5529
789 5528
790 5543
791 5552
792 5553
793 5559
794 5565
795 5580
796 5587
797 5592
798 5597
799 5608
800 5614
801 5622
802 5629
803 5634
804 5639
805 5650
806 5657
807 5663
808 5669
809 5676
810 5683
811 5690
812 5699
813 5702
814 5708
815 5720
816 5725
817 5730
818 5737
819 5746
820 5753
821 5759
822 5767
823 5774
824 5781
825 5790
826 5795
827 5792
828 5798
829 5818
830 5821
831 5830
832 5835
833 5840
834 5851
835 5857
836 5863
837 5874
838 5881
839 5882
840 5891
841 5900
842 5906
843 5916
844 5921
845 5926
846 5933
847 5942
848 5945
849 5951
850 5963
851 5968
852 5975
853 5986
854 5989
855 5988
856 5994
857 6008
858 6013
859 6028
860 6035
861 6042
862 6037
863 6043
864 6061
865 6068
866 6077
867 6074
868 6087
869 6098
870 6104
871 6112
872 6117
873 6122
874 6131
875 6132
876 6143
877 6149
878 6157
879 6164
880 6175
881 6182
882 6187
883 6196
884 6202
885 6210
886 6217
887 6224
888 6225
889 6236
890 6243
891 6249
892 6257
893 6262
894 6269
895 6280
896 6283
897 6290
898 6296
899 6302
900 6313
901 6318
902 6323
903 6332
904 6337
905 6343
906 6349
907 6360
908 6367
909 6374
910 6377
911 6390
912 6396
913 6400
914 6413
915 6418
916 6423
917 6426
918 6435
919 6441
920 6455
921 6454
922 6463
923 6472
924 6475
925 6484
926 6490
927 6498
928 6503
929 6518
930 6525
931 6530
932 6535
933 6541
934 6549
935 6558
936 6563
937 6568
938 6579
939 6588
940 6594
941 6598
942 6607
943 6616
944 6619
945 6626
946 6633
947 6639
948 6643
949 6652
950 6661
951 6668
952 6676
953 6686
954 6692
955 6698
956 6705
957 6712
958 6719
959 6722
960 6731
961 6737
962 6747
963 6754
964 6761
965 6770
966 6777
967 6772
968 6778
969 6798
970 6805
971 6812
972 6819
973 6816
974 6833
975 6839
976 6845
977 6854
978 6857
979 6862
980 6869
981 6880
982 6886
983 6892
984 6901
985 6908
986 6911
987 6920
988 6923
989 6929
990 6941
991 6944
992 6957
993 6966
994 6959
995 6978
996 6984
997 6990
998 6999
999 7004
1000 7013
