162 21
169 22
176 23
183 24
190 25
197 26
204 27
211 28
218 29
225 30
232 31
239 32
246 33
253 34
260 35
267 36
274 37
281 38
288 39
295 40
302 41
309 42
316 43
323 44
330 45
337 46
344 47
351 48
358 49
365 50
372 51
379 52
386 53
393 54
400 55
407 56
414 57
421 58
428 59
435 60
442 61
449 62
456 63
463 64
470 65
477 66
484 67
491 68
498 69
505 70
512 71
519 72
526 73
533 74
540 75
547 76
554 77
561 78
568 79
575 80
582 81
589 82
596 83
603 84
610 85
617 86
624 87
631 88
638 89
645 90
652 91
659 92
666 93
673 94
680 95
687 96
694 97
701 98
708 99
715 100
722 101
729 102
736 103
743 104
750 105
757 106
764 107
771 108
778 109
785 110
792 111
799 112
806 113
813 114
820 115
827 116
834 117
841 118
848 119
855 120
862 121
869 122
876 123
883 124
890 125
897 126
904 127
911 128
918 129
925 130
932 131
939 132
946 133
953 134
960 135
967 136
974 137
981 138
988 139
995 140
1002 141
1009 142
1016 143
1023 144
1030 145
1037 146
1044 147
1051 148
1058 149
1065 150
1072 151
1079 152
1086 153
1093 154
1100 155
1107 156
1114 157
1121 158
1128 159
1135 160
1142 161
1149 162
1156 163
1163 164
1170 165
1177 166
1184 167
1191 168
1198 169
1205 170
1212 171
1219 172
1226 173
1233 174
1240 175
1247 176
1254 177
1261 178
1268 179
1275 180
1282 181
1289 182
1296 183
1303 184
1310 185
1317 186
1324 187
1331 188
1338 189
1345 190
1352 191
1359 192
1366 193
1373 194
1380 195
1387 196
1394 197
1401 198
1408 199
1415 200
1422 201
1429 202
1436 203
1443 204
1450 205
1457 206
1464 207
1471 208
1478 209
1485 210
1492 211
1499 212
1506 213
1513 214
1520 215
1527 216
1534 217
1541 218
1548 219
1555 220
1562 221
1569 222
1576 223
1583 224
1590 225
1597 226
1604 227
1611 228
1618 229
1625 230
1632 231
1639 232
1646 233
1653 234
1660 235
1667 236
1674 237
1681 238
1688 239
1695 240
1702 241
1709 242
1716 243
1723 244
1730 245
1737 246
1744 247
1751 248
1758 249
1765 250
1772 251
1779 252
1786 253
1793 254
1800 255
1807 256
1814 257
1821 258
1828 259
1835 260
1842 261
1849 262
1856 263
1863 264
1870 265
1877 266
1884 267
1891 268
1898 269
1905 270
1912 271
1919 272
1926 273
1933 274
1940 275
1947 276
1954 277
1961 278
1968 279
1975 280
1982 281
1989 282
1996 283
2003 284
2010 285
2017 286
2024 287
2031 288
2038 289
2045 290
2052 291
2059 292
2066 293
2073 294
2080 295
2087 296
2094 297
2101 298
2108 299
2115 300
2122 301
2129 302
2136 303
2143 304
2150 305
2157 306
2164 307
2171 308
2178 309
2185 310
2192 311
2199 312
2206 313
2213 314
2220 315
2227 316
2234 317
2241 318
2248 319
2255 320
2262 321
2269 322
2276 323
2283 324
2290 325
2297 326
2304 327
2311 328
2318 329
2325 330
2332 331
2339 332
2346 333
2353 334
2360 335
2367 336
2374 337
2381 338
2388 339
2395 340
2402 341
2409 342
2416 343
2423 344
2430 345
2437 346
2444 347
2451 348
2458 349
2465 350
2472 351
2479 352
2486 353
2493 354
2500 355
2507 356
2514 357
2521 358
2528 359
2535 360
2542 361
2549 362
2556 363
2563 364
2570 365
2577 366
2584 367
2591 368
2598 369
2605 370
2612 371
2619 372
2626 373
2633 374
2640 375
2647 376
2654 377
2661 378
2668 379
2675 380
2682 381
2689 382
2696 383
2703 384
2710 385
2717 386
2724 387
2731 388
2738 389
2745 390
2752 391
2759 392
2766 393
2773 394
2780 395
2787 396
2794 397
2801 398
2808 399
2815 400
2822 401
2829 402
2836 403
2843 404
2850 405
2857 406
2864 407
2871 408
2878 409
2885 410
2892 411
2899 412
2906 413
2913 414
2920 415
2927 416
2934 417
2941 418
2948 419
2955 420
2962 421
2969 422
2976 423
2983 424
2990 425
2997 426
3004 427
3011 428
3018 429
3025 430
3032 431
3039 432
3046 433
3053 434
3060 435
3067 436
3074 437
3081 438
3088 439
3095 440
3102 441
3109 442
3116 443
3123 444
3130 445
3137 446
3144 447
3151 448
3158 449
3165 450
3172 451
3179 452
3186 453
3193 454
3200 455
3207 456
3214 457
3221 458
3228 459
3235 460
3242 461
3249 462
3256 463
3263 464
3270 465
3277 466
3284 467
3291 468
3298 469
3305 470
3312 471
3319 472
3326 473
3333 474
3340 475
3347 476
3354 477
3361 478
3368 479
3375 480
3382 481
3389 482
3396 483
3403 484
3410 485
3417 486
3424 487
3431 488
3438 489
3445 490
3452 491
3459 492
3466 493
3473 494
3480 495
3487 496
3494 497
3501 498
3508 499
3515 500
3522 501
3529 502
3536 503
3543 504
3550 505
3557 506
3564 507
3571 508
3578 509
3585 510
3592 511
3599 512
3606 513
3613 514
3620 515
3627 516
3634 517
3641 518
3648 519
3655 520
3662 521
3669 522
3676 523
3683 524
3690 525
3697 526
3704 527
3711 528
3718 529
3725 530
3732 531
3739 532
3746 533
3753 534
3760 535
3767 536
3774 537
3781 538
3788 539
3795 540
3802 541
3809 542
3816 543
3823 544
3830 545
3837 546
3844 547
3851 548
3858 549
3865 550
3872 551
3879 552
3886 553
3893 554
3900 555
3907 556
3914 557
3921 558
3928 559
3935 560
3942 561
3949 562
3956 563
3963 564
3970 565
3977 566
3984 567
3991 568
3998 569
4005 570
4012 571
4019 572
4026 573
4033 574
4040 575
4047 576
4054 577
4061 578
4068 579
4075 580
4082 581
4089 582
4096 583
4103 584
4110 585
4117 586
4124 587
4131 588
4138 589
4145 590
4152 591
4159 592
4166 593
4173 594
4180 595
4187 596
4194 597
4201 598
4208 599
4215 600
4222 601
4229 602
4236 603
4243 604
4250 605
4257 606
4264 607
4271 608
4278 609
4285 610
4292 611
4299 612
4306 613
4313 614
4320 615
4327 616
4334 617
4341 618
4348 619
4355 620
4362 621
4369 622
4376 623
4383 624
4390 625
4397 626
4404 627
4411 628
4418 629
4425 630
4432 631
4439 632
4446 633
4453 634
4460 635
4467 636
4474 637
4481 638
4488 639
4495 640
4502 641
4509 642
4516 643
4523 644
4530 645
4537 646
4544 647
4551 648
4558 649
4565 650
4572 651
4579 652
4586 653
4593 654
4600 655
4607 656
4614 657
4621 658
4628 659
4635 660
4642 661
4649 662
4656 663
4663 664
4670 665
4677 666
4684 667
4691 668
4698 669
4705 670
4712 671
4719 672
4726 673
4733 674
4740 675
4747 676
4754 677
4761 678
4768 679
4775 680
4782 681
4789 682
4796 683
4803 684
4810 685
4817 686
4824 687
4831 688
4838 689
4845 690
4852 691
4859 692
4866 693
4873 694
4880 695
4887 696
4894 697
4901 698
4908 699
4915 700
4922 701
4929 702
4936 703
4943 704
4950 705
4957 706
4964 707
4971 708
4978 709
4985 710
4992 711
4999 712
5006 713
5013 714
5020 715
5027 716
5034 717
5041 718
5048 719
5055 720
5062 721
5069 722
5076 723
5083 724
5090 725
5097 726
5104 727
5111 728
5118 729
5125 730
5132 731
5139 732
5146 733
5153 734
5160 735
5167 736
5174 737
5181 738
5188 739
5195 740
5202 741
5209 742
5216 743
5223 744
5230 745
5237 746
5244 747
5251 748
5258 749
5265 750
5272 751
5279 752
5286 753
5293 754
5300 755
5307 756
5314 757
5321 758
5328 759
5335 760
5342 761
5349 762
5356 763
5363 764
5370 765
5377 766
5384 767
5391 768
5398 769
5405 770
5412 771
5419 772
5426 773
5433 774
5440 775
5447 776
5454 777
5461 778
5468 779
5475 780
5482 781
5489 782
5496 783
5503 784
5510 785
5517 786
5524 787
5531 788
5538 789
5545 790
5552 791
5559 792
5566 793
5573 794
5580 795
5587 796
5594 797
5601 798
5608 799
5615 800
5622 801
5629 802
5636 803
5643 804
5650 805
5657 806
5664 807
5671 808
5678 809
5685 810
5692 811
5699 812
5706 813
5713 814
5720 815
5727 816
5734 817
5741 818
5748 819
5755 820
5762 821
5769 822
5776 823
5783 824
5790 825
5797 826
5804 827
5811 828
5818 829
5825 830
5832 831
5839 832
5846 833
5853 834
5860 835
5867 836
5874 837
5881 838
5888 839
5895 840
5902 841
5909 842
5916 843
5923 844
5930 845
5937 846
5944 847
5951 848
5958 849
5965 850
5972 851
5979 852
5986 853
5993 854
6000 855
6007 856
6014 857
6021 858
6028 859
6035 860
6042 861
6049 862
6056 863
6063 864
6070 865
6077 866
6084 867
6091 868
6098 869
6105 870
6112 871
6119 872
6126 873
6133 874
6140 875
6147 876
6154 877
6161 878
6168 879
6175 880
6182 881
6189 882
6196 883
6203 884
6210 885
6217 886
6224 887
6231 888
6238 889
6245 890
6252 891
6259 892
6266 893
6273 894
6280 895
6287 896
6294 897
6301 898
6308 899
6315 900
6322 901
6329 902
6336 903
6343 904
6350 905
6357 906
6364 907
6371 908
6378 909
6385 910
6392 911
6399 912
6406 913
6413 914
6420 915
6427 916
6434 917
6441 918
6448 919
6455 920
6462 921
6469 922
6476 923
6483 924
6490 925
6497 926
6504 927
6511 928
6518 929
6525 930
6532 931
6539 932
6546 933
6553 934
6560 935
6567 936
6574 937
6581 938
6588 939
6595 940
6602 941
6609 942
6616 943
6623 944
6630 945
6637 946
6644 947
6651 948
6658 949
6665 950
6672 951
6679 952
6686 953
6693 954
6700 955
6707 956
6714 957
6721 958
6728 959
6735 960
6742 961
6749 962
6756 963
6763 964
6770 965
6777 966
6784 967
6791 968
6798 969
6805 970
6812 971
6819 972
6826 973
6833 974
6840 975
6847 976
6854 977
6861 978
6868 979
6875 980
6882 981
6889 982
6896 983
6903 984
6910 985
6917 986
6924 987
6931 988
6938 989
6945 990
6952 991
6959 992
6966 993
6973 994
6980 995
6987 996
6994 997
7001 998
7008 999
7015 1000
