3,11,9,5,2,1,6,10,3,7,11,4,8,
3,12,10,6,2,1,7,11,8,3,12,9,4,5,
3,13,10,6,2,1,11,7,3,12,8,4,13,9,5,
3,14,11,6,2,1,12,7,3,13,8,4,14,9,5,10,
3,15,11,6,2,1,12,7,3,13,8,4,14,9,5,15,10,
3,16,12,7,2,1,13,8,3,9,14,4,10,15,5,11,16,6,
3,17,13,7,2,1,14,8,3,9,15,4,10,16,5,11,17,6,12,
3,18,14,8,2,1,15,9,3,10,16,11,4,17,12,5,18,13,6,7,
3,19,14,8,2,1,15,9,3,16,10,4,17,11,5,18,12,6,19,13,7,
3,20,15,8,2,1,16,9,3,17,10,4,18,11,5,19,12,6,20,13,7,14,
3,21,15,8,2,1,16,9,3,17,10,4,18,11,5,19,12,6,20,13,7,21,14,
3,22,16,9,2,1,17,10,3,18,11,4,12,19,5,13,20,6,14,21,7,15,22,8,
3,23,17,9,2,1,18,10,3,19,11,4,12,20,5,13,21,6,14,22,7,15,23,8,16,
3,24,18,10,2,1,19,11,3,20,12,4,13,21,14,5,22,15,6,23,16,7,24,17,8,9,
3,25,18,10,2,1,19,11,3,20,12,4,21,13,5,22,14,6,23,15,7,24,16,8,25,17,9,
3,26,19,10,2,1,20,11,3,21,12,4,22,13,5,23,14,6,24,15,7,25,16,8,26,17,9,18,
3,27,19,10,2,1,20,11,3,21,12,4,22,13,5,23,14,6,24,15,7,25,16,8,26,17,9,27,18,
3,28,20,11,2,1,21,12,3,22,13,4,23,14,5,15,24,6,16,25,7,17,26,8,18,27,9,19,28,10,
3,29,21,11,2,1,22,12,3,23,13,4,24,14,5,15,25,6,16,26,7,17,27,8,18,28,9,19,29,10,20,
3,30,22,12,2,1,23,13,3,24,14,4,25,15,5,16,26,17,6,27,18,7,28,19,8,29,20,9,30,21,10,11,
3,31,22,12,2,1,23,13,3,24,14,4,25,15,5,26,16,6,27,17,7,28,18,8,29,19,9,30,20,10,31,21,11,
3,32,23,12,2,1,24,13,3,25,14,4,26,15,5,27,16,6,28,17,7,29,18,8,30,19,9,31,20,10,32,21,11,22,
3,33,23,12,2,1,24,13,3,25,14,4,26,15,5,27,16,6,28,17,7,29,18,8,30,19,9,31,20,10,32,21,11,33,22,
3,34,24,13,2,1,25,14,3,26,15,4,27,16,5,28,17,6,18,29,7,19,30,8,20,31,9,21,32,10,22,33,11,23,34,12,
3,35,25,13,2,1,26,14,3,27,15,4,28,16,5,29,17,6,18,30,7,19,31,8,20,32,9,21,33,10,22,34,11,23,35,12,24,
3,36,26,14,2,1,27,15,3,28,16,4,29,17,5,30,18,6,19,31,20,7,32,21,8,33,22,9,34,23,10,35,24,11,36,25,12,13,
3,37,26,14,2,1,27,15,3,28,16,4,29,17,5,30,18,6,31,19,7,32,20,8,33,21,9,34,22,10,35,23,11,36,24,12,37,25,13,
3,38,27,14,2,1,28,15,3,29,16,4,30,17,5,31,18,6,32,19,7,33,20,8,34,21,9,35,22,10,36,23,11,37,24,12,38,25,13,26,
3,39,27,14,2,1,28,15,3,29,16,4,30,17,5,31,18,6,32,19,7,33,20,8,34,21,9,35,22,10,36,23,11,37,24,12,38,25,13,39,26,
3,40,28,15,2,1,29,16,3,30,17,4,31,18,5,32,19,6,33,20,7,21,34,8,22,35,9,23,36,10,24,37,11,25,38,12,26,39,13,27,40,14,
3,41,29,15,2,1,30,16,3,31,17,4,32,18,5,33,19,6,34,20,7,21,35,8,22,36,9,23,37,10,24,38,11,25,39,12,26,40,13,27,41,14,28,
3,42,30,16,2,1,31,17,3,32,18,4,33,19,5,34,20,6,35,21,7,22,36,23,8,37,24,9,38,25,10,39,26,11,40,27,12,41,28,13,42,29,14,15,
3,43,30,16,2,1,31,17,3,32,18,4,33,19,5,34,20,6,35,21,7,36,22,8,37,23,9,38,24,10,39,25,11,40,26,12,41,27,13,42,28,14,43,29,15,
3,44,31,16,2,1,32,17,3,33,18,4,34,19,5,35,20,6,36,21,7,37,22,8,38,23,9,39,24,10,40,25,11,41,26,12,42,27,13,43,28,14,44,29,15,30,
3,45,31,16,2,1,32,17,3,33,18,4,34,19,5,35,20,6,36,21,7,37,22,8,38,23,9,39,24,10,40,25,11,41,26,12,42,27,13,43,28,14,44,29,15,45,30,
3,46,32,17,2,1,33,18,3,34,19,4,35,20,5,36,21,6,37,22,7,38,23,8,24,39,9,25,40,10,26,41,11,27,42,12,28,43,13,29,44,14,30,45,15,31,46,16,
3,47,33,17,2,1,34,18,3,35,19,4,36,20,5,37,21,6,38,22,7,39,23,8,24,40,9,25,41,10,26,42,11,27,43,12,28,44,13,29,45,14,30,46,15,31,47,16,32,
3,48,34,18,2,1,35,19,3,36,20,4,37,21,5,38,22,6,39,23,7,40,24,8,25,41,26,9,42,27,10,43,28,11,44,29,12,45,30,13,46,31,14,47,32,15,48,33,16,17,
3,49,34,18,2,1,35,19,3,36,20,4,37,21,5,38,22,6,39,23,7,40,24,8,41,25,9,42,26,10,43,27,11,44,28,12,45,29,13,46,30,14,47,31,15,48,32,16,49,33,17,
3,50,35,18,2,1,36,19,3,37,20,4,38,21,5,39,22,6,40,23,7,41,24,8,42,25,9,43,26,10,44,27,11,45,28,12,46,29,13,47,30,14,48,31,15,49,32,16,50,33,17,34,
3,51,35,18,2,1,36,19,3,37,20,4,38,21,5,39,22,6,40,23,7,41,24,8,42,25,9,43,26,10,44,27,11,45,28,12,46,29,13,47,30,14,48,31,15,49,32,16,50,33,17,51,34,
3,52,36,19,2,1,37,20,3,38,21,4,39,22,5,40,23,6,41,24,7,42,25,8,43,26,9,27,44,10,28,45,11,29,46,12,30,47,13,31,48,14,32,49,15,33,50,16,34,51,17,35,52,18,
3,53,37,19,2,1,38,20,3,39,21,4,40,22,5,41,23,6,42,24,7,43,25,8,44,26,9,27,45,10,28,46,11,29,47,12,30,48,13,31,49,14,32,50,15,33,51,16,34,52,17,35,53,18,36,
3,54,38,20,2,1,39,21,3,40,22,4,41,23,5,42,24,6,43,25,7,44,26,8,45,27,9,28,46,29,10,47,30,11,48,31,12,49,32,13,50,33,14,51,34,15,52,35,16,53,36,17,54,37,18,19,
3,55,38,20,2,1,39,21,3,40,22,4,41,23,5,42,24,6,43,25,7,44,26,8,45,27,9,46,28,10,47,29,11,48,30,12,49,31,13,50,32,14,51,33,15,52,34,16,53,35,17,54,36,18,55,37,19,
3,56,39,20,2,1,40,21,3,41,22,4,42,23,5,43,24,6,44,25,7,45,26,8,46,27,9,47,28,10,48,29,11,49,30,12,50,31,13,51,32,14,52,33,15,53,34,16,54,35,17,55,36,18,56,37,19,38,
3,57,39,20,2,1,40,21,3,41,22,4,42,23,5,43,24,6,44,25,7,45,26,8,46,27,9,47,28,10,48,29,11,49,30,12,50,31,13,51,32,14,52,33,15,53,34,16,54,35,17,55,36,18,56,37,19,57,38,
3,58,40,21,2,1,41,22,3,42,23,4,43,24,5,44,25,6,45,26,7,46,27,8,47,28,9,48,29,10,30,49,11,31,50,12,32,51,13,33,52,14,34,53,15,35,54,16,36,55,17,37,56,18,38,57,19,39,58,20,
3,59,41,21,2,1,42,22,3,43,23,4,44,24,5,45,25,6,46,26,7,47,27,8,48,28,9,49,29,10,30,50,11,31,51,12,32,52,13,33,53,14,34,54,15,35,55,16,36,56,17,37,57,18,38,58,19,39,59,20,40,
3,60,42,22,2,1,43,23,3,44,24,4,45,25,5,46,26,6,47,27,7,48,28,8,49,29,9,50,30,10,31,51,32,11,52,33,12,53,34,13,54,35,14,55,36,15,56,37,16,57,38,17,58,39,18,59,40,19,60,41,20,21,
3,61,42,22,2,1,43,23,3,44,24,4,45,25,5,46,26,6,47,27,7,48,28,8,49,29,9,50,30,10,51,31,11,52,32,12,53,33,13,54,34,14,55,35,15,56,36,16,57,37,17,58,38,18,59,39,19,60,40,20,61,41,21,
3,62,43,22,2,1,44,23,3,45,24,4,46,25,5,47,26,6,48,27,7,49,28,8,50,29,9,51,30,10,52,31,11,53,32,12,54,33,13,55,34,14,56,35,15,57,36,16,58,37,17,59,38,18,60,39,19,61,40,20,62,41,21,42,
3,63,43,22,2,1,44,23,3,45,24,4,46,25,5,47,26,6,48,27,7,49,28,8,50,29,9,51,30,10,52,31,11,53,32,12,54,33,13,55,34,14,56,35,15,57,36,16,58,37,17,59,38,18,60,39,19,61,40,20,62,41,21,63,42,
3,64,44,23,2,1,45,24,3,46,25,4,47,26,5,48,27,6,49,28,7,50,29,8,51,30,9,52,31,10,53,32,11,33,54,12,34,55,13,35,56,14,36,57,15,37,58,16,38,59,17,39,60,18,40,61,19,41,62,20,42,63,21,43,64,22,
3,65,45,23,2,1,46,24,3,47,25,4,48,26,5,49,27,6,50,28,7,51,29,8,52,30,9,53,31,10,54,32,11,33,55,12,34,56,13,35,57,14,36,58,15,37,59,16,38,60,17,39,61,18,40,62,19,41,63,20,42,64,21,43,65,22,44,
3,66,46,24,2,1,47,25,3,48,26,4,49,27,5,50,28,6,51,29,7,52,30,8,53,31,9,54,32,10,55,33,11,34,56,35,12,57,36,13,58,37,14,59,38,15,60,39,16,61,40,17,62,41,18,63,42,19,64,43,20,65,44,21,66,45,22,23,
3,67,46,24,2,1,47,25,3,48,26,4,49,27,5,50,28,6,51,29,7,52,30,8,53,31,9,54,32,10,55,33,11,56,34,12,57,35,13,58,36,14,59,37,15,60,38,16,61,39,17,62,40,18,63,41,19,64,42,20,65,43,21,66,44,22,67,45,23,
3,68,47,24,2,1,48,25,3,49,26,4,50,27,5,51,28,6,52,29,7,53,30,8,54,31,9,55,32,10,56,33,11,57,34,12,58,35,13,59,36,14,60,37,15,61,38,16,62,39,17,63,40,18,64,41,19,65,42,20,66,43,21,67,44,22,68,45,23,46,
3,69,47,24,2,1,48,25,3,49,26,4,50,27,5,51,28,6,52,29,7,53,30,8,54,31,9,55,32,10,56,33,11,57,34,12,58,35,13,59,36,14,60,37,15,61,38,16,62,39,17,63,40,18,64,41,19,65,42,20,66,43,21,67,44,22,68,45,23,69,46,
3,70,48,25,2,1,49,26,3,50,27,4,51,28,5,52,29,6,53,30,7,54,31,8,55,32,9,56,33,10,57,34,11,58,35,12,36,59,13,37,60,14,38,61,15,39,62,16,40,63,17,41,64,18,42,65,19,43,66,20,44,67,21,45,68,22,46,69,23,47,70,24,
3,71,49,25,2,1,50,26,3,51,27,4,52,28,5,53,29,6,54,30,7,55,31,8,56,32,9,57,33,10,58,34,11,59,35,12,36,60,13,37,61,14,38,62,15,39,63,16,40,64,17,41,65,18,42,66,19,43,67,20,44,68,21,45,69,22,46,70,23,47,71,24,48,
3,72,50,26,2,1,51,27,3,52,28,4,53,29,5,54,30,6,55,31,7,56,32,8,57,33,9,58,34,10,59,35,11,60,36,12,37,61,38,13,62,39,14,63,40,15,64,41,16,65,42,17,66,43,18,67,44,19,68,45,20,69,46,21,70,47,22,71,48,23,72,49,24,25,
3,73,50,26,2,1,51,27,3,52,28,4,53,29,5,54,30,6,55,31,7,56,32,8,57,33,9,58,34,10,59,35,11,60,36,12,61,37,13,62,38,14,63,39,15,64,40,16,65,41,17,66,42,18,67,43,19,68,44,20,69,45,21,70,46,22,71,47,23,72,48,24,73,49,25,
3,74,51,26,2,1,52,27,3,53,28,4,54,29,5,55,30,6,56,31,7,57,32,8,58,33,9,59,34,10,60,35,11,61,36,12,62,37,13,63,38,14,64,39,15,65,40,16,66,41,17,67,42,18,68,43,19,69,44,20,70,45,21,71,46,22,72,47,23,73,48,24,74,49,25,50,
3,75,51,26,2,1,52,27,3,53,28,4,54,29,5,55,30,6,56,31,7,57,32,8,58,33,9,59,34,10,60,35,11,61,36,12,62,37,13,63,38,14,64,39,15,65,40,16,66,41,17,67,42,18,68,43,19,69,44,20,70,45,21,71,46,22,72,47,23,73,48,24,74,49,25,75,50,
3,76,52,27,2,1,53,28,3,54,29,4,55,30,5,56,31,6,57,32,7,58,33,8,59,34,9,60,35,10,61,36,11,62,37,12,63,38,13,39,64,14,40,65,15,41,66,16,42,67,17,43,68,18,44,69,19,45,70,20,46,71,21,47,72,22,48,73,23,49,74,24,50,75,25,51,76,26,
3,77,53,27,2,1,54,28,3,55,29,4,56,30,5,57,31,6,58,32,7,59,33,8,60,34,9,61,35,10,62,36,11,63,37,12,64,38,13,39,65,14,40,66,15,41,67,16,42,68,17,43,69,18,44,70,19,45,71,20,46,72,21,47,73,22,48,74,23,49,75,24,50,76,25,51,77,26,52,
3,78,54,28,2,1,55,29,3,56,30,4,57,31,5,58,32,6,59,33,7,60,34,8,61,35,9,62,36,10,63,37,11,64,38,12,65,39,13,40,66,41,14,67,42,15,68,43,16,69,44,17,70,45,18,71,46,19,72,47,20,73,48,21,74,49,22,75,50,23,76,51,24,77,52,25,78,53,26,27,
3,79,54,28,2,1,55,29,3,56,30,4,57,31,5,58,32,6,59,33,7,60,34,8,61,35,9,62,36,10,63,37,11,64,38,12,65,39,13,66,40,14,67,41,15,68,42,16,69,43,17,70,44,18,71,45,19,72,46,20,73,47,21,74,48,22,75,49,23,76,50,24,77,51,25,78,52,26,79,53,27,
3,80,55,28,2,1,56,29,3,57,30,4,58,31,5,59,32,6,60,33,7,61,34,8,62,35,9,63,36,10,64,37,11,65,38,12,66,39,13,67,40,14,68,41,15,69,42,16,70,43,17,71,44,18,72,45,19,73,46,20,74,47,21,75,48,22,76,49,23,77,50,24,78,51,25,79,52,26,80,53,27,54,
3,81,55,28,2,1,56,29,3,57,30,4,58,31,5,59,32,6,60,33,7,61,34,8,62,35,9,63,36,10,64,37,11,65,38,12,66,39,13,67,40,14,68,41,15,69,42,16,70,43,17,71,44,18,72,45,19,73,46,20,74,47,21,75,48,22,76,49,23,77,50,24,78,51,25,79,52,26,80,53,27,81,54,
3,82,56,29,2,1,57,30,3,58,31,4,59,32,5,60,33,6,61,34,7,62,35,8,63,36,9,64,37,10,65,38,11,66,39,12,67,40,13,68,41,14,42,69,15,43,70,16,44,71,17,45,72,18,46,73,19,47,74,20,48,75,21,49,76,22,50,77,23,51,78,24,52,79,25,53,80,26,54,81,27,55,82,28,
3,83,57,29,2,1,58,30,3,59,31,4,60,32,5,61,33,6,62,34,7,63,35,8,64,36,9,65,37,10,66,38,11,67,39,12,68,40,13,69,41,14,42,70,15,43,71,16,44,72,17,45,73,18,46,74,19,47,75,20,48,76,21,49,77,22,50,78,23,51,79,24,52,80,25,53,81,26,54,82,27,55,83,28,56,
3,84,58,30,2,1,59,31,3,60,32,4,61,33,5,62,34,6,63,35,7,64,36,8,65,37,9,66,38,10,67,39,11,68,40,12,69,41,13,70,42,14,43,71,44,15,72,45,16,73,46,17,74,47,18,75,48,19,76,49,20,77,50,21,78,51,22,79,52,23,80,53,24,81,54,25,82,55,26,83,56,27,84,57,28,29,
3,85,58,30,2,1,59,31,3,60,32,4,61,33,5,62,34,6,63,35,7,64,36,8,65,37,9,66,38,10,67,39,11,68,40,12,69,41,13,70,42,14,71,43,15,72,44,16,73,45,17,74,46,18,75,47,19,76,48,20,77,49,21,78,50,22,79,51,23,80,52,24,81,53,25,82,54,26,83,55,27,84,56,28,85,57,29,
3,86,59,30,2,1,60,31,3,61,32,4,62,33,5,63,34,6,64,35,7,65,36,8,66,37,9,67,38,10,68,39,11,69,40,12,70,41,13,71,42,14,72,43,15,73,44,16,74,45,17,75,46,18,76,47,19,77,48,20,78,49,21,79,50,22,80,51,23,81,52,24,82,53,25,83,54,26,84,55,27,85,56,28,86,57,29,58,
3,87,59,30,2,1,60,31,3,61,32,4,62,33,5,63,34,6,64,35,7,65,36,8,66,37,9,67,38,10,68,39,11,69,40,12,70,41,13,71,42,14,72,43,15,73,44,16,74,45,17,75,46,18,76,47,19,77,48,20,78,49,21,79,50,22,80,51,23,81,52,24,82,53,25,83,54,26,84,55,27,85,56,28,86,57,29,87,58,
3,88,60,31,2,1,61,32,3,62,33,4,63,34,5,64,35,6,65,36,7,66,37,8,67,38,9,68,39,10,69,40,11,70,41,12,71,42,13,72,43,14,73,44,15,45,74,16,46,75,17,47,76,18,48,77,19,49,78,20,50,79,21,51,80,22,52,81,23,53,82,24,54,83,25,55,84,26,56,85,27,57,86,28,58,87,29,59,88,30,
3,89,61,31,2,1,62,32,3,63,33,4,64,34,5,65,35,6,66,36,7,67,37,8,68,38,9,69,39,10,70,40,11,71,41,12,72,42,13,73,43,14,74,44,15,45,75,16,46,76,17,47,77,18,48,78,19,49,79,20,50,80,21,51,81,22,52,82,23,53,83,24,54,84,25,55,85,26,56,86,27,57,87,28,58,88,29,59,89,30,60,
3,90,62,32,2,1,63,33,3,64,34,4,65,35,5,66,36,6,67,37,7,68,38,8,69,39,9,70,40,10,71,41,11,72,42,12,73,43,13,74,44,14,75,45,15,46,76,47,16,77,48,17,78,49,18,79,50,19,80,51,20,81,52,21,82,53,22,83,54,23,84,55,24,85,56,25,86,57,26,87,58,27,88,59,28,89,60,29,90,61,30,31,
3,91,62,32,2,1,63,33,3,64,34,4,65,35,5,66,36,6,67,37,7,68,38,8,69,39,9,70,40,10,71,41,11,72,42,12,73,43,13,74,44,14,75,45,15,76,46,16,77,47,17,78,48,18,79,49,19,80,50,20,81,51,21,82,52,22,83,53,23,84,54,24,85,55,25,86,56,26,87,57,27,88,58,28,89,59,29,90,60,30,91,61,31,
3,92,63,32,2,1,64,33,3,65,34,4,66,35,5,67,36,6,68,37,7,69,38,8,70,39,9,71,40,10,72,41,11,73,42,12,74,43,13,75,44,14,76,45,15,77,46,16,78,47,17,79,48,18,80,49,19,81,50,20,82,51,21,83,52,22,84,53,23,85,54,24,86,55,25,87,56,26,88,57,27,89,58,28,90,59,29,91,60,30,92,61,31,62,
3,93,63,32,2,1,64,33,3,65,34,4,66,35,5,67,36,6,68,37,7,69,38,8,70,39,9,71,40,10,72,41,11,73,42,12,74,43,13,75,44,14,76,45,15,77,46,16,78,47,17,79,48,18,80,49,19,81,50,20,82,51,21,83,52,22,84,53,23,85,54,24,86,55,25,87,56,26,88,57,27,89,58,28,90,59,29,91,60,30,92,61,31,93,62,
3,94,64,33,2,1,65,34,3,66,35,4,67,36,5,68,37,6,69,38,7,70,39,8,71,40,9,72,41,10,73,42,11,74,43,12,75,44,13,76,45,14,77,46,15,78,47,16,48,79,17,49,80,18,50,81,19,51,82,20,52,83,21,53,84,22,54,85,23,55,86,24,56,87,25,57,88,26,58,89,27,59,90,28,60,91,29,61,92,30,62,93,31,63,94,32,
3,95,65,33,2,1,66,34,3,67,35,4,68,36,5,69,37,6,70,38,7,71,39,8,72,40,9,73,41,10,74,42,11,75,43,12,76,44,13,77,45,14,78,46,15,79,47,16,48,80,17,49,81,18,50,82,19,51,83,20,52,84,21,53,85,22,54,86,23,55,87,24,56,88,25,57,89,26,58,90,27,59,91,28,60,92,29,61,93,30,62,94,31,63,95,32,64,
3,96,66,34,2,1,67,35,3,68,36,4,69,37,5,70,38,6,71,39,7,72,40,8,73,41,9,74,42,10,75,43,11,76,44,12,77,45,13,78,46,14,79,47,15,80,48,16,49,81,50,17,82,51,18,83,52,19,84,53,20,85,54,21,86,55,22,87,56,23,88,57,24,89,58,25,90,59,26,91,60,27,92,61,28,93,62,29,94,63,30,95,64,31,96,65,32,33,
3,97,66,34,2,1,67,35,3,68,36,4,69,37,5,70,38,6,71,39,7,72,40,8,73,41,9,74,42,10,75,43,11,76,44,12,77,45,13,78,46,14,79,47,15,80,48,16,81,49,17,82,50,18,83,51,19,84,52,20,85,53,21,86,54,22,87,55,23,88,56,24,89,57,25,90,58,26,91,59,27,92,60,28,93,61,29,94,62,30,95,63,31,96,64,32,97,65,33,
3,98,67,34,2,1,68,35,3,69,36,4,70,37,5,71,38,6,72,39,7,73,40,8,74,41,9,75,42,10,76,43,11,77,44,12,78,45,13,79,46,14,80,47,15,81,48,16,82,49,17,83,50,18,84,51,19,85,52,20,86,53,21,87,54,22,88,55,23,89,56,24,90,57,25,91,58,26,92,59,27,93,60,28,94,61,29,95,62,30,96,63,31,97,64,32,98,65,33,66,
3,99,67,34,2,1,68,35,3,69,36,4,70,37,5,71,38,6,72,39,7,73,40,8,74,41,9,75,42,10,76,43,11,77,44,12,78,45,13,79,46,14,80,47,15,81,48,16,82,49,17,83,50,18,84,51,19,85,52,20,86,53,21,87,54,22,88,55,23,89,56,24,90,57,25,91,58,26,92,59,27,93,60,28,94,61,29,95,62,30,96,63,31,97,64,32,98,65,33,99,66,
3,100,68,35,2,1,69,36,3,70,37,4,71,38,5,72,39,6,73,40,7,74,41,8,75,42,9,76,43,10,77,44,11,78,45,12,79,46,13,80,47,14,81,48,15,82,49,16,83,50,17,51,84,18,52,85,19,53,86,20,54,87,21,55,88,22,56,89,23,57,90,24,58,91,25,59,92,26,60,93,27,61,94,28,62,95,29,63,96,30,64,97,31,65,98,32,66,99,33,67,100,34,
3,101,69,35,2,1,70,36,3,71,37,4,72,38,5,73,39,6,74,40,7,75,41,8,76,42,9,77,43,10,78,44,11,79,45,12,80,46,13,81,47,14,82,48,15,83,49,16,84,50,17,51,85,18,52,86,19,53,87,20,54,88,21,55,89,22,56,90,23,57,91,24,58,92,25,59,93,26,60,94,27,61,95,28,62,96,29,63,97,30,64,98,31,65,99,32,66,100,33,67,101,34,68,
3,102,70,36,2,1,71,37,3,72,38,4,73,39,5,74,40,6,75,41,7,76,42,8,77,43,9,78,44,10,79,45,11,80,46,12,81,47,13,82,48,14,83,49,15,84,50,16,85,51,17,52,86,53,18,87,54,19,88,55,20,89,56,21,90,57,22,91,58,23,92,59,24,93,60,25,94,61,26,95,62,27,96,63,28,97,64,29,98,65,30,99,66,31,100,67,32,101,68,33,102,69,34,35,
3,103,70,36,2,1,71,37,3,72,38,4,73,39,5,74,40,6,75,41,7,76,42,8,77,43,9,78,44,10,79,45,11,80,46,12,81,47,13,82,48,14,83,49,15,84,50,16,85,51,17,86,52,18,87,53,19,88,54,20,89,55,21,90,56,22,91,57,23,92,58,24,93,59,25,94,60,26,95,61,27,96,62,28,97,63,29,98,64,30,99,65,31,100,66,32,101,67,33,102,68,34,103,69,35,
3,104,71,36,2,1,72,37,3,73,38,4,74,39,5,75,40,6,76,41,7,77,42,8,78,43,9,79,44,10,80,45,11,81,46,12,82,47,13,83,48,14,84,49,15,85,50,16,86,51,17,87,52,18,88,53,19,89,54,20,90,55,21,91,56,22,92,57,23,93,58,24,94,59,25,95,60,26,96,61,27,97,62,28,98,63,29,99,64,30,100,65,31,101,66,32,102,67,33,103,68,34,104,69,35,70,
3,105,71,36,2,1,72,37,3,73,38,4,74,39,5,75,40,6,76,41,7,77,42,8,78,43,9,79,44,10,80,45,11,81,46,12,82,47,13,83,48,14,84,49,15,85,50,16,86,51,17,87,52,18,88,53,19,89,54,20,90,55,21,91,56,22,92,57,23,93,58,24,94,59,25,95,60,26,96,61,27,97,62,28,98,63,29,99,64,30,100,65,31,101,66,32,102,67,33,103,68,34,104,69,35,105,70,
3,106,72,37,2,1,73,38,3,74,39,4,75,40,5,76,41,6,77,42,7,78,43,8,79,44,9,80,45,10,81,46,11,82,47,12,83,48,13,84,49,14,85,50,15,86,51,16,87,52,17,88,53,18,54,89,19,55,90,20,56,91,21,57,92,22,58,93,23,59,94,24,60,95,25,61,96,26,62,97,27,63,98,28,64,99,29,65,100,30,66,101,31,67,102,32,68,103,33,69,104,34,70,105,35,71,106,36,
3,107,73,37,2,1,74,38,3,75,39,4,76,40,5,77,41,6,78,42,7,79,43,8,80,44,9,81,45,10,82,46,11,83,47,12,84,48,13,85,49,14,86,50,15,87,51,16,88,52,17,89,53,18,54,90,19,55,91,20,56,92,21,57,93,22,58,94,23,59,95,24,60,96,25,61,97,26,62,98,27,63,99,28,64,100,29,65,101,30,66,102,31,67,103,32,68,104,33,69,105,34,70,106,35,71,107,36,72,
3,108,74,38,2,1,75,39,3,76,40,4,77,41,5,78,42,6,79,43,7,80,44,8,81,45,9,82,46,10,83,47,11,84,48,12,85,49,13,86,50,14,87,51,15,88,52,16,89,53,17,90,54,18,55,91,56,19,92,57,20,93,58,21,94,59,22,95,60,23,96,61,24,97,62,25,98,63,26,99,64,27,100,65,28,101,66,29,102,67,30,103,68,31,104,69,32,105,70,33,106,71,34,107,72,35,108,73,36,37,
3,109,74,38,2,1,75,39,3,76,40,4,77,41,5,78,42,6,79,43,7,80,44,8,81,45,9,82,46,10,83,47,11,84,48,12,85,49,13,86,50,14,87,51,15,88,52,16,89,53,17,90,54,18,91,55,19,92,56,20,93,57,21,94,58,22,95,59,23,96,60,24,97,61,25,98,62,26,99,63,27,100,64,28,101,65,29,102,66,30,103,67,31,104,68,32,105,69,33,106,70,34,107,71,35,108,72,36,109,73,37,
3,110,75,38,2,1,76,39,3,77,40,4,78,41,5,79,42,6,80,43,7,81,44,8,82,45,9,83,46,10,84,47,11,85,48,12,86,49,13,87,50,14,88,51,15,89,52,16,90,53,17,91,54,18,92,55,19,93,56,20,94,57,21,95,58,22,96,59,23,97,60,24,98,61,25,99,62,26,100,63,27,101,64,28,102,65,29,103,66,30,104,67,31,105,68,32,106,69,33,107,70,34,108,71,35,109,72,36,110,73,37,74,
3,111,75,38,2,1,76,39,3,77,40,4,78,41,5,79,42,6,80,43,7,81,44,8,82,45,9,83,46,10,84,47,11,85,48,12,86,49,13,87,50,14,88,51,15,89,52,16,90,53,17,91,54,18,92,55,19,93,56,20,94,57,21,95,58,22,96,59,23,97,60,24,98,61,25,99,62,26,100,63,27,101,64,28,102,65,29,103,66,30,104,67,31,105,68,32,106,69,33,107,70,34,108,71,35,109,72,36,110,73,37,111,74,
3,112,76,39,2,1,77,40,3,78,41,4,79,42,5,80,43,6,81,44,7,82,45,8,83,46,9,84,47,10,85,48,11,86,49,12,87,50,13,88,51,14,89,52,15,90,53,16,91,54,17,92,55,18,93,56,19,57,94,20,58,95,21,59,96,22,60,97,23,61,98,24,62,99,25,63,100,26,64,101,27,65,102,28,66,103,29,67,104,30,68,105,31,69,106,32,70,107,33,71,108,34,72,109,35,73,110,36,74,111,37,75,112,38,
3,113,77,39,2,1,78,40,3,79,41,4,80,42,5,81,43,6,82,44,7,83,45,8,84,46,9,85,47,10,86,48,11,87,49,12,88,50,13,89,51,14,90,52,15,91,53,16,92,54,17,93,55,18,94,56,19,57,95,20,58,96,21,59,97,22,60,98,23,61,99,24,62,100,25,63,101,26,64,102,27,65,103,28,66,104,29,67,105,30,68,106,31,69,107,32,70,108,33,71,109,34,72,110,35,73,111,36,74,112,37,75,113,38,76,
3,114,78,40,2,1,79,41,3,80,42,4,81,43,5,82,44,6,83,45,7,84,46,8,85,47,9,86,48,10,87,49,11,88,50,12,89,51,13,90,52,14,91,53,15,92,54,16,93,55,17,94,56,18,95,57,19,58,96,59,20,97,60,21,98,61,22,99,62,23,100,63,24,101,64,25,102,65,26,103,66,27,104,67,28,105,68,29,106,69,30,107,70,31,108,71,32,109,72,33,110,73,34,111,74,35,112,75,36,113,76,37,114,77,38,39,
3,115,78,40,2,1,79,41,3,80,42,4,81,43,5,82,44,6,83,45,7,84,46,8,85,47,9,86,48,10,87,49,11,88,50,12,89,51,13,90,52,14,91,53,15,92,54,16,93,55,17,94,56,18,95,57,19,96,58,20,97,59,21,98,60,22,99,61,23,100,62,24,101,63,25,102,64,26,103,65,27,104,66,28,105,67,29,106,68,30,107,69,31,108,70,32,109,71,33,110,72,34,111,73,35,112,74,36,113,75,37,114,76,38,115,77,39,
3,116,79,40,2,1,80,41,3,81,42,4,82,43,5,83,44,6,84,45,7,85,46,8,86,47,9,87,48,10,88,49,11,89,50,12,90,51,13,91,52,14,92,53,15,93,54,16,94,55,17,95,56,18,96,57,19,97,58,20,98,59,21,99,60,22,100,61,23,101,62,24,102,63,25,103,64,26,104,65,27,105,66,28,106,67,29,107,68,30,108,69,31,109,70,32,110,71,33,111,72,34,112,73,35,113,74,36,114,75,37,115,76,38,116,77,39,78,
3,117,79,40,2,1,80,41,3,81,42,4,82,43,5,83,44,6,84,45,7,85,46,8,86,47,9,87,48,10,88,49,11,89,50,12,90,51,13,91,52,14,92,53,15,93,54,16,94,55,17,95,56,18,96,57,19,97,58,20,98,59,21,99,60,22,100,61,23,101,62,24,102,63,25,103,64,26,104,65,27,105,66,28,106,67,29,107,68,30,108,69,31,109,70,32,110,71,33,111,72,34,112,73,35,113,74,36,114,75,37,115,76,38,116,77,39,117,78,
3,118,80,41,2,1,81,42,3,82,43,4,83,44,5,84,45,6,85,46,7,86,47,8,87,48,9,88,49,10,89,50,11,90,51,12,91,52,13,92,53,14,93,54,15,94,55,16,95,56,17,96,57,18,97,58,19,98,59,20,60,99,21,61,100,22,62,101,23,63,102,24,64,103,25,65,104,26,66,105,27,67,106,28,68,107,29,69,108,30,70,109,31,71,110,32,72,111,33,73,112,34,74,113,35,75,114,36,76,115,37,77,116,38,78,117,39,79,118,40,
3,119,81,41,2,1,82,42,3,83,43,4,84,44,5,85,45,6,86,46,7,87,47,8,88,48,9,89,49,10,90,50,11,91,51,12,92,52,13,93,53,14,94,54,15,95,55,16,96,56,17,97,57,18,98,58,19,99,59,20,60,100,21,61,101,22,62,102,23,63,103,24,64,104,25,65,105,26,66,106,27,67,107,28,68,108,29,69,109,30,70,110,31,71,111,32,72,112,33,73,113,34,74,114,35,75,115,36,76,116,37,77,117,38,78,118,39,79,119,40,80,
3,120,82,42,2,1,83,43,3,84,44,4,85,45,5,86,46,6,87,47,7,88,48,8,89,49,9,90,50,10,91,51,11,92,52,12,93,53,13,94,54,14,95,55,15,96,56,16,97,57,17,98,58,18,99,59,19,100,60,20,61,101,62,21,102,63,22,103,64,23,104,65,24,105,66,25,106,67,26,107,68,27,108,69,28,109,70,29,110,71,30,111,72,31,112,73,32,113,74,33,114,75,34,115,76,35,116,77,36,117,78,37,118,79,38,119,80,39,120,81,40,41,
3,121,82,42,2,1,83,43,3,84,44,4,85,45,5,86,46,6,87,47,7,88,48,8,89,49,9,90,50,10,91,51,11,92,52,12,93,53,13,94,54,14,95,55,15,96,56,16,97,57,17,98,58,18,99,59,19,100,60,20,101,61,21,102,62,22,103,63,23,104,64,24,105,65,25,106,66,26,107,67,27,108,68,28,109,69,29,110,70,30,111,71,31,112,72,32,113,73,33,114,74,34,115,75,35,116,76,36,117,77,37,118,78,38,119,79,39,120,80,40,121,81,41,
3,122,83,42,2,1,84,43,3,85,44,4,86,45,5,87,46,6,88,47,7,89,48,8,90,49,9,91,50,10,92,51,11,93,52,12,94,53,13,95,54,14,96,55,15,97,56,16,98,57,17,99,58,18,100,59,19,101,60,20,102,61,21,103,62,22,104,63,23,105,64,24,106,65,25,107,66,26,108,67,27,109,68,28,110,69,29,111,70,30,112,71,31,113,72,32,114,73,33,115,74,34,116,75,35,117,76,36,118,77,37,119,78,38,120,79,39,121,80,40,122,81,41,82,
3,123,83,42,2,1,84,43,3,85,44,4,86,45,5,87,46,6,88,47,7,89,48,8,90,49,9,91,50,10,92,51,11,93,52,12,94,53,13,95,54,14,96,55,15,97,56,16,98,57,17,99,58,18,100,59,19,101,60,20,102,61,21,103,62,22,104,63,23,105,64,24,106,65,25,107,66,26,108,67,27,109,68,28,110,69,29,111,70,30,112,71,31,113,72,32,114,73,33,115,74,34,116,75,35,117,76,36,118,77,37,119,78,38,120,79,39,121,80,40,122,81,41,123,82,
3,124,84,43,2,1,85,44,3,86,45,4,87,46,5,88,47,6,89,48,7,90,49,8,91,50,9,92,51,10,93,52,11,94,53,12,95,54,13,96,55,14,97,56,15,98,57,16,99,58,17,100,59,18,101,60,19,102,61,20,103,62,21,63,104,22,64,105,23,65,106,24,66,107,25,67,108,26,68,109,27,69,110,28,70,111,29,71,112,30,72,113,31,73,114,32,74,115,33,75,116,34,76,117,35,77,118,36,78,119,37,79,120,38,80,121,39,81,122,40,82,123,41,83,124,42,
3,125,85,43,2,1,86,44,3,87,45,4,88,46,5,89,47,6,90,48,7,91,49,8,92,50,9,93,51,10,94,52,11,95,53,12,96,54,13,97,55,14,98,56,15,99,57,16,100,58,17,101,59,18,102,60,19,103,61,20,104,62,21,63,105,22,64,106,23,65,107,24,66,108,25,67,109,26,68,110,27,69,111,28,70,112,29,71,113,30,72,114,31,73,115,32,74,116,33,75,117,34,76,118,35,77,119,36,78,120,37,79,121,38,80,122,39,81,123,40,82,124,41,83,125,42,84,
3,126,86,44,2,1,87,45,3,88,46,4,89,47,5,90,48,6,91,49,7,92,50,8,93,51,9,94,52,10,95,53,11,96,54,12,97,55,13,98,56,14,99,57,15,100,58,16,101,59,17,102,60,18,103,61,19,104,62,20,105,63,21,64,106,65,22,107,66,23,108,67,24,109,68,25,110,69,26,111,70,27,112,71,28,113,72,29,114,73,30,115,74,31,116,75,32,117,76,33,118,77,34,119,78,35,120,79,36,121,80,37,122,81,38,123,82,39,124,83,40,125,84,41,126,85,42,43,
3,127,86,44,2,1,87,45,3,88,46,4,89,47,5,90,48,6,91,49,7,92,50,8,93,51,9,94,52,10,95,53,11,96,54,12,97,55,13,98,56,14,99,57,15,100,58,16,101,59,17,102,60,18,103,61,19,104,62,20,105,63,21,106,64,22,107,65,23,108,66,24,109,67,25,110,68,26,111,69,27,112,70,28,113,71,29,114,72,30,115,73,31,116,74,32,117,75,33,118,76,34,119,77,35,120,78,36,121,79,37,122,80,38,123,81,39,124,82,40,125,83,41,126,84,42,127,85,43,
3,128,87,44,2,1,88,45,3,89,46,4,90,47,5,91,48,6,92,49,7,93,50,8,94,51,9,95,52,10,96,53,11,97,54,12,98,55,13,99,56,14,100,57,15,101,58,16,102,59,17,103,60,18,104,61,19,105,62,20,106,63,21,107,64,22,108,65,23,109,66,24,110,67,25,111,68,26,112,69,27,113,70,28,114,71,29,115,72,30,116,73,31,117,74,32,118,75,33,119,76,34,120,77,35,121,78,36,122,79,37,123,80,38,124,81,39,125,82,40,126,83,41,127,84,42,128,85,43,86,
3,129,87,44,2,1,88,45,3,89,46,4,90,47,5,91,48,6,92,49,7,93,50,8,94,51,9,95,52,10,96,53,11,97,54,12,98,55,13,99,56,14,100,57,15,101,58,16,102,59,17,103,60,18,104,61,19,105,62,20,106,63,21,107,64,22,108,65,23,109,66,24,110,67,25,111,68,26,112,69,27,113,70,28,114,71,29,115,72,30,116,73,31,117,74,32,118,75,33,119,76,34,120,77,35,121,78,36,122,79,37,123,80,38,124,81,39,125,82,40,126,83,41,127,84,42,128,85,43,129,86,
3,130,88,45,2,1,89,46,3,90,47,4,91,48,5,92,49,6,93,50,7,94,51,8,95,52,9,96,53,10,97,54,11,98,55,12,99,56,13,100,57,14,101,58,15,102,59,16,103,60,17,104,61,18,105,62,19,106,63,20,107,64,21,108,65,22,66,109,23,67,110,24,68,111,25,69,112,26,70,113,27,71,114,28,72,115,29,73,116,30,74,117,31,75,118,32,76,119,33,77,120,34,78,121,35,79,122,36,80,123,37,81,124,38,82,125,39,83,126,40,84,127,41,85,128,42,86,129,43,87,130,44,
3,131,89,45,2,1,90,46,3,91,47,4,92,48,5,93,49,6,94,50,7,95,51,8,96,52,9,97,53,10,98,54,11,99,55,12,100,56,13,101,57,14,102,58,15,103,59,16,104,60,17,105,61,18,106,62,19,107,63,20,108,64,21,109,65,22,66,110,23,67,111,24,68,112,25,69,113,26,70,114,27,71,115,28,72,116,29,73,117,30,74,118,31,75,119,32,76,120,33,77,121,34,78,122,35,79,123,36,80,124,37,81,125,38,82,126,39,83,127,40,84,128,41,85,129,42,86,130,43,87,131,44,88,
3,132,90,46,2,1,91,47,3,92,48,4,93,49,5,94,50,6,95,51,7,96,52,8,97,53,9,98,54,10,99,55,11,100,56,12,101,57,13,102,58,14,103,59,15,104,60,16,105,61,17,106,62,18,107,63,19,108,64,20,109,65,21,110,66,22,67,111,68,23,112,69,24,113,70,25,114,71,26,115,72,27,116,73,28,117,74,29,118,75,30,119,76,31,120,77,32,121,78,33,122,79,34,123,80,35,124,81,36,125,82,37,126,83,38,127,84,39,128,85,40,129,86,41,130,87,42,131,88,43,132,89,44,45,
3,133,90,46,2,1,91,47,3,92,48,4,93,49,5,94,50,6,95,51,7,96,52,8,97,53,9,98,54,10,99,55,11,100,56,12,101,57,13,102,58,14,103,59,15,104,60,16,105,61,17,106,62,18,107,63,19,108,64,20,109,65,21,110,66,22,111,67,23,112,68,24,113,69,25,114,70,26,115,71,27,116,72,28,117,73,29,118,74,30,119,75,31,120,76,32,121,77,33,122,78,34,123,79,35,124,80,36,125,81,37,126,82,38,127,83,39,128,84,40,129,85,41,130,86,42,131,87,43,132,88,44,133,89,45,
3,134,91,46,2,1,92,47,3,93,48,4,94,49,5,95,50,6,96,51,7,97,52,8,98,53,9,99,54,10,100,55,11,101,56,12,102,57,13,103,58,14,104,59,15,105,60,16,106,61,17,107,62,18,108,63,19,109,64,20,110,65,21,111,66,22,112,67,23,113,68,24,114,69,25,115,70,26,116,71,27,117,72,28,118,73,29,119,74,30,120,75,31,121,76,32,122,77,33,123,78,34,124,79,35,125,80,36,126,81,37,127,82,38,128,83,39,129,84,40,130,85,41,131,86,42,132,87,43,133,88,44,134,89,45,90,
3,135,91,46,2,1,92,47,3,93,48,4,94,49,5,95,50,6,96,51,7,97,52,8,98,53,9,99,54,10,100,55,11,101,56,12,102,57,13,103,58,14,104,59,15,105,60,16,106,61,17,107,62,18,108,63,19,109,64,20,110,65,21,111,66,22,112,67,23,113,68,24,114,69,25,115,70,26,116,71,27,117,72,28,118,73,29,119,74,30,120,75,31,121,76,32,122,77,33,123,78,34,124,79,35,125,80,36,126,81,37,127,82,38,128,83,39,129,84,40,130,85,41,131,86,42,132,87,43,133,88,44,134,89,45,135,90,
3,136,92,47,2,1,93,48,3,94,49,4,95,50,5,96,51,6,97,52,7,98,53,8,99,54,9,100,55,10,101,56,11,102,57,12,103,58,13,104,59,14,105,60,15,106,61,16,107,62,17,108,63,18,109,64,19,110,65,20,111,66,21,112,67,22,113,68,23,69,114,24,70,115,25,71,116,26,72,117,27,73,118,28,74,119,29,75,120,30,76,121,31,77,122,32,78,123,33,79,124,34,80,125,35,81,126,36,82,127,37,83,128,38,84,129,39,85,130,40,86,131,41,87,132,42,88,133,43,89,134,44,90,135,45,91,136,46,
3,137,93,47,2,1,94,48,3,95,49,4,96,50,5,97,51,6,98,52,7,99,53,8,100,54,9,101,55,10,102,56,11,103,57,12,104,58,13,105,59,14,106,60,15,107,61,16,108,62,17,109,63,18,110,64,19,111,65,20,112,66,21,113,67,22,114,68,23,69,115,24,70,116,25,71,117,26,72,118,27,73,119,28,74,120,29,75,121,30,76,122,31,77,123,32,78,124,33,79,125,34,80,126,35,81,127,36,82,128,37,83,129,38,84,130,39,85,131,40,86,132,41,87,133,42,88,134,43,89,135,44,90,136,45,91,137,46,92,
3,138,94,48,2,1,95,49,3,96,50,4,97,51,5,98,52,6,99,53,7,100,54,8,101,55,9,102,56,10,103,57,11,104,58,12,105,59,13,106,60,14,107,61,15,108,62,16,109,63,17,110,64,18,111,65,19,112,66,20,113,67,21,114,68,22,115,69,23,70,116,71,24,117,72,25,118,73,26,119,74,27,120,75,28,121,76,29,122,77,30,123,78,31,124,79,32,125,80,33,126,81,34,127,82,35,128,83,36,129,84,37,130,85,38,131,86,39,132,87,40,133,88,41,134,89,42,135,90,43,136,91,44,137,92,45,138,93,46,47,
3,139,94,48,2,1,95,49,3,96,50,4,97,51,5,98,52,6,99,53,7,100,54,8,101,55,9,102,56,10,103,57,11,104,58,12,105,59,13,106,60,14,107,61,15,108,62,16,109,63,17,110,64,18,111,65,19,112,66,20,113,67,21,114,68,22,115,69,23,116,70,24,117,71,25,118,72,26,119,73,27,120,74,28,121,75,29,122,76,30,123,77,31,124,78,32,125,79,33,126,80,34,127,81,35,128,82,36,129,83,37,130,84,38,131,85,39,132,86,40,133,87,41,134,88,42,135,89,43,136,90,44,137,91,45,138,92,46,139,93,47,
3,140,95,48,2,1,96,49,3,97,50,4,98,51,5,99,52,6,100,53,7,101,54,8,102,55,9,103,56,10,104,57,11,105,58,12,106,59,13,107,60,14,108,61,15,109,62,16,110,63,17,111,64,18,112,65,19,113,66,20,114,67,21,115,68,22,116,69,23,117,70,24,118,71,25,119,72,26,120,73,27,121,74,28,122,75,29,123,76,30,124,77,31,125,78,32,126,79,33,127,80,34,128,81,35,129,82,36,130,83,37,131,84,38,132,85,39,133,86,40,134,87,41,135,88,42,136,89,43,137,90,44,138,91,45,139,92,46,140,93,47,94,
3,141,95,48,2,1,96,49,3,97,50,4,98,51,5,99,52,6,100,53,7,101,54,8,102,55,9,103,56,10,104,57,11,105,58,12,106,59,13,107,60,14,108,61,15,109,62,16,110,63,17,111,64,18,112,65,19,113,66,20,114,67,21,115,68,22,116,69,23,117,70,24,118,71,25,119,72,26,120,73,27,121,74,28,122,75,29,123,76,30,124,77,31,125,78,32,126,79,33,127,80,34,128,81,35,129,82,36,130,83,37,131,84,38,132,85,39,133,86,40,134,87,41,135,88,42,136,89,43,137,90,44,138,91,45,139,92,46,140,93,47,141,94,
3,142,96,49,2,1,97,50,3,98,51,4,99,52,5,100,53,6,101,54,7,102,55,8,103,56,9,104,57,10,105,58,11,106,59,12,107,60,13,108,61,14,109,62,15,110,63,16,111,64,17,112,65,18,113,66,19,114,67,20,115,68,21,116,69,22,117,70,23,118,71,24,72,119,25,73,120,26,74,121,27,75,122,28,76,123,29,77,124,30,78,125,31,79,126,32,80,127,33,81,128,34,82,129,35,83,130,36,84,131,37,85,132,38,86,133,39,87,134,40,88,135,41,89,136,42,90,137,43,91,138,44,92,139,45,93,140,46,94,141,47,95,142,48,
3,143,97,49,2,1,98,50,3,99,51,4,100,52,5,101,53,6,102,54,7,103,55,8,104,56,9,105,57,10,106,58,11,107,59,12,108,60,13,109,61,14,110,62,15,111,63,16,112,64,17,113,65,18,114,66,19,115,67,20,116,68,21,117,69,22,118,70,23,119,71,24,72,120,25,73,121,26,74,122,27,75,123,28,76,124,29,77,125,30,78,126,31,79,127,32,80,128,33,81,129,34,82,130,35,83,131,36,84,132,37,85,133,38,86,134,39,87,135,40,88,136,41,89,137,42,90,138,43,91,139,44,92,140,45,93,141,46,94,142,47,95,143,48,96,
3,144,98,50,2,1,99,51,3,100,52,4,101,53,5,102,54,6,103,55,7,104,56,8,105,57,9,106,58,10,107,59,11,108,60,12,109,61,13,110,62,14,111,63,15,112,64,16,113,65,17,114,66,18,115,67,19,116,68,20,117,69,21,118,70,22,119,71,23,120,72,24,73,121,74,25,122,75,26,123,76,27,124,77,28,125,78,29,126,79,30,127,80,31,128,81,32,129,82,33,130,83,34,131,84,35,132,85,36,133,86,37,134,87,38,135,88,39,136,89,40,137,90,41,138,91,42,139,92,43,140,93,44,141,94,45,142,95,46,143,96,47,144,97,48,49,
3,145,98,50,2,1,99,51,3,100,52,4,101,53,5,102,54,6,103,55,7,104,56,8,105,57,9,106,58,10,107,59,11,108,60,12,109,61,13,110,62,14,111,63,15,112,64,16,113,65,17,114,66,18,115,67,19,116,68,20,117,69,21,118,70,22,119,71,23,120,72,24,121,73,25,122,74,26,123,75,27,124,76,28,125,77,29,126,78,30,127,79,31,128,80,32,129,81,33,130,82,34,131,83,35,132,84,36,133,85,37,134,86,38,135,87,39,136,88,40,137,89,41,138,90,42,139,91,43,140,92,44,141,93,45,142,94,46,143,95,47,144,96,48,145,97,49,
3,146,99,50,2,1,100,51,3,101,52,4,102,53,5,103,54,6,104,55,7,105,56,8,106,57,9,107,58,10,108,59,11,109,60,12,110,61,13,111,62,14,112,63,15,113,64,16,114,65,17,115,66,18,116,67,19,117,68,20,118,69,21,119,70,22,120,71,23,121,72,24,122,73,25,123,74,26,124,75,27,125,76,28,126,77,29,127,78,30,128,79,31,129,80,32,130,81,33,131,82,34,132,83,35,133,84,36,134,85,37,135,86,38,136,87,39,137,88,40,138,89,41,139,90,42,140,91,43,141,92,44,142,93,45,143,94,46,144,95,47,145,96,48,146,97,49,98,
3,147,99,50,2,1,100,51,3,101,52,4,102,53,5,103,54,6,104,55,7,105,56,8,106,57,9,107,58,10,108,59,11,109,60,12,110,61,13,111,62,14,112,63,15,113,64,16,114,65,17,115,66,18,116,67,19,117,68,20,118,69,21,119,70,22,120,71,23,121,72,24,122,73,25,123,74,26,124,75,27,125,76,28,126,77,29,127,78,30,128,79,31,129,80,32,130,81,33,131,82,34,132,83,35,133,84,36,134,85,37,135,86,38,136,87,39,137,88,40,138,89,41,139,90,42,140,91,43,141,92,44,142,93,45,143,94,46,144,95,47,145,96,48,146,97,49,147,98,
3,148,100,51,2,1,101,52,3,102,53,4,103,54,5,104,55,6,105,56,7,106,57,8,107,58,9,108,59,10,109,60,11,110,61,12,111,62,13,112,63,14,113,64,15,114,65,16,115,66,17,116,67,18,117,68,19,118,69,20,119,70,21,120,71,22,121,72,23,122,73,24,123,74,25,75,124,26,76,125,27,77,126,28,78,127,29,79,128,30,80,129,31,81,130,32,82,131,33,83,132,34,84,133,35,85,134,36,86,135,37,87,136,38,88,137,39,89,138,40,90,139,41,91,140,42,92,141,43,93,142,44,94,143,45,95,144,46,96,145,47,97,146,48,98,147,49,99,148,50,
3,149,101,51,2,1,102,52,3,103,53,4,104,54,5,105,55,6,106,56,7,107,57,8,108,58,9,109,59,10,110,60,11,111,61,12,112,62,13,113,63,14,114,64,15,115,65,16,116,66,17,117,67,18,118,68,19,119,69,20,120,70,21,121,71,22,122,72,23,123,73,24,124,74,25,75,125,26,76,126,27,77,127,28,78,128,29,79,129,30,80,130,31,81,131,32,82,132,33,83,133,34,84,134,35,85,135,36,86,136,37,87,137,38,88,138,39,89,139,40,90,140,41,91,141,42,92,142,43,93,143,44,94,144,45,95,145,46,96,146,47,97,147,48,98,148,49,99,149,50,100,
3,150,102,52,2,1,103,53,3,104,54,4,105,55,5,106,56,6,107,57,7,108,58,8,109,59,9,110,60,10,111,61,11,112,62,12,113,63,13,114,64,14,115,65,15,116,66,16,117,67,17,118,68,18,119,69,19,120,70,20,121,71,21,122,72,22,123,73,23,124,74,24,125,75,25,76,126,77,26,127,78,27,128,79,28,129,80,29,130,81,30,131,82,31,132,83,32,133,84,33,134,85,34,135,86,35,136,87,36,137,88,37,138,89,38,139,90,39,140,91,40,141,92,41,142,93,42,143,94,43,144,95,44,145,96,45,146,97,46,147,98,47,148,99,48,149,100,49,150,101,50,51,
3,151,102,52,2,1,103,53,3,104,54,4,105,55,5,106,56,6,107,57,7,108,58,8,109,59,9,110,60,10,111,61,11,112,62,12,113,63,13,114,64,14,115,65,15,116,66,16,117,67,17,118,68,18,119,69,19,120,70,20,121,71,21,122,72,22,123,73,23,124,74,24,125,75,25,126,76,26,127,77,27,128,78,28,129,79,29,130,80,30,131,81,31,132,82,32,133,83,33,134,84,34,135,85,35,136,86,36,137,87,37,138,88,38,139,89,39,140,90,40,141,91,41,142,92,42,143,93,43,144,94,44,145,95,45,146,96,46,147,97,47,148,98,48,149,99,49,150,100,50,151,101,51,
3,152,103,52,2,1,104,53,3,105,54,4,106,55,5,107,56,6,108,57,7,109,58,8,110,59,9,111,60,10,112,61,11,113,62,12,114,63,13,115,64,14,116,65,15,117,66,16,118,67,17,119,68,18,120,69,19,121,70,20,122,71,21,123,72,22,124,73,23,125,74,24,126,75,25,127,76,26,128,77,27,129,78,28,130,79,29,131,80,30,132,81,31,133,82,32,134,83,33,135,84,34,136,85,35,137,86,36,138,87,37,139,88,38,140,89,39,141,90,40,142,91,41,143,92,42,144,93,43,145,94,44,146,95,45,147,96,46,148,97,47,149,98,48,150,99,49,151,100,50,152,101,51,102,
3,153,103,52,2,1,104,53,3,105,54,4,106,55,5,107,56,6,108,57,7,109,58,8,110,59,9,111,60,10,112,61,11,113,62,12,114,63,13,115,64,14,116,65,15,117,66,16,118,67,17,119,68,18,120,69,19,121,70,20,122,71,21,123,72,22,124,73,23,125,74,24,126,75,25,127,76,26,128,77,27,129,78,28,130,79,29,131,80,30,132,81,31,133,82,32,134,83,33,135,84,34,136,85,35,137,86,36,138,87,37,139,88,38,140,89,39,141,90,40,142,91,41,143,92,42,144,93,43,145,94,44,146,95,45,147,96,46,148,97,47,149,98,48,150,99,49,151,100,50,152,101,51,153,102,
3,154,104,53,2,1,105,54,3,106,55,4,107,56,5,108,57,6,109,58,7,110,59,8,111,60,9,112,61,10,113,62,11,114,63,12,115,64,13,116,65,14,117,66,15,118,67,16,119,68,17,120,69,18,121,70,19,122,71,20,123,72,21,124,73,22,125,74,23,126,75,24,127,76,25,128,77,26,78,129,27,79,130,28,80,131,29,81,132,30,82,133,31,83,134,32,84,135,33,85,136,34,86,137,35,87,138,36,88,139,37,89,140,38,90,141,39,91,142,40,92,143,41,93,144,42,94,145,43,95,146,44,96,147,45,97,148,46,98,149,47,99,150,48,100,151,49,101,152,50,102,153,51,103,154,52,
3,155,105,53,2,1,106,54,3,107,55,4,108,56,5,109,57,6,110,58,7,111,59,8,112,60,9,113,61,10,114,62,11,115,63,12,116,64,13,117,65,14,118,66,15,119,67,16,120,68,17,121,69,18,122,70,19,123,71,20,124,72,21,125,73,22,126,74,23,127,75,24,128,76,25,129,77,26,78,130,27,79,131,28,80,132,29,81,133,30,82,134,31,83,135,32,84,136,33,85,137,34,86,138,35,87,139,36,88,140,37,89,141,38,90,142,39,91,143,40,92,144,41,93,145,42,94,146,43,95,147,44,96,148,45,97,149,46,98,150,47,99,151,48,100,152,49,101,153,50,102,154,51,103,155,52,104,
3,156,106,54,2,1,107,55,3,108,56,4,109,57,5,110,58,6,111,59,7,112,60,8,113,61,9,114,62,10,115,63,11,116,64,12,117,65,13,118,66,14,119,67,15,120,68,16,121,69,17,122,70,18,123,71,19,124,72,20,125,73,21,126,74,22,127,75,23,128,76,24,129,77,25,130,78,26,79,131,80,27,132,81,28,133,82,29,134,83,30,135,84,31,136,85,32,137,86,33,138,87,34,139,88,35,140,89,36,141,90,37,142,91,38,143,92,39,144,93,40,145,94,41,146,95,42,147,96,43,148,97,44,149,98,45,150,99,46,151,100,47,152,101,48,153,102,49,154,103,50,155,104,51,156,105,52,53,
3,157,106,54,2,1,107,55,3,108,56,4,109,57,5,110,58,6,111,59,7,112,60,8,113,61,9,114,62,10,115,63,11,116,64,12,117,65,13,118,66,14,119,67,15,120,68,16,121,69,17,122,70,18,123,71,19,124,72,20,125,73,21,126,74,22,127,75,23,128,76,24,129,77,25,130,78,26,131,79,27,132,80,28,133,81,29,134,82,30,135,83,31,136,84,32,137,85,33,138,86,34,139,87,35,140,88,36,141,89,37,142,90,38,143,91,39,144,92,40,145,93,41,146,94,42,147,95,43,148,96,44,149,97,45,150,98,46,151,99,47,152,100,48,153,101,49,154,102,50,155,103,51,156,104,52,157,105,53,
3,158,107,54,2,1,108,55,3,109,56,4,110,57,5,111,58,6,112,59,7,113,60,8,114,61,9,115,62,10,116,63,11,117,64,12,118,65,13,119,66,14,120,67,15,121,68,16,122,69,17,123,70,18,124,71,19,125,72,20,126,73,21,127,74,22,128,75,23,129,76,24,130,77,25,131,78,26,132,79,27,133,80,28,134,81,29,135,82,30,136,83,31,137,84,32,138,85,33,139,86,34,140,87,35,141,88,36,142,89,37,143,90,38,144,91,39,145,92,40,146,93,41,147,94,42,148,95,43,149,96,44,150,97,45,151,98,46,152,99,47,153,100,48,154,101,49,155,102,50,156,103,51,157,104,52,158,105,53,106,
3,159,107,54,2,1,108,55,3,109,56,4,110,57,5,111,58,6,112,59,7,113,60,8,114,61,9,115,62,10,116,63,11,117,64,12,118,65,13,119,66,14,120,67,15,121,68,16,122,69,17,123,70,18,124,71,19,125,72,20,126,73,21,127,74,22,128,75,23,129,76,24,130,77,25,131,78,26,132,79,27,133,80,28,134,81,29,135,82,30,136,83,31,137,84,32,138,85,33,139,86,34,140,87,35,141,88,36,142,89,37,143,90,38,144,91,39,145,92,40,146,93,41,147,94,42,148,95,43,149,96,44,150,97,45,151,98,46,152,99,47,153,100,48,154,101,49,155,102,50,156,103,51,157,104,52,158,105,53,159,106,
3,160,108,55,2,1,109,56,3,110,57,4,111,58,5,112,59,6,113,60,7,114,61,8,115,62,9,116,63,10,117,64,11,118,65,12,119,66,13,120,67,14,121,68,15,122,69,16,123,70,17,124,71,18,125,72,19,126,73,20,127,74,21,128,75,22,129,76,23,130,77,24,131,78,25,132,79,26,133,80,27,81,134,28,82,135,29,83,136,30,84,137,31,85,138,32,86,139,33,87,140,34,88,141,35,89,142,36,90,143,37,91,144,38,92,145,39,93,146,40,94,147,41,95,148,42,96,149,43,97,150,44,98,151,45,99,152,46,100,153,47,101,154,48,102,155,49,103,156,50,104,157,51,105,158,52,106,159,53,107,160,54,
3,161,109,55,2,1,110,56,3,111,57,4,112,58,5,113,59,6,114,60,7,115,61,8,116,62,9,117,63,10,118,64,11,119,65,12,120,66,13,121,67,14,122,68,15,123,69,16,124,70,17,125,71,18,126,72,19,127,73,20,128,74,21,129,75,22,130,76,23,131,77,24,132,78,25,133,79,26,134,80,27,81,135,28,82,136,29,83,137,30,84,138,31,85,139,32,86,140,33,87,141,34,88,142,35,89,143,36,90,144,37,91,145,38,92,146,39,93,147,40,94,148,41,95,149,42,96,150,43,97,151,44,98,152,45,99,153,46,100,154,47,101,155,48,102,156,49,103,157,50,104,158,51,105,159,52,106,160,53,107,161,54,108,
3,162,110,56,2,1,111,57,3,112,58,4,113,59,5,114,60,6,115,61,7,116,62,8,117,63,9,118,64,10,119,65,11,120,66,12,121,67,13,122,68,14,123,69,15,124,70,16,125,71,17,126,72,18,127,73,19,128,74,20,129,75,21,130,76,22,131,77,23,132,78,24,133,79,25,134,80,26,135,81,27,82,136,83,28,137,84,29,138,85,30,139,86,31,140,87,32,141,88,33,142,89,34,143,90,35,144,91,36,145,92,37,146,93,38,147,94,39,148,95,40,149,96,41,150,97,42,151,98,43,152,99,44,153,100,45,154,101,46,155,102,47,156,103,48,157,104,49,158,105,50,159,106,51,160,107,52,161,108,53,162,109,54,55,
3,163,110,56,2,1,111,57,3,112,58,4,113,59,5,114,60,6,115,61,7,116,62,8,117,63,9,118,64,10,119,65,11,120,66,12,121,67,13,122,68,14,123,69,15,124,70,16,125,71,17,126,72,18,127,73,19,128,74,20,129,75,21,130,76,22,131,77,23,132,78,24,133,79,25,134,80,26,135,81,27,136,82,28,137,83,29,138,84,30,139,85,31,140,86,32,141,87,33,142,88,34,143,89,35,144,90,36,145,91,37,146,92,38,147,93,39,148,94,40,149,95,41,150,96,42,151,97,43,152,98,44,153,99,45,154,100,46,155,101,47,156,102,48,157,103,49,158,104,50,159,105,51,160,106,52,161,107,53,162,108,54,163,109,55,
3,164,111,56,2,1,112,57,3,113,58,4,114,59,5,115,60,6,116,61,7,117,62,8,118,63,9,119,64,10,120,65,11,121,66,12,122,67,13,123,68,14,124,69,15,125,70,16,126,71,17,127,72,18,128,73,19,129,74,20,130,75,21,131,76,22,132,77,23,133,78,24,134,79,25,135,80,26,136,81,27,137,82,28,138,83,29,139,84,30,140,85,31,141,86,32,142,87,33,143,88,34,144,89,35,145,90,36,146,91,37,147,92,38,148,93,39,149,94,40,150,95,41,151,96,42,152,97,43,153,98,44,154,99,45,155,100,46,156,101,47,157,102,48,158,103,49,159,104,50,160,105,51,161,106,52,162,107,53,163,108,54,164,109,55,110,
3,165,111,56,2,1,112,57,3,113,58,4,114,59,5,115,60,6,116,61,7,117,62,8,118,63,9,119,64,10,120,65,11,121,66,12,122,67,13,123,68,14,124,69,15,125,70,16,126,71,17,127,72,18,128,73,19,129,74,20,130,75,21,131,76,22,132,77,23,133,78,24,134,79,25,135,80,26,136,81,27,137,82,28,138,83,29,139,84,30,140,85,31,141,86,32,142,87,33,143,88,34,144,89,35,145,90,36,146,91,37,147,92,38,148,93,39,149,94,40,150,95,41,151,96,42,152,97,43,153,98,44,154,99,45,155,100,46,156,101,47,157,102,48,158,103,49,159,104,50,160,105,51,161,106,52,162,107,53,163,108,54,164,109,55,165,110,
3,166,112,57,2,1,113,58,3,114,59,4,115,60,5,116,61,6,117,62,7,118,63,8,119,64,9,120,65,10,121,66,11,122,67,12,123,68,13,124,69,14,125,70,15,126,71,16,127,72,17,128,73,18,129,74,19,130,75,20,131,76,21,132,77,22,133,78,23,134,79,24,135,80,25,136,81,26,137,82,27,138,83,28,84,139,29,85,140,30,86,141,31,87,142,32,88,143,33,89,144,34,90,145,35,91,146,36,92,147,37,93,148,38,94,149,39,95,150,40,96,151,41,97,152,42,98,153,43,99,154,44,100,155,45,101,156,46,102,157,47,103,158,48,104,159,49,105,160,50,106,161,51,107,162,52,108,163,53,109,164,54,110,165,55,111,166,56,
3,167,113,57,2,1,114,58,3,115,59,4,116,60,5,117,61,6,118,62,7,119,63,8,120,64,9,121,65,10,122,66,11,123,67,12,124,68,13,125,69,14,126,70,15,127,71,16,128,72,17,129,73,18,130,74,19,131,75,20,132,76,21,133,77,22,134,78,23,135,79,24,136,80,25,137,81,26,138,82,27,139,83,28,84,140,29,85,141,30,86,142,31,87,143,32,88,144,33,89,145,34,90,146,35,91,147,36,92,148,37,93,149,38,94,150,39,95,151,40,96,152,41,97,153,42,98,154,43,99,155,44,100,156,45,101,157,46,102,158,47,103,159,48,104,160,49,105,161,50,106,162,51,107,163,52,108,164,53,109,165,54,110,166,55,111,167,56,112,
3,168,114,58,2,1,115,59,3,116,60,4,117,61,5,118,62,6,119,63,7,120,64,8,121,65,9,122,66,10,123,67,11,124,68,12,125,69,13,126,70,14,127,71,15,128,72,16,129,73,17,130,74,18,131,75,19,132,76,20,133,77,21,134,78,22,135,79,23,136,80,24,137,81,25,138,82,26,139,83,27,140,84,28,85,141,86,29,142,87,30,143,88,31,144,89,32,145,90,33,146,91,34,147,92,35,148,93,36,149,94,37,150,95,38,151,96,39,152,97,40,153,98,41,154,99,42,155,100,43,156,101,44,157,102,45,158,103,46,159,104,47,160,105,48,161,106,49,162,107,50,163,108,51,164,109,52,165,110,53,166,111,54,167,112,55,168,113,56,57,
3,169,114,58,2,1,115,59,3,116,60,4,117,61,5,118,62,6,119,63,7,120,64,8,121,65,9,122,66,10,123,67,11,124,68,12,125,69,13,126,70,14,127,71,15,128,72,16,129,73,17,130,74,18,131,75,19,132,76,20,133,77,21,134,78,22,135,79,23,136,80,24,137,81,25,138,82,26,139,83,27,140,84,28,141,85,29,142,86,30,143,87,31,144,88,32,145,89,33,146,90,34,147,91,35,148,92,36,149,93,37,150,94,38,151,95,39,152,96,40,153,97,41,154,98,42,155,99,43,156,100,44,157,101,45,158,102,46,159,103,47,160,104,48,161,105,49,162,106,50,163,107,51,164,108,52,165,109,53,166,110,54,167,111,55,168,112,56,169,113,57,
3,170,115,58,2,1,116,59,3,117,60,4,118,61,5,119,62,6,120,63,7,121,64,8,122,65,9,123,66,10,124,67,11,125,68,12,126,69,13,127,70,14,128,71,15,129,72,16,130,73,17,131,74,18,132,75,19,133,76,20,134,77,21,135,78,22,136,79,23,137,80,24,138,81,25,139,82,26,140,83,27,141,84,28,142,85,29,143,86,30,144,87,31,145,88,32,146,89,33,147,90,34,148,91,35,149,92,36,150,93,37,151,94,38,152,95,39,153,96,40,154,97,41,155,98,42,156,99,43,157,100,44,158,101,45,159,102,46,160,103,47,161,104,48,162,105,49,163,106,50,164,107,51,165,108,52,166,109,53,167,110,54,168,111,55,169,112,56,170,113,57,114,
3,171,115,58,2,1,116,59,3,117,60,4,118,61,5,119,62,6,120,63,7,121,64,8,122,65,9,123,66,10,124,67,11,125,68,12,126,69,13,127,70,14,128,71,15,129,72,16,130,73,17,131,74,18,132,75,19,133,76,20,134,77,21,135,78,22,136,79,23,137,80,24,138,81,25,139,82,26,140,83,27,141,84,28,142,85,29,143,86,30,144,87,31,145,88,32,146,89,33,147,90,34,148,91,35,149,92,36,150,93,37,151,94,38,152,95,39,153,96,40,154,97,41,155,98,42,156,99,43,157,100,44,158,101,45,159,102,46,160,103,47,161,104,48,162,105,49,163,106,50,164,107,51,165,108,52,166,109,53,167,110,54,168,111,55,169,112,56,170,113,57,171,114,
3,172,116,59,2,1,117,60,3,118,61,4,119,62,5,120,63,6,121,64,7,122,65,8,123,66,9,124,67,10,125,68,11,126,69,12,127,70,13,128,71,14,129,72,15,130,73,16,131,74,17,132,75,18,133,76,19,134,77,20,135,78,21,136,79,22,137,80,23,138,81,24,139,82,25,140,83,26,141,84,27,142,85,28,143,86,29,87,144,30,88,145,31,89,146,32,90,147,33,91,148,34,92,149,35,93,150,36,94,151,37,95,152,38,96,153,39,97,154,40,98,155,41,99,156,42,100,157,43,101,158,44,102,159,45,103,160,46,104,161,47,105,162,48,106,163,49,107,164,50,108,165,51,109,166,52,110,167,53,111,168,54,112,169,55,113,170,56,114,171,57,115,172,58,
3,173,117,59,2,1,118,60,3,119,61,4,120,62,5,121,63,6,122,64,7,123,65,8,124,66,9,125,67,10,126,68,11,127,69,12,128,70,13,129,71,14,130,72,15,131,73,16,132,74,17,133,75,18,134,76,19,135,77,20,136,78,21,137,79,22,138,80,23,139,81,24,140,82,25,141,83,26,142,84,27,143,85,28,144,86,29,87,145,30,88,146,31,89,147,32,90,148,33,91,149,34,92,150,35,93,151,36,94,152,37,95,153,38,96,154,39,97,155,40,98,156,41,99,157,42,100,158,43,101,159,44,102,160,45,103,161,46,104,162,47,105,163,48,106,164,49,107,165,50,108,166,51,109,167,52,110,168,53,111,169,54,112,170,55,113,171,56,114,172,57,115,173,58,116,
3,174,118,60,2,1,119,61,3,120,62,4,121,63,5,122,64,6,123,65,7,124,66,8,125,67,9,126,68,10,127,69,11,128,70,12,129,71,13,130,72,14,131,73,15,132,74,16,133,75,17,134,76,18,135,77,19,136,78,20,137,79,21,138,80,22,139,81,23,140,82,24,141,83,25,142,84,26,143,85,27,144,86,28,145,87,29,88,146,89,30,147,90,31,148,91,32,149,92,33,150,93,34,151,94,35,152,95,36,153,96,37,154,97,38,155,98,39,156,99,40,157,100,41,158,101,42,159,102,43,160,103,44,161,104,45,162,105,46,163,106,47,164,107,48,165,108,49,166,109,50,167,110,51,168,111,52,169,112,53,170,113,54,171,114,55,172,115,56,173,116,57,174,117,58,59,
3,175,118,60,2,1,119,61,3,120,62,4,121,63,5,122,64,6,123,65,7,124,66,8,125,67,9,126,68,10,127,69,11,128,70,12,129,71,13,130,72,14,131,73,15,132,74,16,133,75,17,134,76,18,135,77,19,136,78,20,137,79,21,138,80,22,139,81,23,140,82,24,141,83,25,142,84,26,143,85,27,144,86,28,145,87,29,146,88,30,147,89,31,148,90,32,149,91,33,150,92,34,151,93,35,152,94,36,153,95,37,154,96,38,155,97,39,156,98,40,157,99,41,158,100,42,159,101,43,160,102,44,161,103,45,162,104,46,163,105,47,164,106,48,165,107,49,166,108,50,167,109,51,168,110,52,169,111,53,170,112,54,171,113,55,172,114,56,173,115,57,174,116,58,175,117,59,
3,176,119,60,2,1,120,61,3,121,62,4,122,63,5,123,64,6,124,65,7,125,66,8,126,67,9,127,68,10,128,69,11,129,70,12,130,71,13,131,72,14,132,73,15,133,74,16,134,75,17,135,76,18,136,77,19,137,78,20,138,79,21,139,80,22,140,81,23,141,82,24,142,83,25,143,84,26,144,85,27,145,86,28,146,87,29,147,88,30,148,89,31,149,90,32,150,91,33,151,92,34,152,93,35,153,94,36,154,95,37,155,96,38,156,97,39,157,98,40,158,99,41,159,100,42,160,101,43,161,102,44,162,103,45,163,104,46,164,105,47,165,106,48,166,107,49,167,108,50,168,109,51,169,110,52,170,111,53,171,112,54,172,113,55,173,114,56,174,115,57,175,116,58,176,117,59,118,
3,177,119,60,2,1,120,61,3,121,62,4,122,63,5,123,64,6,124,65,7,125,66,8,126,67,9,127,68,10,128,69,11,129,70,12,130,71,13,131,72,14,132,73,15,133,74,16,134,75,17,135,76,18,136,77,19,137,78,20,138,79,21,139,80,22,140,81,23,141,82,24,142,83,25,143,84,26,144,85,27,145,86,28,146,87,29,147,88,30,148,89,31,149,90,32,150,91,33,151,92,34,152,93,35,153,94,36,154,95,37,155,96,38,156,97,39,157,98,40,158,99,41,159,100,42,160,101,43,161,102,44,162,103,45,163,104,46,164,105,47,165,106,48,166,107,49,167,108,50,168,109,51,169,110,52,170,111,53,171,112,54,172,113,55,173,114,56,174,115,57,175,116,58,176,117,59,177,118,
3,178,120,61,2,1,121,62,3,122,63,4,123,64,5,124,65,6,125,66,7,126,67,8,127,68,9,128,69,10,129,70,11,130,71,12,131,72,13,132,73,14,133,74,15,134,75,16,135,76,17,136,77,18,137,78,19,138,79,20,139,80,21,140,81,22,141,82,23,142,83,24,143,84,25,144,85,26,145,86,27,146,87,28,147,88,29,148,89,30,90,149,31,91,150,32,92,151,33,93,152,34,94,153,35,95,154,36,96,155,37,97,156,38,98,157,39,99,158,40,100,159,41,101,160,42,102,161,43,103,162,44,104,163,45,105,164,46,106,165,47,107,166,48,108,167,49,109,168,50,110,169,51,111,170,52,112,171,53,113,172,54,114,173,55,115,174,56,116,175,57,117,176,58,118,177,59,119,178,60,
3,179,121,61,2,1,122,62,3,123,63,4,124,64,5,125,65,6,126,66,7,127,67,8,128,68,9,129,69,10,130,70,11,131,71,12,132,72,13,133,73,14,134,74,15,135,75,16,136,76,17,137,77,18,138,78,19,139,79,20,140,80,21,141,81,22,142,82,23,143,83,24,144,84,25,145,85,26,146,86,27,147,87,28,148,88,29,149,89,30,90,150,31,91,151,32,92,152,33,93,153,34,94,154,35,95,155,36,96,156,37,97,157,38,98,158,39,99,159,40,100,160,41,101,161,42,102,162,43,103,163,44,104,164,45,105,165,46,106,166,47,107,167,48,108,168,49,109,169,50,110,170,51,111,171,52,112,172,53,113,173,54,114,174,55,115,175,56,116,176,57,117,177,58,118,178,59,119,179,60,120,
3,180,122,62,2,1,123,63,3,124,64,4,125,65,5,126,66,6,127,67,7,128,68,8,129,69,9,130,70,10,131,71,11,132,72,12,133,73,13,134,74,14,135,75,15,136,76,16,137,77,17,138,78,18,139,79,19,140,80,20,141,81,21,142,82,22,143,83,23,144,84,24,145,85,25,146,86,26,147,87,27,148,88,28,149,89,29,150,90,30,91,151,92,31,152,93,32,153,94,33,154,95,34,155,96,35,156,97,36,157,98,37,158,99,38,159,100,39,160,101,40,161,102,41,162,103,42,163,104,43,164,105,44,165,106,45,166,107,46,167,108,47,168,109,48,169,110,49,170,111,50,171,112,51,172,113,52,173,114,53,174,115,54,175,116,55,176,117,56,177,118,57,178,119,58,179,120,59,180,121,60,61,
3,181,122,62,2,1,123,63,3,124,64,4,125,65,5,126,66,6,127,67,7,128,68,8,129,69,9,130,70,10,131,71,11,132,72,12,133,73,13,134,74,14,135,75,15,136,76,16,137,77,17,138,78,18,139,79,19,140,80,20,141,81,21,142,82,22,143,83,23,144,84,24,145,85,25,146,86,26,147,87,27,148,88,28,149,89,29,150,90,30,151,91,31,152,92,32,153,93,33,154,94,34,155,95,35,156,96,36,157,97,37,158,98,38,159,99,39,160,100,40,161,101,41,162,102,42,163,103,43,164,104,44,165,105,45,166,106,46,167,107,47,168,108,48,169,109,49,170,110,50,171,111,51,172,112,52,173,113,53,174,114,54,175,115,55,176,116,56,177,117,57,178,118,58,179,119,59,180,120,60,181,121,61,
3,182,123,62,2,1,124,63,3,125,64,4,126,65,5,127,66,6,128,67,7,129,68,8,130,69,9,131,70,10,132,71,11,133,72,12,134,73,13,135,74,14,136,75,15,137,76,16,138,77,17,139,78,18,140,79,19,141,80,20,142,81,21,143,82,22,144,83,23,145,84,24,146,85,25,147,86,26,148,87,27,149,88,28,150,89,29,151,90,30,152,91,31,153,92,32,154,93,33,155,94,34,156,95,35,157,96,36,158,97,37,159,98,38,160,99,39,161,100,40,162,101,41,163,102,42,164,103,43,165,104,44,166,105,45,167,106,46,168,107,47,169,108,48,170,109,49,171,110,50,172,111,51,173,112,52,174,113,53,175,114,54,176,115,55,177,116,56,178,117,57,179,118,58,180,119,59,181,120,60,182,121,61,122,
3,183,123,62,2,1,124,63,3,125,64,4,126,65,5,127,66,6,128,67,7,129,68,8,130,69,9,131,70,10,132,71,11,133,72,12,134,73,13,135,74,14,136,75,15,137,76,16,138,77,17,139,78,18,140,79,19,141,80,20,142,81,21,143,82,22,144,83,23,145,84,24,146,85,25,147,86,26,148,87,27,149,88,28,150,89,29,151,90,30,152,91,31,153,92,32,154,93,33,155,94,34,156,95,35,157,96,36,158,97,37,159,98,38,160,99,39,161,100,40,162,101,41,163,102,42,164,103,43,165,104,44,166,105,45,167,106,46,168,107,47,169,108,48,170,109,49,171,110,50,172,111,51,173,112,52,174,113,53,175,114,54,176,115,55,177,116,56,178,117,57,179,118,58,180,119,59,181,120,60,182,121,61,183,122,
3,184,124,63,2,1,125,64,3,126,65,4,127,66,5,128,67,6,129,68,7,130,69,8,131,70,9,132,71,10,133,72,11,134,73,12,135,74,13,136,75,14,137,76,15,138,77,16,139,78,17,140,79,18,141,80,19,142,81,20,143,82,21,144,83,22,145,84,23,146,85,24,147,86,25,148,87,26,149,88,27,150,89,28,151,90,29,152,91,30,153,92,31,93,154,32,94,155,33,95,156,34,96,157,35,97,158,36,98,159,37,99,160,38,100,161,39,101,162,40,102,163,41,103,164,42,104,165,43,105,166,44,106,167,45,107,168,46,108,169,47,109,170,48,110,171,49,111,172,50,112,173,51,113,174,52,114,175,53,115,176,54,116,177,55,117,178,56,118,179,57,119,180,58,120,181,59,121,182,60,122,183,61,123,184,62,
3,185,125,63,2,1,126,64,3,127,65,4,128,66,5,129,67,6,130,68,7,131,69,8,132,70,9,133,71,10,134,72,11,135,73,12,136,74,13,137,75,14,138,76,15,139,77,16,140,78,17,141,79,18,142,80,19,143,81,20,144,82,21,145,83,22,146,84,23,147,85,24,148,86,25,149,87,26,150,88,27,151,89,28,152,90,29,153,91,30,154,92,31,93,155,32,94,156,33,95,157,34,96,158,35,97,159,36,98,160,37,99,161,38,100,162,39,101,163,40,102,164,41,103,165,42,104,166,43,105,167,44,106,168,45,107,169,46,108,170,47,109,171,48,110,172,49,111,173,50,112,174,51,113,175,52,114,176,53,115,177,54,116,178,55,117,179,56,118,180,57,119,181,58,120,182,59,121,183,60,122,184,61,123,185,62,124,
3,186,126,64,2,1,127,65,3,128,66,4,129,67,5,130,68,6,131,69,7,132,70,8,133,71,9,134,72,10,135,73,11,136,74,12,137,75,13,138,76,14,139,77,15,140,78,16,141,79,17,142,80,18,143,81,19,144,82,20,145,83,21,146,84,22,147,85,23,148,86,24,149,87,25,150,88,26,151,89,27,152,90,28,153,91,29,154,92,30,155,93,31,94,156,95,32,157,96,33,158,97,34,159,98,35,160,99,36,161,100,37,162,101,38,163,102,39,164,103,40,165,104,41,166,105,42,167,106,43,168,107,44,169,108,45,170,109,46,171,110,47,172,111,48,173,112,49,174,113,50,175,114,51,176,115,52,177,116,53,178,117,54,179,118,55,180,119,56,181,120,57,182,121,58,183,122,59,184,123,60,185,124,61,186,125,62,63,
3,187,126,64,2,1,127,65,3,128,66,4,129,67,5,130,68,6,131,69,7,132,70,8,133,71,9,134,72,10,135,73,11,136,74,12,137,75,13,138,76,14,139,77,15,140,78,16,141,79,17,142,80,18,143,81,19,144,82,20,145,83,21,146,84,22,147,85,23,148,86,24,149,87,25,150,88,26,151,89,27,152,90,28,153,91,29,154,92,30,155,93,31,156,94,32,157,95,33,158,96,34,159,97,35,160,98,36,161,99,37,162,100,38,163,101,39,164,102,40,165,103,41,166,104,42,167,105,43,168,106,44,169,107,45,170,108,46,171,109,47,172,110,48,173,111,49,174,112,50,175,113,51,176,114,52,177,115,53,178,116,54,179,117,55,180,118,56,181,119,57,182,120,58,183,121,59,184,122,60,185,123,61,186,124,62,187,125,63,
3,188,127,64,2,1,128,65,3,129,66,4,130,67,5,131,68,6,132,69,7,133,70,8,134,71,9,135,72,10,136,73,11,137,74,12,138,75,13,139,76,14,140,77,15,141,78,16,142,79,17,143,80,18,144,81,19,145,82,20,146,83,21,147,84,22,148,85,23,149,86,24,150,87,25,151,88,26,152,89,27,153,90,28,154,91,29,155,92,30,156,93,31,157,94,32,158,95,33,159,96,34,160,97,35,161,98,36,162,99,37,163,100,38,164,101,39,165,102,40,166,103,41,167,104,42,168,105,43,169,106,44,170,107,45,171,108,46,172,109,47,173,110,48,174,111,49,175,112,50,176,113,51,177,114,52,178,115,53,179,116,54,180,117,55,181,118,56,182,119,57,183,120,58,184,121,59,185,122,60,186,123,61,187,124,62,188,125,63,126,
3,189,127,64,2,1,128,65,3,129,66,4,130,67,5,131,68,6,132,69,7,133,70,8,134,71,9,135,72,10,136,73,11,137,74,12,138,75,13,139,76,14,140,77,15,141,78,16,142,79,17,143,80,18,144,81,19,145,82,20,146,83,21,147,84,22,148,85,23,149,86,24,150,87,25,151,88,26,152,89,27,153,90,28,154,91,29,155,92,30,156,93,31,157,94,32,158,95,33,159,96,34,160,97,35,161,98,36,162,99,37,163,100,38,164,101,39,165,102,40,166,103,41,167,104,42,168,105,43,169,106,44,170,107,45,171,108,46,172,109,47,173,110,48,174,111,49,175,112,50,176,113,51,177,114,52,178,115,53,179,116,54,180,117,55,181,118,56,182,119,57,183,120,58,184,121,59,185,122,60,186,123,61,187,124,62,188,125,63,189,126,
3,190,128,65,2,1,129,66,3,130,67,4,131,68,5,132,69,6,133,70,7,134,71,8,135,72,9,136,73,10,137,74,11,138,75,12,139,76,13,140,77,14,141,78,15,142,79,16,143,80,17,144,81,18,145,82,19,146,83,20,147,84,21,148,85,22,149,86,23,150,87,24,151,88,25,152,89,26,153,90,27,154,91,28,155,92,29,156,93,30,157,94,31,158,95,32,96,159,33,97,160,34,98,161,35,99,162,36,100,163,37,101,164,38,102,165,39,103,166,40,104,167,41,105,168,42,106,169,43,107,170,44,108,171,45,109,172,46,110,173,47,111,174,48,112,175,49,113,176,50,114,177,51,115,178,52,116,179,53,117,180,54,118,181,55,119,182,56,120,183,57,121,184,58,122,185,59,123,186,60,124,187,61,125,188,62,126,189,63,127,190,64,
3,191,129,65,2,1,130,66,3,131,67,4,132,68,5,133,69,6,134,70,7,135,71,8,136,72,9,137,73,10,138,74,11,139,75,12,140,76,13,141,77,14,142,78,15,143,79,16,144,80,17,145,81,18,146,82,19,147,83,20,148,84,21,149,85,22,150,86,23,151,87,24,152,88,25,153,89,26,154,90,27,155,91,28,156,92,29,157,93,30,158,94,31,159,95,32,96,160,33,97,161,34,98,162,35,99,163,36,100,164,37,101,165,38,102,166,39,103,167,40,104,168,41,105,169,42,106,170,43,107,171,44,108,172,45,109,173,46,110,174,47,111,175,48,112,176,49,113,177,50,114,178,51,115,179,52,116,180,53,117,181,54,118,182,55,119,183,56,120,184,57,121,185,58,122,186,59,123,187,60,124,188,61,125,189,62,126,190,63,127,191,64,128,
3,192,130,66,2,1,131,67,3,132,68,4,133,69,5,134,70,6,135,71,7,136,72,8,137,73,9,138,74,10,139,75,11,140,76,12,141,77,13,142,78,14,143,79,15,144,80,16,145,81,17,146,82,18,147,83,19,148,84,20,149,85,21,150,86,22,151,87,23,152,88,24,153,89,25,154,90,26,155,91,27,156,92,28,157,93,29,158,94,30,159,95,31,160,96,32,97,161,98,33,162,99,34,163,100,35,164,101,36,165,102,37,166,103,38,167,104,39,168,105,40,169,106,41,170,107,42,171,108,43,172,109,44,173,110,45,174,111,46,175,112,47,176,113,48,177,114,49,178,115,50,179,116,51,180,117,52,181,118,53,182,119,54,183,120,55,184,121,56,185,122,57,186,123,58,187,124,59,188,125,60,189,126,61,190,127,62,191,128,63,192,129,64,65,
3,193,130,66,2,1,131,67,3,132,68,4,133,69,5,134,70,6,135,71,7,136,72,8,137,73,9,138,74,10,139,75,11,140,76,12,141,77,13,142,78,14,143,79,15,144,80,16,145,81,17,146,82,18,147,83,19,148,84,20,149,85,21,150,86,22,151,87,23,152,88,24,153,89,25,154,90,26,155,91,27,156,92,28,157,93,29,158,94,30,159,95,31,160,96,32,161,97,33,162,98,34,163,99,35,164,100,36,165,101,37,166,102,38,167,103,39,168,104,40,169,105,41,170,106,42,171,107,43,172,108,44,173,109,45,174,110,46,175,111,47,176,112,48,177,113,49,178,114,50,179,115,51,180,116,52,181,117,53,182,118,54,183,119,55,184,120,56,185,121,57,186,122,58,187,123,59,188,124,60,189,125,61,190,126,62,191,127,63,192,128,64,193,129,65,
3,194,131,66,2,1,132,67,3,133,68,4,134,69,5,135,70,6,136,71,7,137,72,8,138,73,9,139,74,10,140,75,11,141,76,12,142,77,13,143,78,14,144,79,15,145,80,16,146,81,17,147,82,18,148,83,19,149,84,20,150,85,21,151,86,22,152,87,23,153,88,24,154,89,25,155,90,26,156,91,27,157,92,28,158,93,29,159,94,30,160,95,31,161,96,32,162,97,33,163,98,34,164,99,35,165,100,36,166,101,37,167,102,38,168,103,39,169,104,40,170,105,41,171,106,42,172,107,43,173,108,44,174,109,45,175,110,46,176,111,47,177,112,48,178,113,49,179,114,50,180,115,51,181,116,52,182,117,53,183,118,54,184,119,55,185,120,56,186,121,57,187,122,58,188,123,59,189,124,60,190,125,61,191,126,62,192,127,63,193,128,64,194,129,65,130,
3,195,131,66,2,1,132,67,3,133,68,4,134,69,5,135,70,6,136,71,7,137,72,8,138,73,9,139,74,10,140,75,11,141,76,12,142,77,13,143,78,14,144,79,15,145,80,16,146,81,17,147,82,18,148,83,19,149,84,20,150,85,21,151,86,22,152,87,23,153,88,24,154,89,25,155,90,26,156,91,27,157,92,28,158,93,29,159,94,30,160,95,31,161,96,32,162,97,33,163,98,34,164,99,35,165,100,36,166,101,37,167,102,38,168,103,39,169,104,40,170,105,41,171,106,42,172,107,43,173,108,44,174,109,45,175,110,46,176,111,47,177,112,48,178,113,49,179,114,50,180,115,51,181,116,52,182,117,53,183,118,54,184,119,55,185,120,56,186,121,57,187,122,58,188,123,59,189,124,60,190,125,61,191,126,62,192,127,63,193,128,64,194,129,65,195,130,
3,196,132,67,2,1,133,68,3,134,69,4,135,70,5,136,71,6,137,72,7,138,73,8,139,74,9,140,75,10,141,76,11,142,77,12,143,78,13,144,79,14,145,80,15,146,81,16,147,82,17,148,83,18,149,84,19,150,85,20,151,86,21,152,87,22,153,88,23,154,89,24,155,90,25,156,91,26,157,92,27,158,93,28,159,94,29,160,95,30,161,96,31,162,97,32,163,98,33,99,164,34,100,165,35,101,166,36,102,167,37,103,168,38,104,169,39,105,170,40,106,171,41,107,172,42,108,173,43,109,174,44,110,175,45,111,176,46,112,177,47,113,178,48,114,179,49,115,180,50,116,181,51,117,182,52,118,183,53,119,184,54,120,185,55,121,186,56,122,187,57,123,188,58,124,189,59,125,190,60,126,191,61,127,192,62,128,193,63,129,194,64,130,195,65,131,196,66,
3,197,133,67,2,1,134,68,3,135,69,4,136,70,5,137,71,6,138,72,7,139,73,8,140,74,9,141,75,10,142,76,11,143,77,12,144,78,13,145,79,14,146,80,15,147,81,16,148,82,17,149,83,18,150,84,19,151,85,20,152,86,21,153,87,22,154,88,23,155,89,24,156,90,25,157,91,26,158,92,27,159,93,28,160,94,29,161,95,30,162,96,31,163,97,32,164,98,33,99,165,34,100,166,35,101,167,36,102,168,37,103,169,38,104,170,39,105,171,40,106,172,41,107,173,42,108,174,43,109,175,44,110,176,45,111,177,46,112,178,47,113,179,48,114,180,49,115,181,50,116,182,51,117,183,52,118,184,53,119,185,54,120,186,55,121,187,56,122,188,57,123,189,58,124,190,59,125,191,60,126,192,61,127,193,62,128,194,63,129,195,64,130,196,65,131,197,66,132,
3,198,134,68,2,1,135,69,3,136,70,4,137,71,5,138,72,6,139,73,7,140,74,8,141,75,9,142,76,10,143,77,11,144,78,12,145,79,13,146,80,14,147,81,15,148,82,16,149,83,17,150,84,18,151,85,19,152,86,20,153,87,21,154,88,22,155,89,23,156,90,24,157,91,25,158,92,26,159,93,27,160,94,28,161,95,29,162,96,30,163,97,31,164,98,32,165,99,33,100,166,101,34,167,102,35,168,103,36,169,104,37,170,105,38,171,106,39,172,107,40,173,108,41,174,109,42,175,110,43,176,111,44,177,112,45,178,113,46,179,114,47,180,115,48,181,116,49,182,117,50,183,118,51,184,119,52,185,120,53,186,121,54,187,122,55,188,123,56,189,124,57,190,125,58,191,126,59,192,127,60,193,128,61,194,129,62,195,130,63,196,131,64,197,132,65,198,133,66,67,
3,199,134,68,2,1,135,69,3,136,70,4,137,71,5,138,72,6,139,73,7,140,74,8,141,75,9,142,76,10,143,77,11,144,78,12,145,79,13,146,80,14,147,81,15,148,82,16,149,83,17,150,84,18,151,85,19,152,86,20,153,87,21,154,88,22,155,89,23,156,90,24,157,91,25,158,92,26,159,93,27,160,94,28,161,95,29,162,96,30,163,97,31,164,98,32,165,99,33,166,100,34,167,101,35,168,102,36,169,103,37,170,104,38,171,105,39,172,106,40,173,107,41,174,108,42,175,109,43,176,110,44,177,111,45,178,112,46,179,113,47,180,114,48,181,115,49,182,116,50,183,117,51,184,118,52,185,119,53,186,120,54,187,121,55,188,122,56,189,123,57,190,124,58,191,125,59,192,126,60,193,127,61,194,128,62,195,129,63,196,130,64,197,131,65,198,132,66,199,133,67,
3,200,135,68,2,1,136,69,3,137,70,4,138,71,5,139,72,6,140,73,7,141,74,8,142,75,9,143,76,10,144,77,11,145,78,12,146,79,13,147,80,14,148,81,15,149,82,16,150,83,17,151,84,18,152,85,19,153,86,20,154,87,21,155,88,22,156,89,23,157,90,24,158,91,25,159,92,26,160,93,27,161,94,28,162,95,29,163,96,30,164,97,31,165,98,32,166,99,33,167,100,34,168,101,35,169,102,36,170,103,37,171,104,38,172,105,39,173,106,40,174,107,41,175,108,42,176,109,43,177,110,44,178,111,45,179,112,46,180,113,47,181,114,48,182,115,49,183,116,50,184,117,51,185,118,52,186,119,53,187,120,54,188,121,55,189,122,56,190,123,57,191,124,58,192,125,59,193,126,60,194,127,61,195,128,62,196,129,63,197,130,64,198,131,65,199,132,66,200,133,67,134,
