4,11,9,6,4,2,1,10,7,5,3,11,8,
4,12,10,7,4,2,1,11,8,5,3,12,9,6,
4,13,11,8,5,2,1,12,9,6,3,13,10,7,4,
4,14,11,8,5,2,1,12,9,6,3,13,10,7,4,14,
4,15,12,8,5,2,1,13,9,6,3,14,10,7,4,15,11,
4,16,13,9,5,2,1,14,10,6,3,15,11,7,4,16,12,8,
4,17,14,10,6,2,1,15,11,7,3,16,12,8,4,17,13,9,5,
4,18,14,10,6,2,1,15,11,7,3,16,12,8,4,17,13,9,5,18,
4,19,15,10,6,2,1,16,11,7,3,17,12,8,4,18,13,9,5,19,14,
4,20,16,11,6,2,1,17,12,7,3,18,13,8,4,19,14,9,5,20,15,10,
4,21,17,12,7,2,1,18,13,8,3,19,14,9,4,20,15,10,5,21,16,11,6,
4,22,17,12,7,2,1,18,13,8,3,19,14,9,4,20,15,10,5,21,16,11,6,22,
4,23,18,12,7,2,1,19,13,8,3,20,14,9,4,21,15,10,5,22,16,11,6,23,17,
4,24,19,13,7,2,1,20,14,8,3,21,15,9,4,22,16,10,5,23,17,11,6,24,18,12,
4,25,20,14,8,2,1,21,15,9,3,22,16,10,4,23,17,11,5,24,18,12,6,25,19,13,7,
4,26,20,14,8,2,1,21,15,9,3,22,16,10,4,23,17,11,5,24,18,12,6,25,19,13,7,26,
4,27,21,14,8,2,1,22,15,9,3,23,16,10,4,24,17,11,5,25,18,12,6,26,19,13,7,27,20,
4,28,22,15,8,2,1,23,16,9,3,24,17,10,4,25,18,11,5,26,19,12,6,27,20,13,7,28,21,14,
4,29,23,16,9,2,1,24,17,10,3,25,18,11,4,26,19,12,5,27,20,13,6,28,21,14,7,29,22,15,8,
4,30,23,16,9,2,1,24,17,10,3,25,18,11,4,26,19,12,5,27,20,13,6,28,21,14,7,29,22,15,8,30,
4,31,24,16,9,2,1,25,17,10,3,26,18,11,4,27,19,12,5,28,20,13,6,29,21,14,7,30,22,15,8,31,23,
4,32,25,17,9,2,1,26,18,10,3,27,19,11,4,28,20,12,5,29,21,13,6,30,22,14,7,31,23,15,8,32,24,16,
4,33,26,18,10,2,1,27,19,11,3,28,20,12,4,29,21,13,5,30,22,14,6,31,23,15,7,32,24,16,8,33,25,17,9,
4,34,26,18,10,2,1,27,19,11,3,28,20,12,4,29,21,13,5,30,22,14,6,31,23,15,7,32,24,16,8,33,25,17,9,34,
4,35,27,18,10,2,1,28,19,11,3,29,20,12,4,30,21,13,5,31,22,14,6,32,23,15,7,33,24,16,8,34,25,17,9,35,26,
4,36,28,19,10,2,1,29,20,11,3,30,21,12,4,31,22,13,5,32,23,14,6,33,24,15,7,34,25,16,8,35,26,17,9,36,27,18,
4,37,29,20,11,2,1,30,21,12,3,31,22,13,4,32,23,14,5,33,24,15,6,34,25,16,7,35,26,17,8,36,27,18,9,37,28,19,10,
4,38,29,20,11,2,1,30,21,12,3,31,22,13,4,32,23,14,5,33,24,15,6,34,25,16,7,35,26,17,8,36,27,18,9,37,28,19,10,38,
4,39,30,20,11,2,1,31,21,12,3,32,22,13,4,33,23,14,5,34,24,15,6,35,25,16,7,36,26,17,8,37,27,18,9,38,28,19,10,39,29,
4,40,31,21,11,2,1,32,22,12,3,33,23,13,4,34,24,14,5,35,25,15,6,36,26,16,7,37,27,17,8,38,28,18,9,39,29,19,10,40,30,20,
4,41,32,22,12,2,1,33,23,13,3,34,24,14,4,35,25,15,5,36,26,16,6,37,27,17,7,38,28,18,8,39,29,19,9,40,30,20,10,41,31,21,11,
4,42,32,22,12,2,1,33,23,13,3,34,24,14,4,35,25,15,5,36,26,16,6,37,27,17,7,38,28,18,8,39,29,19,9,40,30,20,10,41,31,21,11,42,
4,43,33,22,12,2,1,34,23,13,3,35,24,14,4,36,25,15,5,37,26,16,6,38,27,17,7,39,28,18,8,40,29,19,9,41,30,20,10,42,31,21,11,43,32,
4,44,34,23,12,2,1,35,24,13,3,36,25,14,4,37,26,15,5,38,27,16,6,39,28,17,7,40,29,18,8,41,30,19,9,42,31,20,10,43,32,21,11,44,33,22,
4,45,35,24,13,2,1,36,25,14,3,37,26,15,4,38,27,16,5,39,28,17,6,40,29,18,7,41,30,19,8,42,31,20,9,43,32,21,10,44,33,22,11,45,34,23,12,
4,46,35,24,13,2,1,36,25,14,3,37,26,15,4,38,27,16,5,39,28,17,6,40,29,18,7,41,30,19,8,42,31,20,9,43,32,21,10,44,33,22,11,45,34,23,12,46,
4,47,36,24,13,2,1,37,25,14,3,38,26,15,4,39,27,16,5,40,28,17,6,41,29,18,7,42,30,19,8,43,31,20,9,44,32,21,10,45,33,22,11,46,34,23,12,47,35,
4,48,37,25,13,2,1,38,26,14,3,39,27,15,4,40,28,16,5,41,29,17,6,42,30,18,7,43,31,19,8,44,32,20,9,45,33,21,10,46,34,22,11,47,35,23,12,48,36,24,
4,49,38,26,14,2,1,39,27,15,3,40,28,16,4,41,29,17,5,42,30,18,6,43,31,19,7,44,32,20,8,45,33,21,9,46,34,22,10,47,35,23,11,48,36,24,12,49,37,25,13,
4,50,38,26,14,2,1,39,27,15,3,40,28,16,4,41,29,17,5,42,30,18,6,43,31,19,7,44,32,20,8,45,33,21,9,46,34,22,10,47,35,23,11,48,36,24,12,49,37,25,13,50,
4,51,39,26,14,2,1,40,27,15,3,41,28,16,4,42,29,17,5,43,30,18,6,44,31,19,7,45,32,20,8,46,33,21,9,47,34,22,10,48,35,23,11,49,36,24,12,50,37,25,13,51,38,
4,52,40,27,14,2,1,41,28,15,3,42,29,16,4,43,30,17,5,44,31,18,6,45,32,19,7,46,33,20,8,47,34,21,9,48,35,22,10,49,36,23,11,50,37,24,12,51,38,25,13,52,39,26,
4,53,41,28,15,2,1,42,29,16,3,43,30,17,4,44,31,18,5,45,32,19,6,46,33,20,7,47,34,21,8,48,35,22,9,49,36,23,10,50,37,24,11,51,38,25,12,52,39,26,13,53,40,27,14,
4,54,41,28,15,2,1,42,29,16,3,43,30,17,4,44,31,18,5,45,32,19,6,46,33,20,7,47,34,21,8,48,35,22,9,49,36,23,10,50,37,24,11,51,38,25,12,52,39,26,13,53,40,27,14,54,
4,55,42,28,15,2,1,43,29,16,3,44,30,17,4,45,31,18,5,46,32,19,6,47,33,20,7,48,34,21,8,49,35,22,9,50,36,23,10,51,37,24,11,52,38,25,12,53,39,26,13,54,40,27,14,55,41,
4,56,43,29,15,2,1,44,30,16,3,45,31,17,4,46,32,18,5,47,33,19,6,48,34,20,7,49,35,21,8,50,36,22,9,51,37,23,10,52,38,24,11,53,39,25,12,54,40,26,13,55,41,27,14,56,42,28,
4,57,44,30,16,2,1,45,31,17,3,46,32,18,4,47,33,19,5,48,34,20,6,49,35,21,7,50,36,22,8,51,37,23,9,52,38,24,10,53,39,25,11,54,40,26,12,55,41,27,13,56,42,28,14,57,43,29,15,
4,58,44,30,16,2,1,45,31,17,3,46,32,18,4,47,33,19,5,48,34,20,6,49,35,21,7,50,36,22,8,51,37,23,9,52,38,24,10,53,39,25,11,54,40,26,12,55,41,27,13,56,42,28,14,57,43,29,15,58,
4,59,45,30,16,2,1,46,31,17,3,47,32,18,4,48,33,19,5,49,34,20,6,50,35,21,7,51,36,22,8,52,37,23,9,53,38,24,10,54,39,25,11,55,40,26,12,56,41,27,13,57,42,28,14,58,43,29,15,59,44,
4,60,46,31,16,2,1,47,32,17,3,48,33,18,4,49,34,19,5,50,35,20,6,51,36,21,7,52,37,22,8,53,38,23,9,54,39,24,10,55,40,25,11,56,41,26,12,57,42,27,13,58,43,28,14,59,44,29,15,60,45,30,
4,61,47,32,17,2,1,48,33,18,3,49,34,19,4,50,35,20,5,51,36,21,6,52,37,22,7,53,38,23,8,54,39,24,9,55,40,25,10,56,41,26,11,57,42,27,12,58,43,28,13,59,44,29,14,60,45,30,15,61,46,31,16,
4,62,47,32,17,2,1,48,33,18,3,49,34,19,4,50,35,20,5,51,36,21,6,52,37,22,7,53,38,23,8,54,39,24,9,55,40,25,10,56,41,26,11,57,42,27,12,58,43,28,13,59,44,29,14,60,45,30,15,61,46,31,16,62,
4,63,48,32,17,2,1,49,33,18,3,50,34,19,4,51,35,20,5,52,36,21,6,53,37,22,7,54,38,23,8,55,39,24,9,56,40,25,10,57,41,26,11,58,42,27,12,59,43,28,13,60,44,29,14,61,45,30,15,62,46,31,16,63,47,
4,64,49,33,17,2,1,50,34,18,3,51,35,19,4,52,36,20,5,53,37,21,6,54,38,22,7,55,39,23,8,56,40,24,9,57,41,25,10,58,42,26,11,59,43,27,12,60,44,28,13,61,45,29,14,62,46,30,15,63,47,31,16,64,48,32,
4,65,50,34,18,2,1,51,35,19,3,52,36,20,4,53,37,21,5,54,38,22,6,55,39,23,7,56,40,24,8,57,41,25,9,58,42,26,10,59,43,27,11,60,44,28,12,61,45,29,13,62,46,30,14,63,47,31,15,64,48,32,16,65,49,33,17,
4,66,50,34,18,2,1,51,35,19,3,52,36,20,4,53,37,21,5,54,38,22,6,55,39,23,7,56,40,24,8,57,41,25,9,58,42,26,10,59,43,27,11,60,44,28,12,61,45,29,13,62,46,30,14,63,47,31,15,64,48,32,16,65,49,33,17,66,
4,67,51,34,18,2,1,52,35,19,3,53,36,20,4,54,37,21,5,55,38,22,6,56,39,23,7,57,40,24,8,58,41,25,9,59,42,26,10,60,43,27,11,61,44,28,12,62,45,29,13,63,46,30,14,64,47,31,15,65,48,32,16,66,49,33,17,67,50,
4,68,52,35,18,2,1,53,36,19,3,54,37,20,4,55,38,21,5,56,39,22,6,57,40,23,7,58,41,24,8,59,42,25,9,60,43,26,10,61,44,27,11,62,45,28,12,63,46,29,13,64,47,30,14,65,48,31,15,66,49,32,16,67,50,33,17,68,51,34,
4,69,53,36,19,2,1,54,37,20,3,55,38,21,4,56,39,22,5,57,40,23,6,58,41,24,7,59,42,25,8,60,43,26,9,61,44,27,10,62,45,28,11,63,46,29,12,64,47,30,13,65,48,31,14,66,49,32,15,67,50,33,16,68,51,34,17,69,52,35,18,
4,70,53,36,19,2,1,54,37,20,3,55,38,21,4,56,39,22,5,57,40,23,6,58,41,24,7,59,42,25,8,60,43,26,9,61,44,27,10,62,45,28,11,63,46,29,12,64,47,30,13,65,48,31,14,66,49,32,15,67,50,33,16,68,51,34,17,69,52,35,18,70,
4,71,54,36,19,2,1,55,37,20,3,56,38,21,4,57,39,22,5,58,40,23,6,59,41,24,7,60,42,25,8,61,43,26,9,62,44,27,10,63,45,28,11,64,46,29,12,65,47,30,13,66,48,31,14,67,49,32,15,68,50,33,16,69,51,34,17,70,52,35,18,71,53,
4,72,55,37,19,2,1,56,38,20,3,57,39,21,4,58,40,22,5,59,41,23,6,60,42,24,7,61,43,25,8,62,44,26,9,63,45,27,10,64,46,28,11,65,47,29,12,66,48,30,13,67,49,31,14,68,50,32,15,69,51,33,16,70,52,34,17,71,53,35,18,72,54,36,
4,73,56,38,20,2,1,57,39,21,3,58,40,22,4,59,41,23,5,60,42,24,6,61,43,25,7,62,44,26,8,63,45,27,9,64,46,28,10,65,47,29,11,66,48,30,12,67,49,31,13,68,50,32,14,69,51,33,15,70,52,34,16,71,53,35,17,72,54,36,18,73,55,37,19,
4,74,56,38,20,2,1,57,39,21,3,58,40,22,4,59,41,23,5,60,42,24,6,61,43,25,7,62,44,26,8,63,45,27,9,64,46,28,10,65,47,29,11,66,48,30,12,67,49,31,13,68,50,32,14,69,51,33,15,70,52,34,16,71,53,35,17,72,54,36,18,73,55,37,19,74,
4,75,57,38,20,2,1,58,39,21,3,59,40,22,4,60,41,23,5,61,42,24,6,62,43,25,7,63,44,26,8,64,45,27,9,65,46,28,10,66,47,29,11,67,48,30,12,68,49,31,13,69,50,32,14,70,51,33,15,71,52,34,16,72,53,35,17,73,54,36,18,74,55,37,19,75,56,
4,76,58,39,20,2,1,59,40,21,3,60,41,22,4,61,42,23,5,62,43,24,6,63,44,25,7,64,45,26,8,65,46,27,9,66,47,28,10,67,48,29,11,68,49,30,12,69,50,31,13,70,51,32,14,71,52,33,15,72,53,34,16,73,54,35,17,74,55,36,18,75,56,37,19,76,57,38,
4,77,59,40,21,2,1,60,41,22,3,61,42,23,4,62,43,24,5,63,44,25,6,64,45,26,7,65,46,27,8,66,47,28,9,67,48,29,10,68,49,30,11,69,50,31,12,70,51,32,13,71,52,33,14,72,53,34,15,73,54,35,16,74,55,36,17,75,56,37,18,76,57,38,19,77,58,39,20,
4,78,59,40,21,2,1,60,41,22,3,61,42,23,4,62,43,24,5,63,44,25,6,64,45,26,7,65,46,27,8,66,47,28,9,67,48,29,10,68,49,30,11,69,50,31,12,70,51,32,13,71,52,33,14,72,53,34,15,73,54,35,16,74,55,36,17,75,56,37,18,76,57,38,19,77,58,39,20,78,
4,79,60,40,21,2,1,61,41,22,3,62,42,23,4,63,43,24,5,64,44,25,6,65,45,26,7,66,46,27,8,67,47,28,9,68,48,29,10,69,49,30,11,70,50,31,12,71,51,32,13,72,52,33,14,73,53,34,15,74,54,35,16,75,55,36,17,76,56,37,18,77,57,38,19,78,58,39,20,79,59,
4,80,61,41,21,2,1,62,42,22,3,63,43,23,4,64,44,24,5,65,45,25,6,66,46,26,7,67,47,27,8,68,48,28,9,69,49,29,10,70,50,30,11,71,51,31,12,72,52,32,13,73,53,33,14,74,54,34,15,75,55,35,16,76,56,36,17,77,57,37,18,78,58,38,19,79,59,39,20,80,60,40,
4,81,62,42,22,2,1,63,43,23,3,64,44,24,4,65,45,25,5,66,46,26,6,67,47,27,7,68,48,28,8,69,49,29,9,70,50,30,10,71,51,31,11,72,52,32,12,73,53,33,13,74,54,34,14,75,55,35,15,76,56,36,16,77,57,37,17,78,58,38,18,79,59,39,19,80,60,40,20,81,61,41,21,
4,82,62,42,22,2,1,63,43,23,3,64,44,24,4,65,45,25,5,66,46,26,6,67,47,27,7,68,48,28,8,69,49,29,9,70,50,30,10,71,51,31,11,72,52,32,12,73,53,33,13,74,54,34,14,75,55,35,15,76,56,36,16,77,57,37,17,78,58,38,18,79,59,39,19,80,60,40,20,81,61,41,21,82,
4,83,63,42,22,2,1,64,43,23,3,65,44,24,4,66,45,25,5,67,46,26,6,68,47,27,7,69,48,28,8,70,49,29,9,71,50,30,10,72,51,31,11,73,52,32,12,74,53,33,13,75,54,34,14,76,55,35,15,77,56,36,16,78,57,37,17,79,58,38,18,80,59,39,19,81,60,40,20,82,61,41,21,83,62,
4,84,64,43,22,2,1,65,44,23,3,66,45,24,4,67,46,25,5,68,47,26,6,69,48,27,7,70,49,28,8,71,50,29,9,72,51,30,10,73,52,31,11,74,53,32,12,75,54,33,13,76,55,34,14,77,56,35,15,78,57,36,16,79,58,37,17,80,59,38,18,81,60,39,19,82,61,40,20,83,62,41,21,84,63,42,
4,85,65,44,23,2,1,66,45,24,3,67,46,25,4,68,47,26,5,69,48,27,6,70,49,28,7,71,50,29,8,72,51,30,9,73,52,31,10,74,53,32,11,75,54,33,12,76,55,34,13,77,56,35,14,78,57,36,15,79,58,37,16,80,59,38,17,81,60,39,18,82,61,40,19,83,62,41,20,84,63,42,21,85,64,43,22,
4,86,65,44,23,2,1,66,45,24,3,67,46,25,4,68,47,26,5,69,48,27,6,70,49,28,7,71,50,29,8,72,51,30,9,73,52,31,10,74,53,32,11,75,54,33,12,76,55,34,13,77,56,35,14,78,57,36,15,79,58,37,16,80,59,38,17,81,60,39,18,82,61,40,19,83,62,41,20,84,63,42,21,85,64,43,22,86,
4,87,66,44,23,2,1,67,45,24,3,68,46,25,4,69,47,26,5,70,48,27,6,71,49,28,7,72,50,29,8,73,51,30,9,74,52,31,10,75,53,32,11,76,54,33,12,77,55,34,13,78,56,35,14,79,57,36,15,80,58,37,16,81,59,38,17,82,60,39,18,83,61,40,19,84,62,41,20,85,63,42,21,86,64,43,22,87,65,
4,88,67,45,23,2,1,68,46,24,3,69,47,25,4,70,48,26,5,71,49,27,6,72,50,28,7,73,51,29,8,74,52,30,9,75,53,31,10,76,54,32,11,77,55,33,12,78,56,34,13,79,57,35,14,80,58,36,15,81,59,37,16,82,60,38,17,83,61,39,18,84,62,40,19,85,63,41,20,86,64,42,21,87,65,43,22,88,66,44,
4,89,68,46,24,2,1,69,47,25,3,70,48,26,4,71,49,27,5,72,50,28,6,73,51,29,7,74,52,30,8,75,53,31,9,76,54,32,10,77,55,33,11,78,56,34,12,79,57,35,13,80,58,36,14,81,59,37,15,82,60,38,16,83,61,39,17,84,62,40,18,85,63,41,19,86,64,42,20,87,65,43,21,88,66,44,22,89,67,45,23,
4,90,68,46,24,2,1,69,47,25,3,70,48,26,4,71,49,27,5,72,50,28,6,73,51,29,7,74,52,30,8,75,53,31,9,76,54,32,10,77,55,33,11,78,56,34,12,79,57,35,13,80,58,36,14,81,59,37,15,82,60,38,16,83,61,39,17,84,62,40,18,85,63,41,19,86,64,42,20,87,65,43,21,88,66,44,22,89,67,45,23,90,
4,91,69,46,24,2,1,70,47,25,3,71,48,26,4,72,49,27,5,73,50,28,6,74,51,29,7,75,52,30,8,76,53,31,9,77,54,32,10,78,55,33,11,79,56,34,12,80,57,35,13,81,58,36,14,82,59,37,15,83,60,38,16,84,61,39,17,85,62,40,18,86,63,41,19,87,64,42,20,88,65,43,21,89,66,44,22,90,67,45,23,91,68,
4,92,70,47,24,2,1,71,48,25,3,72,49,26,4,73,50,27,5,74,51,28,6,75,52,29,7,76,53,30,8,77,54,31,9,78,55,32,10,79,56,33,11,80,57,34,12,81,58,35,13,82,59,36,14,83,60,37,15,84,61,38,16,85,62,39,17,86,63,40,18,87,64,41,19,88,65,42,20,89,66,43,21,90,67,44,22,91,68,45,23,92,69,46,
4,93,71,48,25,2,1,72,49,26,3,73,50,27,4,74,51,28,5,75,52,29,6,76,53,30,7,77,54,31,8,78,55,32,9,79,56,33,10,80,57,34,11,81,58,35,12,82,59,36,13,83,60,37,14,84,61,38,15,85,62,39,16,86,63,40,17,87,64,41,18,88,65,42,19,89,66,43,20,90,67,44,21,91,68,45,22,92,69,46,23,93,70,47,24,
4,94,71,48,25,2,1,72,49,26,3,73,50,27,4,74,51,28,5,75,52,29,6,76,53,30,7,77,54,31,8,78,55,32,9,79,56,33,10,80,57,34,11,81,58,35,12,82,59,36,13,83,60,37,14,84,61,38,15,85,62,39,16,86,63,40,17,87,64,41,18,88,65,42,19,89,66,43,20,90,67,44,21,91,68,45,22,92,69,46,23,93,70,47,24,94,
4,95,72,48,25,2,1,73,49,26,3,74,50,27,4,75,51,28,5,76,52,29,6,77,53,30,7,78,54,31,8,79,55,32,9,80,56,33,10,81,57,34,11,82,58,35,12,83,59,36,13,84,60,37,14,85,61,38,15,86,62,39,16,87,63,40,17,88,64,41,18,89,65,42,19,90,66,43,20,91,67,44,21,92,68,45,22,93,69,46,23,94,70,47,24,95,71,
4,96,73,49,25,2,1,74,50,26,3,75,51,27,4,76,52,28,5,77,53,29,6,78,54,30,7,79,55,31,8,80,56,32,9,81,57,33,10,82,58,34,11,83,59,35,12,84,60,36,13,85,61,37,14,86,62,38,15,87,63,39,16,88,64,40,17,89,65,41,18,90,66,42,19,91,67,43,20,92,68,44,21,93,69,45,22,94,70,46,23,95,71,47,24,96,72,48,
4,97,74,50,26,2,1,75,51,27,3,76,52,28,4,77,53,29,5,78,54,30,6,79,55,31,7,80,56,32,8,81,57,33,9,82,58,34,10,83,59,35,11,84,60,36,12,85,61,37,13,86,62,38,14,87,63,39,15,88,64,40,16,89,65,41,17,90,66,42,18,91,67,43,19,92,68,44,20,93,69,45,21,94,70,46,22,95,71,47,23,96,72,48,24,97,73,49,25,
4,98,74,50,26,2,1,75,51,27,3,76,52,28,4,77,53,29,5,78,54,30,6,79,55,31,7,80,56,32,8,81,57,33,9,82,58,34,10,83,59,35,11,84,60,36,12,85,61,37,13,86,62,38,14,87,63,39,15,88,64,40,16,89,65,41,17,90,66,42,18,91,67,43,19,92,68,44,20,93,69,45,21,94,70,46,22,95,71,47,23,96,72,48,24,97,73,49,25,98,
4,99,75,50,26,2,1,76,51,27,3,77,52,28,4,78,53,29,5,79,54,30,6,80,55,31,7,81,56,32,8,82,57,33,9,83,58,34,10,84,59,35,11,85,60,36,12,86,61,37,13,87,62,38,14,88,63,39,15,89,64,40,16,90,65,41,17,91,66,42,18,92,67,43,19,93,68,44,20,94,69,45,21,95,70,46,22,96,71,47,23,97,72,48,24,98,73,49,25,99,74,
4,100,76,51,26,2,1,77,52,27,3,78,53,28,4,79,54,29,5,80,55,30,6,81,56,31,7,82,57,32,8,83,58,33,9,84,59,34,10,85,60,35,11,86,61,36,12,87,62,37,13,88,63,38,14,89,64,39,15,90,65,40,16,91,66,41,17,92,67,42,18,93,68,43,19,94,69,44,20,95,70,45,21,96,71,46,22,97,72,47,23,98,73,48,24,99,74,49,25,100,75,50,
4,101,77,52,27,2,1,78,53,28,3,79,54,29,4,80,55,30,5,81,56,31,6,82,57,32,7,83,58,33,8,84,59,34,9,85,60,35,10,86,61,36,11,87,62,37,12,88,63,38,13,89,64,39,14,90,65,40,15,91,66,41,16,92,67,42,17,93,68,43,18,94,69,44,19,95,70,45,20,96,71,46,21,97,72,47,22,98,73,48,23,99,74,49,24,100,75,50,25,101,76,51,26,
4,102,77,52,27,2,1,78,53,28,3,79,54,29,4,80,55,30,5,81,56,31,6,82,57,32,7,83,58,33,8,84,59,34,9,85,60,35,10,86,61,36,11,87,62,37,12,88,63,38,13,89,64,39,14,90,65,40,15,91,66,41,16,92,67,42,17,93,68,43,18,94,69,44,19,95,70,45,20,96,71,46,21,97,72,47,22,98,73,48,23,99,74,49,24,100,75,50,25,101,76,51,26,102,
4,103,78,52,27,2,1,79,53,28,3,80,54,29,4,81,55,30,5,82,56,31,6,83,57,32,7,84,58,33,8,85,59,34,9,86,60,35,10,87,61,36,11,88,62,37,12,89,63,38,13,90,64,39,14,91,65,40,15,92,66,41,16,93,67,42,17,94,68,43,18,95,69,44,19,96,70,45,20,97,71,46,21,98,72,47,22,99,73,48,23,100,74,49,24,101,75,50,25,102,76,51,26,103,77,
4,104,79,53,27,2,1,80,54,28,3,81,55,29,4,82,56,30,5,83,57,31,6,84,58,32,7,85,59,33,8,86,60,34,9,87,61,35,10,88,62,36,11,89,63,37,12,90,64,38,13,91,65,39,14,92,66,40,15,93,67,41,16,94,68,42,17,95,69,43,18,96,70,44,19,97,71,45,20,98,72,46,21,99,73,47,22,100,74,48,23,101,75,49,24,102,76,50,25,103,77,51,26,104,78,52,
4,105,80,54,28,2,1,81,55,29,3,82,56,30,4,83,57,31,5,84,58,32,6,85,59,33,7,86,60,34,8,87,61,35,9,88,62,36,10,89,63,37,11,90,64,38,12,91,65,39,13,92,66,40,14,93,67,41,15,94,68,42,16,95,69,43,17,96,70,44,18,97,71,45,19,98,72,46,20,99,73,47,21,100,74,48,22,101,75,49,23,102,76,50,24,103,77,51,25,104,78,52,26,105,79,53,27,
4,106,80,54,28,2,1,81,55,29,3,82,56,30,4,83,57,31,5,84,58,32,6,85,59,33,7,86,60,34,8,87,61,35,9,88,62,36,10,89,63,37,11,90,64,38,12,91,65,39,13,92,66,40,14,93,67,41,15,94,68,42,16,95,69,43,17,96,70,44,18,97,71,45,19,98,72,46,20,99,73,47,21,100,74,48,22,101,75,49,23,102,76,50,24,103,77,51,25,104,78,52,26,105,79,53,27,106,
4,107,81,54,28,2,1,82,55,29,3,83,56,30,4,84,57,31,5,85,58,32,6,86,59,33,7,87,60,34,8,88,61,35,9,89,62,36,10,90,63,37,11,91,64,38,12,92,65,39,13,93,66,40,14,94,67,41,15,95,68,42,16,96,69,43,17,97,70,44,18,98,71,45,19,99,72,46,20,100,73,47,21,101,74,48,22,102,75,49,23,103,76,50,24,104,77,51,25,105,78,52,26,106,79,53,27,107,80,
4,108,82,55,28,2,1,83,56,29,3,84,57,30,4,85,58,31,5,86,59,32,6,87,60,33,7,88,61,34,8,89,62,35,9,90,63,36,10,91,64,37,11,92,65,38,12,93,66,39,13,94,67,40,14,95,68,41,15,96,69,42,16,97,70,43,17,98,71,44,18,99,72,45,19,100,73,46,20,101,74,47,21,102,75,48,22,103,76,49,23,104,77,50,24,105,78,51,25,106,79,52,26,107,80,53,27,108,81,54,
4,109,83,56,29,2,1,84,57,30,3,85,58,31,4,86,59,32,5,87,60,33,6,88,61,34,7,89,62,35,8,90,63,36,9,91,64,37,10,92,65,38,11,93,66,39,12,94,67,40,13,95,68,41,14,96,69,42,15,97,70,43,16,98,71,44,17,99,72,45,18,100,73,46,19,101,74,47,20,102,75,48,21,103,76,49,22,104,77,50,23,105,78,51,24,106,79,52,25,107,80,53,26,108,81,54,27,109,82,55,28,
4,110,83,56,29,2,1,84,57,30,3,85,58,31,4,86,59,32,5,87,60,33,6,88,61,34,7,89,62,35,8,90,63,36,9,91,64,37,10,92,65,38,11,93,66,39,12,94,67,40,13,95,68,41,14,96,69,42,15,97,70,43,16,98,71,44,17,99,72,45,18,100,73,46,19,101,74,47,20,102,75,48,21,103,76,49,22,104,77,50,23,105,78,51,24,106,79,52,25,107,80,53,26,108,81,54,27,109,82,55,28,110,
4,111,84,56,29,2,1,85,57,30,3,86,58,31,4,87,59,32,5,88,60,33,6,89,61,34,7,90,62,35,8,91,63,36,9,92,64,37,10,93,65,38,11,94,66,39,12,95,67,40,13,96,68,41,14,97,69,42,15,98,70,43,16,99,71,44,17,100,72,45,18,101,73,46,19,102,74,47,20,103,75,48,21,104,76,49,22,105,77,50,23,106,78,51,24,107,79,52,25,108,80,53,26,109,81,54,27,110,82,55,28,111,83,
4,112,85,57,29,2,1,86,58,30,3,87,59,31,4,88,60,32,5,89,61,33,6,90,62,34,7,91,63,35,8,92,64,36,9,93,65,37,10,94,66,38,11,95,67,39,12,96,68,40,13,97,69,41,14,98,70,42,15,99,71,43,16,100,72,44,17,101,73,45,18,102,74,46,19,103,75,47,20,104,76,48,21,105,77,49,22,106,78,50,23,107,79,51,24,108,80,52,25,109,81,53,26,110,82,54,27,111,83,55,28,112,84,56,
4,113,86,58,30,2,1,87,59,31,3,88,60,32,4,89,61,33,5,90,62,34,6,91,63,35,7,92,64,36,8,93,65,37,9,94,66,38,10,95,67,39,11,96,68,40,12,97,69,41,13,98,70,42,14,99,71,43,15,100,72,44,16,101,73,45,17,102,74,46,18,103,75,47,19,104,76,48,20,105,77,49,21,106,78,50,22,107,79,51,23,108,80,52,24,109,81,53,25,110,82,54,26,111,83,55,27,112,84,56,28,113,85,57,29,
4,114,86,58,30,2,1,87,59,31,3,88,60,32,4,89,61,33,5,90,62,34,6,91,63,35,7,92,64,36,8,93,65,37,9,94,66,38,10,95,67,39,11,96,68,40,12,97,69,41,13,98,70,42,14,99,71,43,15,100,72,44,16,101,73,45,17,102,74,46,18,103,75,47,19,104,76,48,20,105,77,49,21,106,78,50,22,107,79,51,23,108,80,52,24,109,81,53,25,110,82,54,26,111,83,55,27,112,84,56,28,113,85,57,29,114,
4,115,87,58,30,2,1,88,59,31,3,89,60,32,4,90,61,33,5,91,62,34,6,92,63,35,7,93,64,36,8,94,65,37,9,95,66,38,10,96,67,39,11,97,68,40,12,98,69,41,13,99,70,42,14,100,71,43,15,101,72,44,16,102,73,45,17,103,74,46,18,104,75,47,19,105,76,48,20,106,77,49,21,107,78,50,22,108,79,51,23,109,80,52,24,110,81,53,25,111,82,54,26,112,83,55,27,113,84,56,28,114,85,57,29,115,86,
4,116,88,59,30,2,1,89,60,31,3,90,61,32,4,91,62,33,5,92,63,34,6,93,64,35,7,94,65,36,8,95,66,37,9,96,67,38,10,97,68,39,11,98,69,40,12,99,70,41,13,100,71,42,14,101,72,43,15,102,73,44,16,103,74,45,17,104,75,46,18,105,76,47,19,106,77,48,20,107,78,49,21,108,79,50,22,109,80,51,23,110,81,52,24,111,82,53,25,112,83,54,26,113,84,55,27,114,85,56,28,115,86,57,29,116,87,58,
4,117,89,60,31,2,1,90,61,32,3,91,62,33,4,92,63,34,5,93,64,35,6,94,65,36,7,95,66,37,8,96,67,38,9,97,68,39,10,98,69,40,11,99,70,41,12,100,71,42,13,101,72,43,14,102,73,44,15,103,74,45,16,104,75,46,17,105,76,47,18,106,77,48,19,107,78,49,20,108,79,50,21,109,80,51,22,110,81,52,23,111,82,53,24,112,83,54,25,113,84,55,26,114,85,56,27,115,86,57,28,116,87,58,29,117,88,59,30,
4,118,89,60,31,2,1,90,61,32,3,91,62,33,4,92,63,34,5,93,64,35,6,94,65,36,7,95,66,37,8,96,67,38,9,97,68,39,10,98,69,40,11,99,70,41,12,100,71,42,13,101,72,43,14,102,73,44,15,103,74,45,16,104,75,46,17,105,76,47,18,106,77,48,19,107,78,49,20,108,79,50,21,109,80,51,22,110,81,52,23,111,82,53,24,112,83,54,25,113,84,55,26,114,85,56,27,115,86,57,28,116,87,58,29,117,88,59,30,118,
4,119,90,60,31,2,1,91,61,32,3,92,62,33,4,93,63,34,5,94,64,35,6,95,65,36,7,96,66,37,8,97,67,38,9,98,68,39,10,99,69,40,11,100,70,41,12,101,71,42,13,102,72,43,14,103,73,44,15,104,74,45,16,105,75,46,17,106,76,47,18,107,77,48,19,108,78,49,20,109,79,50,21,110,80,51,22,111,81,52,23,112,82,53,24,113,83,54,25,114,84,55,26,115,85,56,27,116,86,57,28,117,87,58,29,118,88,59,30,119,89,
4,120,91,61,31,2,1,92,62,32,3,93,63,33,4,94,64,34,5,95,65,35,6,96,66,36,7,97,67,37,8,98,68,38,9,99,69,39,10,100,70,40,11,101,71,41,12,102,72,42,13,103,73,43,14,104,74,44,15,105,75,45,16,106,76,46,17,107,77,47,18,108,78,48,19,109,79,49,20,110,80,50,21,111,81,51,22,112,82,52,23,113,83,53,24,114,84,54,25,115,85,55,26,116,86,56,27,117,87,57,28,118,88,58,29,119,89,59,30,120,90,60,
4,121,92,62,32,2,1,93,63,33,3,94,64,34,4,95,65,35,5,96,66,36,6,97,67,37,7,98,68,38,8,99,69,39,9,100,70,40,10,101,71,41,11,102,72,42,12,103,73,43,13,104,74,44,14,105,75,45,15,106,76,46,16,107,77,47,17,108,78,48,18,109,79,49,19,110,80,50,20,111,81,51,21,112,82,52,22,113,83,53,23,114,84,54,24,115,85,55,25,116,86,56,26,117,87,57,27,118,88,58,28,119,89,59,29,120,90,60,30,121,91,61,31,
4,122,92,62,32,2,1,93,63,33,3,94,64,34,4,95,65,35,5,96,66,36,6,97,67,37,7,98,68,38,8,99,69,39,9,100,70,40,10,101,71,41,11,102,72,42,12,103,73,43,13,104,74,44,14,105,75,45,15,106,76,46,16,107,77,47,17,108,78,48,18,109,79,49,19,110,80,50,20,111,81,51,21,112,82,52,22,113,83,53,23,114,84,54,24,115,85,55,25,116,86,56,26,117,87,57,27,118,88,58,28,119,89,59,29,120,90,60,30,121,91,61,31,122,
4,123,93,62,32,2,1,94,63,33,3,95,64,34,4,96,65,35,5,97,66,36,6,98,67,37,7,99,68,38,8,100,69,39,9,101,70,40,10,102,71,41,11,103,72,42,12,104,73,43,13,105,74,44,14,106,75,45,15,107,76,46,16,108,77,47,17,109,78,48,18,110,79,49,19,111,80,50,20,112,81,51,21,113,82,52,22,114,83,53,23,115,84,54,24,116,85,55,25,117,86,56,26,118,87,57,27,119,88,58,28,120,89,59,29,121,90,60,30,122,91,61,31,123,92,
4,124,94,63,32,2,1,95,64,33,3,96,65,34,4,97,66,35,5,98,67,36,6,99,68,37,7,100,69,38,8,101,70,39,9,102,71,40,10,103,72,41,11,104,73,42,12,105,74,43,13,106,75,44,14,107,76,45,15,108,77,46,16,109,78,47,17,110,79,48,18,111,80,49,19,112,81,50,20,113,82,51,21,114,83,52,22,115,84,53,23,116,85,54,24,117,86,55,25,118,87,56,26,119,88,57,27,120,89,58,28,121,90,59,29,122,91,60,30,123,92,61,31,124,93,62,
4,125,95,64,33,2,1,96,65,34,3,97,66,35,4,98,67,36,5,99,68,37,6,100,69,38,7,101,70,39,8,102,71,40,9,103,72,41,10,104,73,42,11,105,74,43,12,106,75,44,13,107,76,45,14,108,77,46,15,109,78,47,16,110,79,48,17,111,80,49,18,112,81,50,19,113,82,51,20,114,83,52,21,115,84,53,22,116,85,54,23,117,86,55,24,118,87,56,25,119,88,57,26,120,89,58,27,121,90,59,28,122,91,60,29,123,92,61,30,124,93,62,31,125,94,63,32,
4,126,95,64,33,2,1,96,65,34,3,97,66,35,4,98,67,36,5,99,68,37,6,100,69,38,7,101,70,39,8,102,71,40,9,103,72,41,10,104,73,42,11,105,74,43,12,106,75,44,13,107,76,45,14,108,77,46,15,109,78,47,16,110,79,48,17,111,80,49,18,112,81,50,19,113,82,51,20,114,83,52,21,115,84,53,22,116,85,54,23,117,86,55,24,118,87,56,25,119,88,57,26,120,89,58,27,121,90,59,28,122,91,60,29,123,92,61,30,124,93,62,31,125,94,63,32,126,
4,127,96,64,33,2,1,97,65,34,3,98,66,35,4,99,67,36,5,100,68,37,6,101,69,38,7,102,70,39,8,103,71,40,9,104,72,41,10,105,73,42,11,106,74,43,12,107,75,44,13,108,76,45,14,109,77,46,15,110,78,47,16,111,79,48,17,112,80,49,18,113,81,50,19,114,82,51,20,115,83,52,21,116,84,53,22,117,85,54,23,118,86,55,24,119,87,56,25,120,88,57,26,121,89,58,27,122,90,59,28,123,91,60,29,124,92,61,30,125,93,62,31,126,94,63,32,127,95,
4,128,97,65,33,2,1,98,66,34,3,99,67,35,4,100,68,36,5,101,69,37,6,102,70,38,7,103,71,39,8,104,72,40,9,105,73,41,10,106,74,42,11,107,75,43,12,108,76,44,13,109,77,45,14,110,78,46,15,111,79,47,16,112,80,48,17,113,81,49,18,114,82,50,19,115,83,51,20,116,84,52,21,117,85,53,22,118,86,54,23,119,87,55,24,120,88,56,25,121,89,57,26,122,90,58,27,123,91,59,28,124,92,60,29,125,93,61,30,126,94,62,31,127,95,63,32,128,96,64,
4,129,98,66,34,2,1,99,67,35,3,100,68,36,4,101,69,37,5,102,70,38,6,103,71,39,7,104,72,40,8,105,73,41,9,106,74,42,10,107,75,43,11,108,76,44,12,109,77,45,13,110,78,46,14,111,79,47,15,112,80,48,16,113,81,49,17,114,82,50,18,115,83,51,19,116,84,52,20,117,85,53,21,118,86,54,22,119,87,55,23,120,88,56,24,121,89,57,25,122,90,58,26,123,91,59,27,124,92,60,28,125,93,61,29,126,94,62,30,127,95,63,31,128,96,64,32,129,97,65,33,
4,130,98,66,34,2,1,99,67,35,3,100,68,36,4,101,69,37,5,102,70,38,6,103,71,39,7,104,72,40,8,105,73,41,9,106,74,42,10,107,75,43,11,108,76,44,12,109,77,45,13,110,78,46,14,111,79,47,15,112,80,48,16,113,81,49,17,114,82,50,18,115,83,51,19,116,84,52,20,117,85,53,21,118,86,54,22,119,87,55,23,120,88,56,24,121,89,57,25,122,90,58,26,123,91,59,27,124,92,60,28,125,93,61,29,126,94,62,30,127,95,63,31,128,96,64,32,129,97,65,33,130,
4,131,99,66,34,2,1,100,67,35,3,101,68,36,4,102,69,37,5,103,70,38,6,104,71,39,7,105,72,40,8,106,73,41,9,107,74,42,10,108,75,43,11,109,76,44,12,110,77,45,13,111,78,46,14,112,79,47,15,113,80,48,16,114,81,49,17,115,82,50,18,116,83,51,19,117,84,52,20,118,85,53,21,119,86,54,22,120,87,55,23,121,88,56,24,122,89,57,25,123,90,58,26,124,91,59,27,125,92,60,28,126,93,61,29,127,94,62,30,128,95,63,31,129,96,64,32,130,97,65,33,131,98,
4,132,100,67,34,2,1,101,68,35,3,102,69,36,4,103,70,37,5,104,71,38,6,105,72,39,7,106,73,40,8,107,74,41,9,108,75,42,10,109,76,43,11,110,77,44,12,111,78,45,13,112,79,46,14,113,80,47,15,114,81,48,16,115,82,49,17,116,83,50,18,117,84,51,19,118,85,52,20,119,86,53,21,120,87,54,22,121,88,55,23,122,89,56,24,123,90,57,25,124,91,58,26,125,92,59,27,126,93,60,28,127,94,61,29,128,95,62,30,129,96,63,31,130,97,64,32,131,98,65,33,132,99,66,
4,133,101,68,35,2,1,102,69,36,3,103,70,37,4,104,71,38,5,105,72,39,6,106,73,40,7,107,74,41,8,108,75,42,9,109,76,43,10,110,77,44,11,111,78,45,12,112,79,46,13,113,80,47,14,114,81,48,15,115,82,49,16,116,83,50,17,117,84,51,18,118,85,52,19,119,86,53,20,120,87,54,21,121,88,55,22,122,89,56,23,123,90,57,24,124,91,58,25,125,92,59,26,126,93,60,27,127,94,61,28,128,95,62,29,129,96,63,30,130,97,64,31,131,98,65,32,132,99,66,33,133,100,67,34,
4,134,101,68,35,2,1,102,69,36,3,103,70,37,4,104,71,38,5,105,72,39,6,106,73,40,7,107,74,41,8,108,75,42,9,109,76,43,10,110,77,44,11,111,78,45,12,112,79,46,13,113,80,47,14,114,81,48,15,115,82,49,16,116,83,50,17,117,84,51,18,118,85,52,19,119,86,53,20,120,87,54,21,121,88,55,22,122,89,56,23,123,90,57,24,124,91,58,25,125,92,59,26,126,93,60,27,127,94,61,28,128,95,62,29,129,96,63,30,130,97,64,31,131,98,65,32,132,99,66,33,133,100,67,34,134,
4,135,102,68,35,2,1,103,69,36,3,104,70,37,4,105,71,38,5,106,72,39,6,107,73,40,7,108,74,41,8,109,75,42,9,110,76,43,10,111,77,44,11,112,78,45,12,113,79,46,13,114,80,47,14,115,81,48,15,116,82,49,16,117,83,50,17,118,84,51,18,119,85,52,19,120,86,53,20,121,87,54,21,122,88,55,22,123,89,56,23,124,90,57,24,125,91,58,25,126,92,59,26,127,93,60,27,128,94,61,28,129,95,62,29,130,96,63,30,131,97,64,31,132,98,65,32,133,99,66,33,134,100,67,34,135,101,
4,136,103,69,35,2,1,104,70,36,3,105,71,37,4,106,72,38,5,107,73,39,6,108,74,40,7,109,75,41,8,110,76,42,9,111,77,43,10,112,78,44,11,113,79,45,12,114,80,46,13,115,81,47,14,116,82,48,15,117,83,49,16,118,84,50,17,119,85,51,18,120,86,52,19,121,87,53,20,122,88,54,21,123,89,55,22,124,90,56,23,125,91,57,24,126,92,58,25,127,93,59,26,128,94,60,27,129,95,61,28,130,96,62,29,131,97,63,30,132,98,64,31,133,99,65,32,134,100,66,33,135,101,67,34,136,102,68,
4,137,104,70,36,2,1,105,71,37,3,106,72,38,4,107,73,39,5,108,74,40,6,109,75,41,7,110,76,42,8,111,77,43,9,112,78,44,10,113,79,45,11,114,80,46,12,115,81,47,13,116,82,48,14,117,83,49,15,118,84,50,16,119,85,51,17,120,86,52,18,121,87,53,19,122,88,54,20,123,89,55,21,124,90,56,22,125,91,57,23,126,92,58,24,127,93,59,25,128,94,60,26,129,95,61,27,130,96,62,28,131,97,63,29,132,98,64,30,133,99,65,31,134,100,66,32,135,101,67,33,136,102,68,34,137,103,69,35,
4,138,104,70,36,2,1,105,71,37,3,106,72,38,4,107,73,39,5,108,74,40,6,109,75,41,7,110,76,42,8,111,77,43,9,112,78,44,10,113,79,45,11,114,80,46,12,115,81,47,13,116,82,48,14,117,83,49,15,118,84,50,16,119,85,51,17,120,86,52,18,121,87,53,19,122,88,54,20,123,89,55,21,124,90,56,22,125,91,57,23,126,92,58,24,127,93,59,25,128,94,60,26,129,95,61,27,130,96,62,28,131,97,63,29,132,98,64,30,133,99,65,31,134,100,66,32,135,101,67,33,136,102,68,34,137,103,69,35,138,
4,139,105,70,36,2,1,106,71,37,3,107,72,38,4,108,73,39,5,109,74,40,6,110,75,41,7,111,76,42,8,112,77,43,9,113,78,44,10,114,79,45,11,115,80,46,12,116,81,47,13,117,82,48,14,118,83,49,15,119,84,50,16,120,85,51,17,121,86,52,18,122,87,53,19,123,88,54,20,124,89,55,21,125,90,56,22,126,91,57,23,127,92,58,24,128,93,59,25,129,94,60,26,130,95,61,27,131,96,62,28,132,97,63,29,133,98,64,30,134,99,65,31,135,100,66,32,136,101,67,33,137,102,68,34,138,103,69,35,139,104,
4,140,106,71,36,2,1,107,72,37,3,108,73,38,4,109,74,39,5,110,75,40,6,111,76,41,7,112,77,42,8,113,78,43,9,114,79,44,10,115,80,45,11,116,81,46,12,117,82,47,13,118,83,48,14,119,84,49,15,120,85,50,16,121,86,51,17,122,87,52,18,123,88,53,19,124,89,54,20,125,90,55,21,126,91,56,22,127,92,57,23,128,93,58,24,129,94,59,25,130,95,60,26,131,96,61,27,132,97,62,28,133,98,63,29,134,99,64,30,135,100,65,31,136,101,66,32,137,102,67,33,138,103,68,34,139,104,69,35,140,105,70,
4,141,107,72,37,2,1,108,73,38,3,109,74,39,4,110,75,40,5,111,76,41,6,112,77,42,7,113,78,43,8,114,79,44,9,115,80,45,10,116,81,46,11,117,82,47,12,118,83,48,13,119,84,49,14,120,85,50,15,121,86,51,16,122,87,52,17,123,88,53,18,124,89,54,19,125,90,55,20,126,91,56,21,127,92,57,22,128,93,58,23,129,94,59,24,130,95,60,25,131,96,61,26,132,97,62,27,133,98,63,28,134,99,64,29,135,100,65,30,136,101,66,31,137,102,67,32,138,103,68,33,139,104,69,34,140,105,70,35,141,106,71,36,
4,142,107,72,37,2,1,108,73,38,3,109,74,39,4,110,75,40,5,111,76,41,6,112,77,42,7,113,78,43,8,114,79,44,9,115,80,45,10,116,81,46,11,117,82,47,12,118,83,48,13,119,84,49,14,120,85,50,15,121,86,51,16,122,87,52,17,123,88,53,18,124,89,54,19,125,90,55,20,126,91,56,21,127,92,57,22,128,93,58,23,129,94,59,24,130,95,60,25,131,96,61,26,132,97,62,27,133,98,63,28,134,99,64,29,135,100,65,30,136,101,66,31,137,102,67,32,138,103,68,33,139,104,69,34,140,105,70,35,141,106,71,36,142,
4,143,108,72,37,2,1,109,73,38,3,110,74,39,4,111,75,40,5,112,76,41,6,113,77,42,7,114,78,43,8,115,79,44,9,116,80,45,10,117,81,46,11,118,82,47,12,119,83,48,13,120,84,49,14,121,85,50,15,122,86,51,16,123,87,52,17,124,88,53,18,125,89,54,19,126,90,55,20,127,91,56,21,128,92,57,22,129,93,58,23,130,94,59,24,131,95,60,25,132,96,61,26,133,97,62,27,134,98,63,28,135,99,64,29,136,100,65,30,137,101,66,31,138,102,67,32,139,103,68,33,140,104,69,34,141,105,70,35,142,106,71,36,143,107,
4,144,109,73,37,2,1,110,74,38,3,111,75,39,4,112,76,40,5,113,77,41,6,114,78,42,7,115,79,43,8,116,80,44,9,117,81,45,10,118,82,46,11,119,83,47,12,120,84,48,13,121,85,49,14,122,86,50,15,123,87,51,16,124,88,52,17,125,89,53,18,126,90,54,19,127,91,55,20,128,92,56,21,129,93,57,22,130,94,58,23,131,95,59,24,132,96,60,25,133,97,61,26,134,98,62,27,135,99,63,28,136,100,64,29,137,101,65,30,138,102,66,31,139,103,67,32,140,104,68,33,141,105,69,34,142,106,70,35,143,107,71,36,144,108,72,
4,145,110,74,38,2,1,111,75,39,3,112,76,40,4,113,77,41,5,114,78,42,6,115,79,43,7,116,80,44,8,117,81,45,9,118,82,46,10,119,83,47,11,120,84,48,12,121,85,49,13,122,86,50,14,123,87,51,15,124,88,52,16,125,89,53,17,126,90,54,18,127,91,55,19,128,92,56,20,129,93,57,21,130,94,58,22,131,95,59,23,132,96,60,24,133,97,61,25,134,98,62,26,135,99,63,27,136,100,64,28,137,101,65,29,138,102,66,30,139,103,67,31,140,104,68,32,141,105,69,33,142,106,70,34,143,107,71,35,144,108,72,36,145,109,73,37,
4,146,110,74,38,2,1,111,75,39,3,112,76,40,4,113,77,41,5,114,78,42,6,115,79,43,7,116,80,44,8,117,81,45,9,118,82,46,10,119,83,47,11,120,84,48,12,121,85,49,13,122,86,50,14,123,87,51,15,124,88,52,16,125,89,53,17,126,90,54,18,127,91,55,19,128,92,56,20,129,93,57,21,130,94,58,22,131,95,59,23,132,96,60,24,133,97,61,25,134,98,62,26,135,99,63,27,136,100,64,28,137,101,65,29,138,102,66,30,139,103,67,31,140,104,68,32,141,105,69,33,142,106,70,34,143,107,71,35,144,108,72,36,145,109,73,37,146,
4,147,111,74,38,2,1,112,75,39,3,113,76,40,4,114,77,41,5,115,78,42,6,116,79,43,7,117,80,44,8,118,81,45,9,119,82,46,10,120,83,47,11,121,84,48,12,122,85,49,13,123,86,50,14,124,87,51,15,125,88,52,16,126,89,53,17,127,90,54,18,128,91,55,19,129,92,56,20,130,93,57,21,131,94,58,22,132,95,59,23,133,96,60,24,134,97,61,25,135,98,62,26,136,99,63,27,137,100,64,28,138,101,65,29,139,102,66,30,140,103,67,31,141,104,68,32,142,105,69,33,143,106,70,34,144,107,71,35,145,108,72,36,146,109,73,37,147,110,
4,148,112,75,38,2,1,113,76,39,3,114,77,40,4,115,78,41,5,116,79,42,6,117,80,43,7,118,81,44,8,119,82,45,9,120,83,46,10,121,84,47,11,122,85,48,12,123,86,49,13,124,87,50,14,125,88,51,15,126,89,52,16,127,90,53,17,128,91,54,18,129,92,55,19,130,93,56,20,131,94,57,21,132,95,58,22,133,96,59,23,134,97,60,24,135,98,61,25,136,99,62,26,137,100,63,27,138,101,64,28,139,102,65,29,140,103,66,30,141,104,67,31,142,105,68,32,143,106,69,33,144,107,70,34,145,108,71,35,146,109,72,36,147,110,73,37,148,111,74,
4,149,113,76,39,2,1,114,77,40,3,115,78,41,4,116,79,42,5,117,80,43,6,118,81,44,7,119,82,45,8,120,83,46,9,121,84,47,10,122,85,48,11,123,86,49,12,124,87,50,13,125,88,51,14,126,89,52,15,127,90,53,16,128,91,54,17,129,92,55,18,130,93,56,19,131,94,57,20,132,95,58,21,133,96,59,22,134,97,60,23,135,98,61,24,136,99,62,25,137,100,63,26,138,101,64,27,139,102,65,28,140,103,66,29,141,104,67,30,142,105,68,31,143,106,69,32,144,107,70,33,145,108,71,34,146,109,72,35,147,110,73,36,148,111,74,37,149,112,75,38,
4,150,113,76,39,2,1,114,77,40,3,115,78,41,4,116,79,42,5,117,80,43,6,118,81,44,7,119,82,45,8,120,83,46,9,121,84,47,10,122,85,48,11,123,86,49,12,124,87,50,13,125,88,51,14,126,89,52,15,127,90,53,16,128,91,54,17,129,92,55,18,130,93,56,19,131,94,57,20,132,95,58,21,133,96,59,22,134,97,60,23,135,98,61,24,136,99,62,25,137,100,63,26,138,101,64,27,139,102,65,28,140,103,66,29,141,104,67,30,142,105,68,31,143,106,69,32,144,107,70,33,145,108,71,34,146,109,72,35,147,110,73,36,148,111,74,37,149,112,75,38,150,
4,151,114,76,39,2,1,115,77,40,3,116,78,41,4,117,79,42,5,118,80,43,6,119,81,44,7,120,82,45,8,121,83,46,9,122,84,47,10,123,85,48,11,124,86,49,12,125,87,50,13,126,88,51,14,127,89,52,15,128,90,53,16,129,91,54,17,130,92,55,18,131,93,56,19,132,94,57,20,133,95,58,21,134,96,59,22,135,97,60,23,136,98,61,24,137,99,62,25,138,100,63,26,139,101,64,27,140,102,65,28,141,103,66,29,142,104,67,30,143,105,68,31,144,106,69,32,145,107,70,33,146,108,71,34,147,109,72,35,148,110,73,36,149,111,74,37,150,112,75,38,151,113,
4,152,115,77,39,2,1,116,78,40,3,117,79,41,4,118,80,42,5,119,81,43,6,120,82,44,7,121,83,45,8,122,84,46,9,123,85,47,10,124,86,48,11,125,87,49,12,126,88,50,13,127,89,51,14,128,90,52,15,129,91,53,16,130,92,54,17,131,93,55,18,132,94,56,19,133,95,57,20,134,96,58,21,135,97,59,22,136,98,60,23,137,99,61,24,138,100,62,25,139,101,63,26,140,102,64,27,141,103,65,28,142,104,66,29,143,105,67,30,144,106,68,31,145,107,69,32,146,108,70,33,147,109,71,34,148,110,72,35,149,111,73,36,150,112,74,37,151,113,75,38,152,114,76,
4,153,116,78,40,2,1,117,79,41,3,118,80,42,4,119,81,43,5,120,82,44,6,121,83,45,7,122,84,46,8,123,85,47,9,124,86,48,10,125,87,49,11,126,88,50,12,127,89,51,13,128,90,52,14,129,91,53,15,130,92,54,16,131,93,55,17,132,94,56,18,133,95,57,19,134,96,58,20,135,97,59,21,136,98,60,22,137,99,61,23,138,100,62,24,139,101,63,25,140,102,64,26,141,103,65,27,142,104,66,28,143,105,67,29,144,106,68,30,145,107,69,31,146,108,70,32,147,109,71,33,148,110,72,34,149,111,73,35,150,112,74,36,151,113,75,37,152,114,76,38,153,115,77,39,
4,154,116,78,40,2,1,117,79,41,3,118,80,42,4,119,81,43,5,120,82,44,6,121,83,45,7,122,84,46,8,123,85,47,9,124,86,48,10,125,87,49,11,126,88,50,12,127,89,51,13,128,90,52,14,129,91,53,15,130,92,54,16,131,93,55,17,132,94,56,18,133,95,57,19,134,96,58,20,135,97,59,21,136,98,60,22,137,99,61,23,138,100,62,24,139,101,63,25,140,102,64,26,141,103,65,27,142,104,66,28,143,105,67,29,144,106,68,30,145,107,69,31,146,108,70,32,147,109,71,33,148,110,72,34,149,111,73,35,150,112,74,36,151,113,75,37,152,114,76,38,153,115,77,39,154,
4,155,117,78,40,2,1,118,79,41,3,119,80,42,4,120,81,43,5,121,82,44,6,122,83,45,7,123,84,46,8,124,85,47,9,125,86,48,10,126,87,49,11,127,88,50,12,128,89,51,13,129,90,52,14,130,91,53,15,131,92,54,16,132,93,55,17,133,94,56,18,134,95,57,19,135,96,58,20,136,97,59,21,137,98,60,22,138,99,61,23,139,100,62,24,140,101,63,25,141,102,64,26,142,103,65,27,143,104,66,28,144,105,67,29,145,106,68,30,146,107,69,31,147,108,70,32,148,109,71,33,149,110,72,34,150,111,73,35,151,112,74,36,152,113,75,37,153,114,76,38,154,115,77,39,155,116,
4,156,118,79,40,2,1,119,80,41,3,120,81,42,4,121,82,43,5,122,83,44,6,123,84,45,7,124,85,46,8,125,86,47,9,126,87,48,10,127,88,49,11,128,89,50,12,129,90,51,13,130,91,52,14,131,92,53,15,132,93,54,16,133,94,55,17,134,95,56,18,135,96,57,19,136,97,58,20,137,98,59,21,138,99,60,22,139,100,61,23,140,101,62,24,141,102,63,25,142,103,64,26,143,104,65,27,144,105,66,28,145,106,67,29,146,107,68,30,147,108,69,31,148,109,70,32,149,110,71,33,150,111,72,34,151,112,73,35,152,113,74,36,153,114,75,37,154,115,76,38,155,116,77,39,156,117,78,
4,157,119,80,41,2,1,120,81,42,3,121,82,43,4,122,83,44,5,123,84,45,6,124,85,46,7,125,86,47,8,126,87,48,9,127,88,49,10,128,89,50,11,129,90,51,12,130,91,52,13,131,92,53,14,132,93,54,15,133,94,55,16,134,95,56,17,135,96,57,18,136,97,58,19,137,98,59,20,138,99,60,21,139,100,61,22,140,101,62,23,141,102,63,24,142,103,64,25,143,104,65,26,144,105,66,27,145,106,67,28,146,107,68,29,147,108,69,30,148,109,70,31,149,110,71,32,150,111,72,33,151,112,73,34,152,113,74,35,153,114,75,36,154,115,76,37,155,116,77,38,156,117,78,39,157,118,79,40,
4,158,119,80,41,2,1,120,81,42,3,121,82,43,4,122,83,44,5,123,84,45,6,124,85,46,7,125,86,47,8,126,87,48,9,127,88,49,10,128,89,50,11,129,90,51,12,130,91,52,13,131,92,53,14,132,93,54,15,133,94,55,16,134,95,56,17,135,96,57,18,136,97,58,19,137,98,59,20,138,99,60,21,139,100,61,22,140,101,62,23,141,102,63,24,142,103,64,25,143,104,65,26,144,105,66,27,145,106,67,28,146,107,68,29,147,108,69,30,148,109,70,31,149,110,71,32,150,111,72,33,151,112,73,34,152,113,74,35,153,114,75,36,154,115,76,37,155,116,77,38,156,117,78,39,157,118,79,40,158,
4,159,120,80,41,2,1,121,81,42,3,122,82,43,4,123,83,44,5,124,84,45,6,125,85,46,7,126,86,47,8,127,87,48,9,128,88,49,10,129,89,50,11,130,90,51,12,131,91,52,13,132,92,53,14,133,93,54,15,134,94,55,16,135,95,56,17,136,96,57,18,137,97,58,19,138,98,59,20,139,99,60,21,140,100,61,22,141,101,62,23,142,102,63,24,143,103,64,25,144,104,65,26,145,105,66,27,146,106,67,28,147,107,68,29,148,108,69,30,149,109,70,31,150,110,71,32,151,111,72,33,152,112,73,34,153,113,74,35,154,114,75,36,155,115,76,37,156,116,77,38,157,117,78,39,158,118,79,40,159,119,
4,160,121,81,41,2,1,122,82,42,3,123,83,43,4,124,84,44,5,125,85,45,6,126,86,46,7,127,87,47,8,128,88,48,9,129,89,49,10,130,90,50,11,131,91,51,12,132,92,52,13,133,93,53,14,134,94,54,15,135,95,55,16,136,96,56,17,137,97,57,18,138,98,58,19,139,99,59,20,140,100,60,21,141,101,61,22,142,102,62,23,143,103,63,24,144,104,64,25,145,105,65,26,146,106,66,27,147,107,67,28,148,108,68,29,149,109,69,30,150,110,70,31,151,111,71,32,152,112,72,33,153,113,73,34,154,114,74,35,155,115,75,36,156,116,76,37,157,117,77,38,158,118,78,39,159,119,79,40,160,120,80,
4,161,122,82,42,2,1,123,83,43,3,124,84,44,4,125,85,45,5,126,86,46,6,127,87,47,7,128,88,48,8,129,89,49,9,130,90,50,10,131,91,51,11,132,92,52,12,133,93,53,13,134,94,54,14,135,95,55,15,136,96,56,16,137,97,57,17,138,98,58,18,139,99,59,19,140,100,60,20,141,101,61,21,142,102,62,22,143,103,63,23,144,104,64,24,145,105,65,25,146,106,66,26,147,107,67,27,148,108,68,28,149,109,69,29,150,110,70,30,151,111,71,31,152,112,72,32,153,113,73,33,154,114,74,34,155,115,75,35,156,116,76,36,157,117,77,37,158,118,78,38,159,119,79,39,160,120,80,40,161,121,81,41,
4,162,122,82,42,2,1,123,83,43,3,124,84,44,4,125,85,45,5,126,86,46,6,127,87,47,7,128,88,48,8,129,89,49,9,130,90,50,10,131,91,51,11,132,92,52,12,133,93,53,13,134,94,54,14,135,95,55,15,136,96,56,16,137,97,57,17,138,98,58,18,139,99,59,19,140,100,60,20,141,101,61,21,142,102,62,22,143,103,63,23,144,104,64,24,145,105,65,25,146,106,66,26,147,107,67,27,148,108,68,28,149,109,69,29,150,110,70,30,151,111,71,31,152,112,72,32,153,113,73,33,154,114,74,34,155,115,75,35,156,116,76,36,157,117,77,37,158,118,78,38,159,119,79,39,160,120,80,40,161,121,81,41,162,
4,163,123,82,42,2,1,124,83,43,3,125,84,44,4,126,85,45,5,127,86,46,6,128,87,47,7,129,88,48,8,130,89,49,9,131,90,50,10,132,91,51,11,133,92,52,12,134,93,53,13,135,94,54,14,136,95,55,15,137,96,56,16,138,97,57,17,139,98,58,18,140,99,59,19,141,100,60,20,142,101,61,21,143,102,62,22,144,103,63,23,145,104,64,24,146,105,65,25,147,106,66,26,148,107,67,27,149,108,68,28,150,109,69,29,151,110,70,30,152,111,71,31,153,112,72,32,154,113,73,33,155,114,74,34,156,115,75,35,157,116,76,36,158,117,77,37,159,118,78,38,160,119,79,39,161,120,80,40,162,121,81,41,163,122,
4,164,124,83,42,2,1,125,84,43,3,126,85,44,4,127,86,45,5,128,87,46,6,129,88,47,7,130,89,48,8,131,90,49,9,132,91,50,10,133,92,51,11,134,93,52,12,135,94,53,13,136,95,54,14,137,96,55,15,138,97,56,16,139,98,57,17,140,99,58,18,141,100,59,19,142,101,60,20,143,102,61,21,144,103,62,22,145,104,63,23,146,105,64,24,147,106,65,25,148,107,66,26,149,108,67,27,150,109,68,28,151,110,69,29,152,111,70,30,153,112,71,31,154,113,72,32,155,114,73,33,156,115,74,34,157,116,75,35,158,117,76,36,159,118,77,37,160,119,78,38,161,120,79,39,162,121,80,40,163,122,81,41,164,123,82,
4,165,125,84,43,2,1,126,85,44,3,127,86,45,4,128,87,46,5,129,88,47,6,130,89,48,7,131,90,49,8,132,91,50,9,133,92,51,10,134,93,52,11,135,94,53,12,136,95,54,13,137,96,55,14,138,97,56,15,139,98,57,16,140,99,58,17,141,100,59,18,142,101,60,19,143,102,61,20,144,103,62,21,145,104,63,22,146,105,64,23,147,106,65,24,148,107,66,25,149,108,67,26,150,109,68,27,151,110,69,28,152,111,70,29,153,112,71,30,154,113,72,31,155,114,73,32,156,115,74,33,157,116,75,34,158,117,76,35,159,118,77,36,160,119,78,37,161,120,79,38,162,121,80,39,163,122,81,40,164,123,82,41,165,124,83,42,
4,166,125,84,43,2,1,126,85,44,3,127,86,45,4,128,87,46,5,129,88,47,6,130,89,48,7,131,90,49,8,132,91,50,9,133,92,51,10,134,93,52,11,135,94,53,12,136,95,54,13,137,96,55,14,138,97,56,15,139,98,57,16,140,99,58,17,141,100,59,18,142,101,60,19,143,102,61,20,144,103,62,21,145,104,63,22,146,105,64,23,147,106,65,24,148,107,66,25,149,108,67,26,150,109,68,27,151,110,69,28,152,111,70,29,153,112,71,30,154,113,72,31,155,114,73,32,156,115,74,33,157,116,75,34,158,117,76,35,159,118,77,36,160,119,78,37,161,120,79,38,162,121,80,39,163,122,81,40,164,123,82,41,165,124,83,42,166,
4,167,126,84,43,2,1,127,85,44,3,128,86,45,4,129,87,46,5,130,88,47,6,131,89,48,7,132,90,49,8,133,91,50,9,134,92,51,10,135,93,52,11,136,94,53,12,137,95,54,13,138,96,55,14,139,97,56,15,140,98,57,16,141,99,58,17,142,100,59,18,143,101,60,19,144,102,61,20,145,103,62,21,146,104,63,22,147,105,64,23,148,106,65,24,149,107,66,25,150,108,67,26,151,109,68,27,152,110,69,28,153,111,70,29,154,112,71,30,155,113,72,31,156,114,73,32,157,115,74,33,158,116,75,34,159,117,76,35,160,118,77,36,161,119,78,37,162,120,79,38,163,121,80,39,164,122,81,40,165,123,82,41,166,124,83,42,167,125,
4,168,127,85,43,2,1,128,86,44,3,129,87,45,4,130,88,46,5,131,89,47,6,132,90,48,7,133,91,49,8,134,92,50,9,135,93,51,10,136,94,52,11,137,95,53,12,138,96,54,13,139,97,55,14,140,98,56,15,141,99,57,16,142,100,58,17,143,101,59,18,144,102,60,19,145,103,61,20,146,104,62,21,147,105,63,22,148,106,64,23,149,107,65,24,150,108,66,25,151,109,67,26,152,110,68,27,153,111,69,28,154,112,70,29,155,113,71,30,156,114,72,31,157,115,73,32,158,116,74,33,159,117,75,34,160,118,76,35,161,119,77,36,162,120,78,37,163,121,79,38,164,122,80,39,165,123,81,40,166,124,82,41,167,125,83,42,168,126,84,
4,169,128,86,44,2,1,129,87,45,3,130,88,46,4,131,89,47,5,132,90,48,6,133,91,49,7,134,92,50,8,135,93,51,9,136,94,52,10,137,95,53,11,138,96,54,12,139,97,55,13,140,98,56,14,141,99,57,15,142,100,58,16,143,101,59,17,144,102,60,18,145,103,61,19,146,104,62,20,147,105,63,21,148,106,64,22,149,107,65,23,150,108,66,24,151,109,67,25,152,110,68,26,153,111,69,27,154,112,70,28,155,113,71,29,156,114,72,30,157,115,73,31,158,116,74,32,159,117,75,33,160,118,76,34,161,119,77,35,162,120,78,36,163,121,79,37,164,122,80,38,165,123,81,39,166,124,82,40,167,125,83,41,168,126,84,42,169,127,85,43,
4,170,128,86,44,2,1,129,87,45,3,130,88,46,4,131,89,47,5,132,90,48,6,133,91,49,7,134,92,50,8,135,93,51,9,136,94,52,10,137,95,53,11,138,96,54,12,139,97,55,13,140,98,56,14,141,99,57,15,142,100,58,16,143,101,59,17,144,102,60,18,145,103,61,19,146,104,62,20,147,105,63,21,148,106,64,22,149,107,65,23,150,108,66,24,151,109,67,25,152,110,68,26,153,111,69,27,154,112,70,28,155,113,71,29,156,114,72,30,157,115,73,31,158,116,74,32,159,117,75,33,160,118,76,34,161,119,77,35,162,120,78,36,163,121,79,37,164,122,80,38,165,123,81,39,166,124,82,40,167,125,83,41,168,126,84,42,169,127,85,43,170,
4,171,129,86,44,2,1,130,87,45,3,131,88,46,4,132,89,47,5,133,90,48,6,134,91,49,7,135,92,50,8,136,93,51,9,137,94,52,10,138,95,53,11,139,96,54,12,140,97,55,13,141,98,56,14,142,99,57,15,143,100,58,16,144,101,59,17,145,102,60,18,146,103,61,19,147,104,62,20,148,105,63,21,149,106,64,22,150,107,65,23,151,108,66,24,152,109,67,25,153,110,68,26,154,111,69,27,155,112,70,28,156,113,71,29,157,114,72,30,158,115,73,31,159,116,74,32,160,117,75,33,161,118,76,34,162,119,77,35,163,120,78,36,164,121,79,37,165,122,80,38,166,123,81,39,167,124,82,40,168,125,83,41,169,126,84,42,170,127,85,43,171,128,
4,172,130,87,44,2,1,131,88,45,3,132,89,46,4,133,90,47,5,134,91,48,6,135,92,49,7,136,93,50,8,137,94,51,9,138,95,52,10,139,96,53,11,140,97,54,12,141,98,55,13,142,99,56,14,143,100,57,15,144,101,58,16,145,102,59,17,146,103,60,18,147,104,61,19,148,105,62,20,149,106,63,21,150,107,64,22,151,108,65,23,152,109,66,24,153,110,67,25,154,111,68,26,155,112,69,27,156,113,70,28,157,114,71,29,158,115,72,30,159,116,73,31,160,117,74,32,161,118,75,33,162,119,76,34,163,120,77,35,164,121,78,36,165,122,79,37,166,123,80,38,167,124,81,39,168,125,82,40,169,126,83,41,170,127,84,42,171,128,85,43,172,129,86,
4,173,131,88,45,2,1,132,89,46,3,133,90,47,4,134,91,48,5,135,92,49,6,136,93,50,7,137,94,51,8,138,95,52,9,139,96,53,10,140,97,54,11,141,98,55,12,142,99,56,13,143,100,57,14,144,101,58,15,145,102,59,16,146,103,60,17,147,104,61,18,148,105,62,19,149,106,63,20,150,107,64,21,151,108,65,22,152,109,66,23,153,110,67,24,154,111,68,25,155,112,69,26,156,113,70,27,157,114,71,28,158,115,72,29,159,116,73,30,160,117,74,31,161,118,75,32,162,119,76,33,163,120,77,34,164,121,78,35,165,122,79,36,166,123,80,37,167,124,81,38,168,125,82,39,169,126,83,40,170,127,84,41,171,128,85,42,172,129,86,43,173,130,87,44,
4,174,131,88,45,2,1,132,89,46,3,133,90,47,4,134,91,48,5,135,92,49,6,136,93,50,7,137,94,51,8,138,95,52,9,139,96,53,10,140,97,54,11,141,98,55,12,142,99,56,13,143,100,57,14,144,101,58,15,145,102,59,16,146,103,60,17,147,104,61,18,148,105,62,19,149,106,63,20,150,107,64,21,151,108,65,22,152,109,66,23,153,110,67,24,154,111,68,25,155,112,69,26,156,113,70,27,157,114,71,28,158,115,72,29,159,116,73,30,160,117,74,31,161,118,75,32,162,119,76,33,163,120,77,34,164,121,78,35,165,122,79,36,166,123,80,37,167,124,81,38,168,125,82,39,169,126,83,40,170,127,84,41,171,128,85,42,172,129,86,43,173,130,87,44,174,
4,175,132,88,45,2,1,133,89,46,3,134,90,47,4,135,91,48,5,136,92,49,6,137,93,50,7,138,94,51,8,139,95,52,9,140,96,53,10,141,97,54,11,142,98,55,12,143,99,56,13,144,100,57,14,145,101,58,15,146,102,59,16,147,103,60,17,148,104,61,18,149,105,62,19,150,106,63,20,151,107,64,21,152,108,65,22,153,109,66,23,154,110,67,24,155,111,68,25,156,112,69,26,157,113,70,27,158,114,71,28,159,115,72,29,160,116,73,30,161,117,74,31,162,118,75,32,163,119,76,33,164,120,77,34,165,121,78,35,166,122,79,36,167,123,80,37,168,124,81,38,169,125,82,39,170,126,83,40,171,127,84,41,172,128,85,42,173,129,86,43,174,130,87,44,175,131,
4,176,133,89,45,2,1,134,90,46,3,135,91,47,4,136,92,48,5,137,93,49,6,138,94,50,7,139,95,51,8,140,96,52,9,141,97,53,10,142,98,54,11,143,99,55,12,144,100,56,13,145,101,57,14,146,102,58,15,147,103,59,16,148,104,60,17,149,105,61,18,150,106,62,19,151,107,63,20,152,108,64,21,153,109,65,22,154,110,66,23,155,111,67,24,156,112,68,25,157,113,69,26,158,114,70,27,159,115,71,28,160,116,72,29,161,117,73,30,162,118,74,31,163,119,75,32,164,120,76,33,165,121,77,34,166,122,78,35,167,123,79,36,168,124,80,37,169,125,81,38,170,126,82,39,171,127,83,40,172,128,84,41,173,129,85,42,174,130,86,43,175,131,87,44,176,132,88,
4,177,134,90,46,2,1,135,91,47,3,136,92,48,4,137,93,49,5,138,94,50,6,139,95,51,7,140,96,52,8,141,97,53,9,142,98,54,10,143,99,55,11,144,100,56,12,145,101,57,13,146,102,58,14,147,103,59,15,148,104,60,16,149,105,61,17,150,106,62,18,151,107,63,19,152,108,64,20,153,109,65,21,154,110,66,22,155,111,67,23,156,112,68,24,157,113,69,25,158,114,70,26,159,115,71,27,160,116,72,28,161,117,73,29,162,118,74,30,163,119,75,31,164,120,76,32,165,121,77,33,166,122,78,34,167,123,79,35,168,124,80,36,169,125,81,37,170,126,82,38,171,127,83,39,172,128,84,40,173,129,85,41,174,130,86,42,175,131,87,43,176,132,88,44,177,133,89,45,
4,178,134,90,46,2,1,135,91,47,3,136,92,48,4,137,93,49,5,138,94,50,6,139,95,51,7,140,96,52,8,141,97,53,9,142,98,54,10,143,99,55,11,144,100,56,12,145,101,57,13,146,102,58,14,147,103,59,15,148,104,60,16,149,105,61,17,150,106,62,18,151,107,63,19,152,108,64,20,153,109,65,21,154,110,66,22,155,111,67,23,156,112,68,24,157,113,69,25,158,114,70,26,159,115,71,27,160,116,72,28,161,117,73,29,162,118,74,30,163,119,75,31,164,120,76,32,165,121,77,33,166,122,78,34,167,123,79,35,168,124,80,36,169,125,81,37,170,126,82,38,171,127,83,39,172,128,84,40,173,129,85,41,174,130,86,42,175,131,87,43,176,132,88,44,177,133,89,45,178,
4,179,135,90,46,2,1,136,91,47,3,137,92,48,4,138,93,49,5,139,94,50,6,140,95,51,7,141,96,52,8,142,97,53,9,143,98,54,10,144,99,55,11,145,100,56,12,146,101,57,13,147,102,58,14,148,103,59,15,149,104,60,16,150,105,61,17,151,106,62,18,152,107,63,19,153,108,64,20,154,109,65,21,155,110,66,22,156,111,67,23,157,112,68,24,158,113,69,25,159,114,70,26,160,115,71,27,161,116,72,28,162,117,73,29,163,118,74,30,164,119,75,31,165,120,76,32,166,121,77,33,167,122,78,34,168,123,79,35,169,124,80,36,170,125,81,37,171,126,82,38,172,127,83,39,173,128,84,40,174,129,85,41,175,130,86,42,176,131,87,43,177,132,88,44,178,133,89,45,179,134,
4,180,136,91,46,2,1,137,92,47,3,138,93,48,4,139,94,49,5,140,95,50,6,141,96,51,7,142,97,52,8,143,98,53,9,144,99,54,10,145,100,55,11,146,101,56,12,147,102,57,13,148,103,58,14,149,104,59,15,150,105,60,16,151,106,61,17,152,107,62,18,153,108,63,19,154,109,64,20,155,110,65,21,156,111,66,22,157,112,67,23,158,113,68,24,159,114,69,25,160,115,70,26,161,116,71,27,162,117,72,28,163,118,73,29,164,119,74,30,165,120,75,31,166,121,76,32,167,122,77,33,168,123,78,34,169,124,79,35,170,125,80,36,171,126,81,37,172,127,82,38,173,128,83,39,174,129,84,40,175,130,85,41,176,131,86,42,177,132,87,43,178,133,88,44,179,134,89,45,180,135,90,
4,181,137,92,47,2,1,138,93,48,3,139,94,49,4,140,95,50,5,141,96,51,6,142,97,52,7,143,98,53,8,144,99,54,9,145,100,55,10,146,101,56,11,147,102,57,12,148,103,58,13,149,104,59,14,150,105,60,15,151,106,61,16,152,107,62,17,153,108,63,18,154,109,64,19,155,110,65,20,156,111,66,21,157,112,67,22,158,113,68,23,159,114,69,24,160,115,70,25,161,116,71,26,162,117,72,27,163,118,73,28,164,119,74,29,165,120,75,30,166,121,76,31,167,122,77,32,168,123,78,33,169,124,79,34,170,125,80,35,171,126,81,36,172,127,82,37,173,128,83,38,174,129,84,39,175,130,85,40,176,131,86,41,177,132,87,42,178,133,88,43,179,134,89,44,180,135,90,45,181,136,91,46,
4,182,137,92,47,2,1,138,93,48,3,139,94,49,4,140,95,50,5,141,96,51,6,142,97,52,7,143,98,53,8,144,99,54,9,145,100,55,10,146,101,56,11,147,102,57,12,148,103,58,13,149,104,59,14,150,105,60,15,151,106,61,16,152,107,62,17,153,108,63,18,154,109,64,19,155,110,65,20,156,111,66,21,157,112,67,22,158,113,68,23,159,114,69,24,160,115,70,25,161,116,71,26,162,117,72,27,163,118,73,28,164,119,74,29,165,120,75,30,166,121,76,31,167,122,77,32,168,123,78,33,169,124,79,34,170,125,80,35,171,126,81,36,172,127,82,37,173,128,83,38,174,129,84,39,175,130,85,40,176,131,86,41,177,132,87,42,178,133,88,43,179,134,89,44,180,135,90,45,181,136,91,46,182,
4,183,138,92,47,2,1,139,93,48,3,140,94,49,4,141,95,50,5,142,96,51,6,143,97,52,7,144,98,53,8,145,99,54,9,146,100,55,10,147,101,56,11,148,102,57,12,149,103,58,13,150,104,59,14,151,105,60,15,152,106,61,16,153,107,62,17,154,108,63,18,155,109,64,19,156,110,65,20,157,111,66,21,158,112,67,22,159,113,68,23,160,114,69,24,161,115,70,25,162,116,71,26,163,117,72,27,164,118,73,28,165,119,74,29,166,120,75,30,167,121,76,31,168,122,77,32,169,123,78,33,170,124,79,34,171,125,80,35,172,126,81,36,173,127,82,37,174,128,83,38,175,129,84,39,176,130,85,40,177,131,86,41,178,132,87,42,179,133,88,43,180,134,89,44,181,135,90,45,182,136,91,46,183,137,
4,184,139,93,47,2,1,140,94,48,3,141,95,49,4,142,96,50,5,143,97,51,6,144,98,52,7,145,99,53,8,146,100,54,9,147,101,55,10,148,102,56,11,149,103,57,12,150,104,58,13,151,105,59,14,152,106,60,15,153,107,61,16,154,108,62,17,155,109,63,18,156,110,64,19,157,111,65,20,158,112,66,21,159,113,67,22,160,114,68,23,161,115,69,24,162,116,70,25,163,117,71,26,164,118,72,27,165,119,73,28,166,120,74,29,167,121,75,30,168,122,76,31,169,123,77,32,170,124,78,33,171,125,79,34,172,126,80,35,173,127,81,36,174,128,82,37,175,129,83,38,176,130,84,39,177,131,85,40,178,132,86,41,179,133,87,42,180,134,88,43,181,135,89,44,182,136,90,45,183,137,91,46,184,138,92,
4,185,140,94,48,2,1,141,95,49,3,142,96,50,4,143,97,51,5,144,98,52,6,145,99,53,7,146,100,54,8,147,101,55,9,148,102,56,10,149,103,57,11,150,104,58,12,151,105,59,13,152,106,60,14,153,107,61,15,154,108,62,16,155,109,63,17,156,110,64,18,157,111,65,19,158,112,66,20,159,113,67,21,160,114,68,22,161,115,69,23,162,116,70,24,163,117,71,25,164,118,72,26,165,119,73,27,166,120,74,28,167,121,75,29,168,122,76,30,169,123,77,31,170,124,78,32,171,125,79,33,172,126,80,34,173,127,81,35,174,128,82,36,175,129,83,37,176,130,84,38,177,131,85,39,178,132,86,40,179,133,87,41,180,134,88,42,181,135,89,43,182,136,90,44,183,137,91,45,184,138,92,46,185,139,93,47,
4,186,140,94,48,2,1,141,95,49,3,142,96,50,4,143,97,51,5,144,98,52,6,145,99,53,7,146,100,54,8,147,101,55,9,148,102,56,10,149,103,57,11,150,104,58,12,151,105,59,13,152,106,60,14,153,107,61,15,154,108,62,16,155,109,63,17,156,110,64,18,157,111,65,19,158,112,66,20,159,113,67,21,160,114,68,22,161,115,69,23,162,116,70,24,163,117,71,25,164,118,72,26,165,119,73,27,166,120,74,28,167,121,75,29,168,122,76,30,169,123,77,31,170,124,78,32,171,125,79,33,172,126,80,34,173,127,81,35,174,128,82,36,175,129,83,37,176,130,84,38,177,131,85,39,178,132,86,40,179,133,87,41,180,134,88,42,181,135,89,43,182,136,90,44,183,137,91,45,184,138,92,46,185,139,93,47,186,
4,187,141,94,48,2,1,142,95,49,3,143,96,50,4,144,97,51,5,145,98,52,6,146,99,53,7,147,100,54,8,148,101,55,9,149,102,56,10,150,103,57,11,151,104,58,12,152,105,59,13,153,106,60,14,154,107,61,15,155,108,62,16,156,109,63,17,157,110,64,18,158,111,65,19,159,112,66,20,160,113,67,21,161,114,68,22,162,115,69,23,163,116,70,24,164,117,71,25,165,118,72,26,166,119,73,27,167,120,74,28,168,121,75,29,169,122,76,30,170,123,77,31,171,124,78,32,172,125,79,33,173,126,80,34,174,127,81,35,175,128,82,36,176,129,83,37,177,130,84,38,178,131,85,39,179,132,86,40,180,133,87,41,181,134,88,42,182,135,89,43,183,136,90,44,184,137,91,45,185,138,92,46,186,139,93,47,187,140,
4,188,142,95,48,2,1,143,96,49,3,144,97,50,4,145,98,51,5,146,99,52,6,147,100,53,7,148,101,54,8,149,102,55,9,150,103,56,10,151,104,57,11,152,105,58,12,153,106,59,13,154,107,60,14,155,108,61,15,156,109,62,16,157,110,63,17,158,111,64,18,159,112,65,19,160,113,66,20,161,114,67,21,162,115,68,22,163,116,69,23,164,117,70,24,165,118,71,25,166,119,72,26,167,120,73,27,168,121,74,28,169,122,75,29,170,123,76,30,171,124,77,31,172,125,78,32,173,126,79,33,174,127,80,34,175,128,81,35,176,129,82,36,177,130,83,37,178,131,84,38,179,132,85,39,180,133,86,40,181,134,87,41,182,135,88,42,183,136,89,43,184,137,90,44,185,138,91,45,186,139,92,46,187,140,93,47,188,141,94,
4,189,143,96,49,2,1,144,97,50,3,145,98,51,4,146,99,52,5,147,100,53,6,148,101,54,7,149,102,55,8,150,103,56,9,151,104,57,10,152,105,58,11,153,106,59,12,154,107,60,13,155,108,61,14,156,109,62,15,157,110,63,16,158,111,64,17,159,112,65,18,160,113,66,19,161,114,67,20,162,115,68,21,163,116,69,22,164,117,70,23,165,118,71,24,166,119,72,25,167,120,73,26,168,121,74,27,169,122,75,28,170,123,76,29,171,124,77,30,172,125,78,31,173,126,79,32,174,127,80,33,175,128,81,34,176,129,82,35,177,130,83,36,178,131,84,37,179,132,85,38,180,133,86,39,181,134,87,40,182,135,88,41,183,136,89,42,184,137,90,43,185,138,91,44,186,139,92,45,187,140,93,46,188,141,94,47,189,142,95,48,
4,190,143,96,49,2,1,144,97,50,3,145,98,51,4,146,99,52,5,147,100,53,6,148,101,54,7,149,102,55,8,150,103,56,9,151,104,57,10,152,105,58,11,153,106,59,12,154,107,60,13,155,108,61,14,156,109,62,15,157,110,63,16,158,111,64,17,159,112,65,18,160,113,66,19,161,114,67,20,162,115,68,21,163,116,69,22,164,117,70,23,165,118,71,24,166,119,72,25,167,120,73,26,168,121,74,27,169,122,75,28,170,123,76,29,171,124,77,30,172,125,78,31,173,126,79,32,174,127,80,33,175,128,81,34,176,129,82,35,177,130,83,36,178,131,84,37,179,132,85,38,180,133,86,39,181,134,87,40,182,135,88,41,183,136,89,42,184,137,90,43,185,138,91,44,186,139,92,45,187,140,93,46,188,141,94,47,189,142,95,48,190,
4,191,144,96,49,2,1,145,97,50,3,146,98,51,4,147,99,52,5,148,100,53,6,149,101,54,7,150,102,55,8,151,103,56,9,152,104,57,10,153,105,58,11,154,106,59,12,155,107,60,13,156,108,61,14,157,109,62,15,158,110,63,16,159,111,64,17,160,112,65,18,161,113,66,19,162,114,67,20,163,115,68,21,164,116,69,22,165,117,70,23,166,118,71,24,167,119,72,25,168,120,73,26,169,121,74,27,170,122,75,28,171,123,76,29,172,124,77,30,173,125,78,31,174,126,79,32,175,127,80,33,176,128,81,34,177,129,82,35,178,130,83,36,179,131,84,37,180,132,85,38,181,133,86,39,182,134,87,40,183,135,88,41,184,136,89,42,185,137,90,43,186,138,91,44,187,139,92,45,188,140,93,46,189,141,94,47,190,142,95,48,191,143,
4,192,145,97,49,2,1,146,98,50,3,147,99,51,4,148,100,52,5,149,101,53,6,150,102,54,7,151,103,55,8,152,104,56,9,153,105,57,10,154,106,58,11,155,107,59,12,156,108,60,13,157,109,61,14,158,110,62,15,159,111,63,16,160,112,64,17,161,113,65,18,162,114,66,19,163,115,67,20,164,116,68,21,165,117,69,22,166,118,70,23,167,119,71,24,168,120,72,25,169,121,73,26,170,122,74,27,171,123,75,28,172,124,76,29,173,125,77,30,174,126,78,31,175,127,79,32,176,128,80,33,177,129,81,34,178,130,82,35,179,131,83,36,180,132,84,37,181,133,85,38,182,134,86,39,183,135,87,40,184,136,88,41,185,137,89,42,186,138,90,43,187,139,91,44,188,140,92,45,189,141,93,46,190,142,94,47,191,143,95,48,192,144,96,
4,193,146,98,50,2,1,147,99,51,3,148,100,52,4,149,101,53,5,150,102,54,6,151,103,55,7,152,104,56,8,153,105,57,9,154,106,58,10,155,107,59,11,156,108,60,12,157,109,61,13,158,110,62,14,159,111,63,15,160,112,64,16,161,113,65,17,162,114,66,18,163,115,67,19,164,116,68,20,165,117,69,21,166,118,70,22,167,119,71,23,168,120,72,24,169,121,73,25,170,122,74,26,171,123,75,27,172,124,76,28,173,125,77,29,174,126,78,30,175,127,79,31,176,128,80,32,177,129,81,33,178,130,82,34,179,131,83,35,180,132,84,36,181,133,85,37,182,134,86,38,183,135,87,39,184,136,88,40,185,137,89,41,186,138,90,42,187,139,91,43,188,140,92,44,189,141,93,45,190,142,94,46,191,143,95,47,192,144,96,48,193,145,97,49,
4,194,146,98,50,2,1,147,99,51,3,148,100,52,4,149,101,53,5,150,102,54,6,151,103,55,7,152,104,56,8,153,105,57,9,154,106,58,10,155,107,59,11,156,108,60,12,157,109,61,13,158,110,62,14,159,111,63,15,160,112,64,16,161,113,65,17,162,114,66,18,163,115,67,19,164,116,68,20,165,117,69,21,166,118,70,22,167,119,71,23,168,120,72,24,169,121,73,25,170,122,74,26,171,123,75,27,172,124,76,28,173,125,77,29,174,126,78,30,175,127,79,31,176,128,80,32,177,129,81,33,178,130,82,34,179,131,83,35,180,132,84,36,181,133,85,37,182,134,86,38,183,135,87,39,184,136,88,40,185,137,89,41,186,138,90,42,187,139,91,43,188,140,92,44,189,141,93,45,190,142,94,46,191,143,95,47,192,144,96,48,193,145,97,49,194,
4,195,147,98,50,2,1,148,99,51,3,149,100,52,4,150,101,53,5,151,102,54,6,152,103,55,7,153,104,56,8,154,105,57,9,155,106,58,10,156,107,59,11,157,108,60,12,158,109,61,13,159,110,62,14,160,111,63,15,161,112,64,16,162,113,65,17,163,114,66,18,164,115,67,19,165,116,68,20,166,117,69,21,167,118,70,22,168,119,71,23,169,120,72,24,170,121,73,25,171,122,74,26,172,123,75,27,173,124,76,28,174,125,77,29,175,126,78,30,176,127,79,31,177,128,80,32,178,129,81,33,179,130,82,34,180,131,83,35,181,132,84,36,182,133,85,37,183,134,86,38,184,135,87,39,185,136,88,40,186,137,89,41,187,138,90,42,188,139,91,43,189,140,92,44,190,141,93,45,191,142,94,46,192,143,95,47,193,144,96,48,194,145,97,49,195,146,
4,196,148,99,50,2,1,149,100,51,3,150,101,52,4,151,102,53,5,152,103,54,6,153,104,55,7,154,105,56,8,155,106,57,9,156,107,58,10,157,108,59,11,158,109,60,12,159,110,61,13,160,111,62,14,161,112,63,15,162,113,64,16,163,114,65,17,164,115,66,18,165,116,67,19,166,117,68,20,167,118,69,21,168,119,70,22,169,120,71,23,170,121,72,24,171,122,73,25,172,123,74,26,173,124,75,27,174,125,76,28,175,126,77,29,176,127,78,30,177,128,79,31,178,129,80,32,179,130,81,33,180,131,82,34,181,132,83,35,182,133,84,36,183,134,85,37,184,135,86,38,185,136,87,39,186,137,88,40,187,138,89,41,188,139,90,42,189,140,91,43,190,141,92,44,191,142,93,45,192,143,94,46,193,144,95,47,194,145,96,48,195,146,97,49,196,147,98,
4,197,149,100,51,2,1,150,101,52,3,151,102,53,4,152,103,54,5,153,104,55,6,154,105,56,7,155,106,57,8,156,107,58,9,157,108,59,10,158,109,60,11,159,110,61,12,160,111,62,13,161,112,63,14,162,113,64,15,163,114,65,16,164,115,66,17,165,116,67,18,166,117,68,19,167,118,69,20,168,119,70,21,169,120,71,22,170,121,72,23,171,122,73,24,172,123,74,25,173,124,75,26,174,125,76,27,175,126,77,28,176,127,78,29,177,128,79,30,178,129,80,31,179,130,81,32,180,131,82,33,181,132,83,34,182,133,84,35,183,134,85,36,184,135,86,37,185,136,87,38,186,137,88,39,187,138,89,40,188,139,90,41,189,140,91,42,190,141,92,43,191,142,93,44,192,143,94,45,193,144,95,46,194,145,96,47,195,146,97,48,196,147,98,49,197,148,99,50,
4,198,149,100,51,2,1,150,101,52,3,151,102,53,4,152,103,54,5,153,104,55,6,154,105,56,7,155,106,57,8,156,107,58,9,157,108,59,10,158,109,60,11,159,110,61,12,160,111,62,13,161,112,63,14,162,113,64,15,163,114,65,16,164,115,66,17,165,116,67,18,166,117,68,19,167,118,69,20,168,119,70,21,169,120,71,22,170,121,72,23,171,122,73,24,172,123,74,25,173,124,75,26,174,125,76,27,175,126,77,28,176,127,78,29,177,128,79,30,178,129,80,31,179,130,81,32,180,131,82,33,181,132,83,34,182,133,84,35,183,134,85,36,184,135,86,37,185,136,87,38,186,137,88,39,187,138,89,40,188,139,90,41,189,140,91,42,190,141,92,43,191,142,93,44,192,143,94,45,193,144,95,46,194,145,96,47,195,146,97,48,196,147,98,49,197,148,99,50,198,
4,199,150,100,51,2,1,151,101,52,3,152,102,53,4,153,103,54,5,154,104,55,6,155,105,56,7,156,106,57,8,157,107,58,9,158,108,59,10,159,109,60,11,160,110,61,12,161,111,62,13,162,112,63,14,163,113,64,15,164,114,65,16,165,115,66,17,166,116,67,18,167,117,68,19,168,118,69,20,169,119,70,21,170,120,71,22,171,121,72,23,172,122,73,24,173,123,74,25,174,124,75,26,175,125,76,27,176,126,77,28,177,127,78,29,178,128,79,30,179,129,80,31,180,130,81,32,181,131,82,33,182,132,83,34,183,133,84,35,184,134,85,36,185,135,86,37,186,136,87,38,187,137,88,39,188,138,89,40,189,139,90,41,190,140,91,42,191,141,92,43,192,142,93,44,193,143,94,45,194,144,95,46,195,145,96,47,196,146,97,48,197,147,98,49,198,148,99,50,199,149,
4,200,151,101,51,2,1,152,102,52,3,153,103,53,4,154,104,54,5,155,105,55,6,156,106,56,7,157,107,57,8,158,108,58,9,159,109,59,10,160,110,60,11,161,111,61,12,162,112,62,13,163,113,63,14,164,114,64,15,165,115,65,16,166,116,66,17,167,117,67,18,168,118,68,19,169,119,69,20,170,120,70,21,171,121,71,22,172,122,72,23,173,123,73,24,174,124,74,25,175,125,75,26,176,126,76,27,177,127,77,28,178,128,78,29,179,129,79,30,180,130,80,31,181,131,81,32,182,132,82,33,183,133,83,34,184,134,84,35,185,135,85,36,186,136,86,37,187,137,87,38,188,138,88,39,189,139,89,40,190,140,90,41,191,141,91,42,192,142,92,43,193,143,93,44,194,144,94,45,195,145,95,46,196,146,96,47,197,147,97,48,198,148,98,49,199,149,99,50,200,150,100,
