5,11,10,8,4,6,2,1,11,9,5,7,3,
5,12,11,8,4,6,2,1,12,9,5,7,3,10,
5,13,11,8,4,6,2,1,12,9,5,7,3,13,10,
5,14,12,9,4,6,2,1,13,10,5,7,3,14,11,8,
5,15,13,10,4,7,2,1,14,11,5,8,3,15,12,6,9,
5,16,14,11,8,5,2,1,15,9,12,6,3,16,10,13,7,4,
5,17,15,11,8,5,2,1,16,9,12,6,3,17,10,13,7,4,14,
5,18,15,11,8,5,2,1,16,9,12,6,3,17,10,13,7,4,18,14,
5,19,16,12,8,5,2,1,17,9,13,6,3,18,14,10,7,4,19,15,11,
5,20,17,13,9,5,2,1,18,14,10,6,3,19,15,11,7,4,20,16,12,8,
5,21,18,14,10,6,2,1,19,15,11,7,3,20,16,12,8,4,21,17,13,9,5,
5,22,19,14,10,6,2,1,20,15,11,7,3,21,16,12,8,4,22,17,13,9,5,18,
5,23,19,14,10,6,2,1,20,15,11,7,3,21,16,12,8,4,22,17,13,9,5,23,18,
5,24,20,15,10,6,2,1,21,16,11,7,3,22,17,12,8,4,18,23,13,9,5,19,24,14,
5,25,21,16,11,6,2,1,22,17,12,7,3,23,18,13,8,4,24,19,14,9,5,25,20,15,10,
5,26,22,17,12,7,2,1,23,18,13,8,3,24,14,19,9,4,25,15,20,10,5,26,16,21,11,6,
5,27,23,17,12,7,2,1,24,18,13,8,3,25,14,19,9,4,26,15,20,10,5,27,16,21,11,6,22,
5,28,23,17,12,7,2,1,24,18,13,8,3,25,14,19,9,4,26,15,20,10,5,27,16,21,11,6,28,22,
5,29,24,18,12,7,2,1,25,19,13,8,3,26,14,20,9,4,27,15,21,10,5,28,16,22,11,6,29,17,23,
5,30,25,19,13,7,2,1,26,20,14,8,3,27,21,15,9,4,28,22,16,10,5,23,29,17,11,6,24,30,18,12,
5,31,26,20,14,8,2,1,27,21,15,9,3,28,22,16,10,4,29,23,17,11,5,30,24,18,12,6,31,25,19,13,7,
5,32,27,20,14,8,2,1,28,21,15,9,3,29,22,16,10,4,30,23,17,11,5,31,24,18,12,6,32,25,19,13,7,26,
5,33,27,20,14,8,2,1,28,21,15,9,3,29,22,16,10,4,30,23,17,11,5,31,24,18,12,6,32,25,19,13,7,33,26,
5,34,28,21,14,8,2,1,29,22,15,9,3,30,23,16,10,4,31,24,17,11,5,32,25,18,12,6,33,26,19,13,7,34,27,20,
5,35,29,22,15,8,2,1,30,23,16,9,3,31,24,17,10,4,32,25,18,11,5,33,26,19,12,6,34,27,20,13,7,35,28,21,14,
5,36,30,23,16,9,2,1,31,24,10,17,3,32,25,11,18,4,33,26,12,19,5,34,27,13,20,6,28,35,14,21,7,29,36,15,22,8,
5,37,31,23,16,9,2,1,32,24,10,17,3,33,25,11,18,4,34,26,12,19,5,35,27,13,20,6,28,36,14,21,7,29,37,15,22,8,30,
5,38,32,24,16,9,2,1,33,25,10,17,3,34,26,11,18,4,35,27,12,19,5,36,28,13,20,6,29,37,14,21,7,30,38,15,22,8,31,23,
5,39,32,24,16,9,2,1,33,25,10,17,3,34,26,11,18,4,35,27,12,19,5,36,28,13,20,6,37,29,14,21,7,38,30,15,22,8,39,31,23,
5,40,33,25,17,9,2,1,34,26,10,18,3,35,27,11,19,4,36,28,20,12,5,37,29,21,13,6,38,30,22,14,7,39,31,23,15,8,40,32,24,16,
5,41,34,26,18,10,2,1,35,27,19,11,3,36,28,20,12,4,37,29,21,13,5,38,30,22,14,6,39,31,23,15,7,40,32,24,16,8,41,33,25,17,9,
5,42,35,26,18,10,2,1,36,27,19,11,3,37,28,20,12,4,38,29,21,13,5,39,30,22,14,6,40,31,23,15,7,41,32,24,16,8,42,33,25,17,9,34,
5,43,35,26,18,10,2,1,36,27,19,11,3,37,28,20,12,4,38,29,21,13,5,39,30,22,14,6,40,31,23,15,7,41,32,24,16,8,42,33,25,17,9,43,34,
5,44,36,27,18,10,2,1,37,28,19,11,3,38,29,20,12,4,39,30,21,13,5,40,31,22,14,6,41,32,23,15,7,33,42,24,16,8,34,43,25,17,9,35,44,26,
5,45,37,28,19,10,2,1,38,29,20,11,3,39,30,21,12,4,40,31,22,13,5,41,32,23,14,6,42,33,24,15,7,43,34,25,16,8,44,35,26,17,9,45,36,27,18,
5,46,38,29,20,11,2,1,39,30,21,12,3,40,31,22,13,4,41,32,23,14,5,42,24,33,15,6,43,25,34,16,7,44,26,35,17,8,45,27,36,18,9,46,28,37,19,10,
5,47,39,29,20,11,2,1,40,30,21,12,3,41,31,22,13,4,42,32,23,14,5,43,24,33,15,6,44,25,34,16,7,45,26,35,17,8,46,27,36,18,9,47,28,37,19,10,38,
5,48,39,29,20,11,2,1,40,30,21,12,3,41,31,22,13,4,42,32,23,14,5,43,24,33,15,6,44,25,34,16,7,45,26,35,17,8,46,27,36,18,9,47,28,37,19,10,48,38,
5,49,40,30,20,11,2,1,41,31,21,12,3,42,32,22,13,4,43,33,23,14,5,44,24,34,15,6,45,25,35,16,7,46,26,36,17,8,47,27,37,18,9,48,28,38,19,10,49,29,39,
5,50,41,31,21,11,2,1,42,32,22,12,3,43,33,23,13,4,44,34,24,14,5,45,35,25,15,6,46,36,26,16,7,47,37,27,17,8,38,48,28,18,9,39,49,29,19,10,40,50,30,20,
5,51,42,32,22,12,2,1,43,33,23,13,3,44,34,24,14,4,45,35,25,15,5,46,36,26,16,6,47,37,27,17,7,48,38,28,18,8,49,39,29,19,9,50,40,30,20,10,51,41,31,21,11,
5,52,43,32,22,12,2,1,44,33,23,13,3,45,34,24,14,4,46,35,25,15,5,47,36,26,16,6,48,37,27,17,7,49,38,28,18,8,50,39,29,19,9,51,40,30,20,10,52,41,31,21,11,42,
5,53,43,32,22,12,2,1,44,33,23,13,3,45,34,24,14,4,46,35,25,15,5,47,36,26,16,6,48,37,27,17,7,49,38,28,18,8,50,39,29,19,9,51,40,30,20,10,52,41,31,21,11,53,42,
5,54,44,33,22,12,2,1,45,34,23,13,3,46,35,24,14,4,47,36,25,15,5,48,37,26,16,6,49,38,27,17,7,50,39,28,18,8,51,40,29,19,9,52,41,30,20,10,53,42,31,21,11,54,43,32,
5,55,45,34,23,12,2,1,46,35,24,13,3,47,36,25,14,4,48,37,26,15,5,49,38,27,16,6,50,39,28,17,7,51,40,29,18,8,52,41,30,19,9,53,42,31,20,10,54,43,32,21,11,55,44,33,22,
5,56,46,35,24,13,2,1,47,36,25,14,3,48,37,15,26,4,49,38,16,27,5,50,39,17,28,6,51,40,18,29,7,52,41,19,30,8,53,42,20,31,9,43,54,21,32,10,44,55,22,33,11,45,56,23,34,12,
5,57,47,35,24,13,2,1,48,36,25,14,3,49,37,15,26,4,50,38,16,27,5,51,39,17,28,6,52,40,18,29,7,53,41,19,30,8,54,42,20,31,9,43,55,21,32,10,44,56,22,33,11,45,57,23,34,12,46,
5,58,48,36,24,13,2,1,49,37,25,14,3,50,38,15,26,4,51,39,16,27,5,52,40,17,28,6,53,41,18,29,7,54,42,19,30,8,55,43,20,31,9,44,56,21,32,10,45,57,22,33,11,46,58,23,34,12,47,35,
5,59,48,36,24,13,2,1,49,37,25,14,3,50,38,15,26,4,51,39,16,27,5,52,40,17,28,6,53,41,18,29,7,54,42,19,30,8,55,43,20,31,9,56,44,21,32,10,57,45,22,33,11,58,46,23,34,12,59,47,35,
5,60,49,37,25,13,2,1,50,38,26,14,3,51,39,15,27,4,52,40,16,28,5,53,41,17,29,6,54,42,30,18,7,55,43,31,19,8,56,44,32,20,9,57,45,33,21,10,58,46,34,22,11,59,47,35,23,12,60,48,36,24,
5,61,50,38,26,14,2,1,51,39,27,15,3,52,40,28,16,4,53,41,29,17,5,54,42,30,18,6,55,43,31,19,7,56,44,32,20,8,57,45,33,21,9,58,46,34,22,10,59,47,35,23,11,60,48,36,24,12,61,49,37,25,13,
5,62,51,38,26,14,2,1,52,39,27,15,3,53,40,28,16,4,54,41,29,17,5,55,42,30,18,6,56,43,31,19,7,57,44,32,20,8,58,45,33,21,9,59,46,34,22,10,60,47,35,23,11,61,48,36,24,12,62,49,37,25,13,50,
5,63,51,38,26,14,2,1,52,39,27,15,3,53,40,28,16,4,54,41,29,17,5,55,42,30,18,6,56,43,31,19,7,57,44,32,20,8,58,45,33,21,9,59,46,34,22,10,60,47,35,23,11,61,48,36,24,12,62,49,37,25,13,63,50,
5,64,52,39,26,14,2,1,53,40,27,15,3,54,41,28,16,4,55,42,29,17,5,56,43,30,18,6,57,44,31,19,7,58,45,32,20,8,59,46,33,21,9,60,47,34,22,10,48,61,35,23,11,49,62,36,24,12,50,63,37,25,13,51,64,38,
5,65,53,40,27,14,2,1,54,41,28,15,3,55,42,29,16,4,56,43,30,17,5,57,44,31,18,6,58,45,32,19,7,59,46,33,20,8,60,47,34,21,9,61,48,35,22,10,62,49,36,23,11,63,50,37,24,12,64,51,38,25,13,65,52,39,26,
5,66,54,41,28,15,2,1,55,42,29,16,3,56,43,30,17,4,57,44,31,18,5,58,45,32,19,6,59,46,33,20,7,60,34,47,21,8,61,35,48,22,9,62,36,49,23,10,63,37,50,24,11,64,38,51,25,12,65,39,52,26,13,66,40,53,27,14,
5,67,55,41,28,15,2,1,56,42,29,16,3,57,43,30,17,4,58,44,31,18,5,59,45,32,19,6,60,46,33,20,7,61,34,47,21,8,62,35,48,22,9,63,36,49,23,10,64,37,50,24,11,65,38,51,25,12,66,39,52,26,13,67,40,53,27,14,54,
5,68,55,41,28,15,2,1,56,42,29,16,3,57,43,30,17,4,58,44,31,18,5,59,45,32,19,6,60,46,33,20,7,61,34,47,21,8,62,35,48,22,9,63,36,49,23,10,64,37,50,24,11,65,38,51,25,12,66,39,52,26,13,67,40,53,27,14,68,54,
5,69,56,42,28,15,2,1,57,43,29,16,3,58,44,30,17,4,59,45,31,18,5,60,46,32,19,6,61,47,33,20,7,62,34,48,21,8,63,35,49,22,9,64,36,50,23,10,65,37,51,24,11,66,38,52,25,12,67,39,53,26,13,68,40,54,27,14,69,41,55,
5,70,57,43,29,15,2,1,58,44,30,16,3,59,45,31,17,4,60,46,32,18,5,61,47,33,19,6,62,48,34,20,7,63,49,35,21,8,64,50,36,22,9,65,51,37,23,10,66,52,38,24,11,53,67,39,25,12,54,68,40,26,13,55,69,41,27,14,56,70,42,28,
5,71,58,44,30,16,2,1,59,45,31,17,3,60,46,32,18,4,61,47,33,19,5,62,48,34,20,6,63,49,35,21,7,64,50,36,22,8,65,51,37,23,9,66,52,38,24,10,67,53,39,25,11,68,54,40,26,12,69,55,41,27,13,70,56,42,28,14,71,57,43,29,15,
5,72,59,44,30,16,2,1,60,45,31,17,3,61,46,32,18,4,62,47,33,19,5,63,48,34,20,6,64,49,35,21,7,65,50,36,22,8,66,51,37,23,9,67,52,38,24,10,68,53,39,25,11,69,54,40,26,12,70,55,41,27,13,71,56,42,28,14,72,57,43,29,15,58,
5,73,59,44,30,16,2,1,60,45,31,17,3,61,46,32,18,4,62,47,33,19,5,63,48,34,20,6,64,49,35,21,7,65,50,36,22,8,66,51,37,23,9,67,52,38,24,10,68,53,39,25,11,69,54,40,26,12,70,55,41,27,13,71,56,42,28,14,72,57,43,29,15,73,58,
5,74,60,45,30,16,2,1,61,46,31,17,3,62,47,32,18,4,63,48,33,19,5,64,49,34,20,6,65,50,35,21,7,66,51,36,22,8,67,52,37,23,9,68,53,38,24,10,69,54,39,25,11,70,55,40,26,12,71,56,41,27,13,72,57,42,28,14,73,58,43,29,15,74,59,44,
5,75,61,46,31,16,2,1,62,47,32,17,3,63,48,33,18,4,64,49,34,19,5,65,50,35,20,6,66,51,36,21,7,67,52,37,22,8,68,53,38,23,9,69,54,39,24,10,70,55,40,25,11,71,56,41,26,12,72,57,42,27,13,73,58,43,28,14,74,59,44,29,15,75,60,45,30,
5,76,62,47,32,17,2,1,63,48,33,18,3,64,49,34,19,4,65,50,20,35,5,66,51,21,36,6,67,52,22,37,7,68,53,23,38,8,69,54,24,39,9,70,55,25,40,10,71,56,26,41,11,72,57,27,42,12,58,73,28,43,13,59,74,29,44,14,60,75,30,45,15,61,76,31,46,16,
5,77,63,47,32,17,2,1,64,48,33,18,3,65,49,34,19,4,66,50,20,35,5,67,51,21,36,6,68,52,22,37,7,69,53,23,38,8,70,54,24,39,9,71,55,25,40,10,72,56,26,41,11,73,57,27,42,12,58,74,28,43,13,59,75,29,44,14,60,76,30,45,15,61,77,31,46,16,62,
5,78,64,48,32,17,2,1,65,49,33,18,3,66,50,34,19,4,67,51,20,35,5,68,52,21,36,6,69,53,22,37,7,70,54,23,38,8,71,55,24,39,9,72,56,25,40,10,73,57,26,41,11,74,58,27,42,12,59,75,28,43,13,60,76,29,44,14,61,77,30,45,15,62,78,31,46,16,63,47,
5,79,64,48,32,17,2,1,65,49,33,18,3,66,50,34,19,4,67,51,20,35,5,68,52,21,36,6,69,53,22,37,7,70,54,23,38,8,71,55,24,39,9,72,56,25,40,10,73,57,26,41,11,74,58,27,42,12,75,59,28,43,13,76,60,29,44,14,77,61,30,45,15,78,62,31,46,16,79,63,47,
5,80,65,49,33,17,2,1,66,50,34,18,3,67,51,35,19,4,68,52,20,36,5,69,53,21,37,6,70,54,22,38,7,71,55,23,39,8,72,56,40,24,9,73,57,41,25,10,74,58,42,26,11,75,59,43,27,12,76,60,44,28,13,77,61,45,29,14,78,62,46,30,15,79,63,47,31,16,80,64,48,32,
5,81,66,50,34,18,2,1,67,51,35,19,3,68,52,36,20,4,69,53,37,21,5,70,54,38,22,6,71,55,39,23,7,72,56,40,24,8,73,57,41,25,9,74,58,42,26,10,75,59,43,27,11,76,60,44,28,12,77,61,45,29,13,78,62,46,30,14,79,63,47,31,15,80,64,48,32,16,81,65,49,33,17,
5,82,67,50,34,18,2,1,68,51,35,19,3,69,52,36,20,4,70,53,37,21,5,71,54,38,22,6,72,55,39,23,7,73,56,40,24,8,74,57,41,25,9,75,58,42,26,10,76,59,43,27,11,77,60,44,28,12,78,61,45,29,13,79,62,46,30,14,80,63,47,31,15,81,64,48,32,16,82,65,49,33,17,66,
5,83,67,50,34,18,2,1,68,51,35,19,3,69,52,36,20,4,70,53,37,21,5,71,54,38,22,6,72,55,39,23,7,73,56,40,24,8,74,57,41,25,9,75,58,42,26,10,76,59,43,27,11,77,60,44,28,12,78,61,45,29,13,79,62,46,30,14,80,63,47,31,15,81,64,48,32,16,82,65,49,33,17,83,66,
5,84,68,51,34,18,2,1,69,52,35,19,3,70,53,36,20,4,71,54,37,21,5,72,55,38,22,6,73,56,39,23,7,74,57,40,24,8,75,58,41,25,9,76,59,42,26,10,77,60,43,27,11,78,61,44,28,12,79,62,45,29,13,63,80,46,30,14,64,81,47,31,15,65,82,48,32,16,66,83,49,33,17,67,84,50,
5,85,69,52,35,18,2,1,70,53,36,19,3,71,54,37,20,4,72,55,38,21,5,73,56,39,22,6,74,57,40,23,7,75,58,41,24,8,76,59,42,25,9,77,60,43,26,10,78,61,44,27,11,79,62,45,28,12,80,63,46,29,13,81,64,47,30,14,82,65,48,31,15,83,66,49,32,16,84,67,50,33,17,85,68,51,34,
5,86,70,53,36,19,2,1,71,54,37,20,3,72,55,38,21,4,73,56,39,22,5,74,57,40,23,6,75,58,41,24,7,76,59,42,25,8,77,60,43,26,9,78,44,61,27,10,79,45,62,28,11,80,46,63,29,12,81,47,64,30,13,82,48,65,31,14,83,49,66,32,15,84,50,67,33,16,85,51,68,34,17,86,52,69,35,18,
5,87,71,53,36,19,2,1,72,54,37,20,3,73,55,38,21,4,74,56,39,22,5,75,57,40,23,6,76,58,41,24,7,77,59,42,25,8,78,60,43,26,9,79,44,61,27,10,80,45,62,28,11,81,46,63,29,12,82,47,64,30,13,83,48,65,31,14,84,49,66,32,15,85,50,67,33,16,86,51,68,34,17,87,52,69,35,18,70,
5,88,71,53,36,19,2,1,72,54,37,20,3,73,55,38,21,4,74,56,39,22,5,75,57,40,23,6,76,58,41,24,7,77,59,42,25,8,78,60,43,26,9,79,44,61,27,10,80,45,62,28,11,81,46,63,29,12,82,47,64,30,13,83,48,65,31,14,84,49,66,32,15,85,50,67,33,16,86,51,68,34,17,87,52,69,35,18,88,70,
5,89,72,54,36,19,2,1,73,55,37,20,3,74,56,38,21,4,75,57,39,22,5,76,58,40,23,6,77,59,41,24,7,78,60,42,25,8,79,61,43,26,9,80,44,62,27,10,81,45,63,28,11,82,46,64,29,12,83,47,65,30,13,84,48,66,31,14,85,49,67,32,15,86,50,68,33,16,87,51,69,34,17,88,52,70,35,18,89,53,71,
5,90,73,55,37,19,2,1,74,56,38,20,3,75,57,39,21,4,76,58,40,22,5,77,59,41,23,6,78,60,42,24,7,79,61,43,25,8,80,62,44,26,9,81,63,45,27,10,82,64,46,28,11,83,65,47,29,12,84,66,48,30,13,85,67,49,31,14,68,86,50,32,15,69,87,51,33,16,70,88,52,34,17,71,89,53,35,18,72,90,54,36,
5,91,74,56,38,20,2,1,75,57,39,21,3,76,58,40,22,4,77,59,41,23,5,78,60,42,24,6,79,61,43,25,7,80,62,44,26,8,81,63,45,27,9,82,64,46,28,10,83,65,47,29,11,84,66,48,30,12,85,67,49,31,13,86,68,50,32,14,87,69,51,33,15,88,70,52,34,16,89,71,53,35,17,90,72,54,36,18,91,73,55,37,19,
5,92,75,56,38,20,2,1,76,57,39,21,3,77,58,40,22,4,78,59,41,23,5,79,60,42,24,6,80,61,43,25,7,81,62,44,26,8,82,63,45,27,9,83,64,46,28,10,84,65,47,29,11,85,66,48,30,12,86,67,49,31,13,87,68,50,32,14,88,69,51,33,15,89,70,52,34,16,90,71,53,35,17,91,72,54,36,18,92,73,55,37,19,74,
5,93,75,56,38,20,2,1,76,57,39,21,3,77,58,40,22,4,78,59,41,23,5,79,60,42,24,6,80,61,43,25,7,81,62,44,26,8,82,63,45,27,9,83,64,46,28,10,84,65,47,29,11,85,66,48,30,12,86,67,49,31,13,87,68,50,32,14,88,69,51,33,15,89,70,52,34,16,90,71,53,35,17,91,72,54,36,18,92,73,55,37,19,93,74,
5,94,76,57,38,20,2,1,77,58,39,21,3,78,59,40,22,4,79,60,41,23,5,80,61,42,24,6,81,62,43,25,7,82,63,44,26,8,83,64,45,27,9,84,65,46,28,10,85,66,47,29,11,86,67,48,30,12,87,68,49,31,13,88,69,50,32,14,89,70,51,33,15,90,71,52,34,16,91,72,53,35,17,92,73,54,36,18,93,74,55,37,19,94,75,56,
5,95,77,58,39,20,2,1,78,59,40,21,3,79,60,41,22,4,80,61,42,23,5,81,62,43,24,6,82,63,44,25,7,83,64,45,26,8,84,65,46,27,9,85,66,47,28,10,86,67,48,29,11,87,68,49,30,12,88,69,50,31,13,89,70,51,32,14,90,71,52,33,15,91,72,53,34,16,92,73,54,35,17,93,74,55,36,18,94,75,56,37,19,95,76,57,38,
5,96,78,59,40,21,2,1,79,60,41,22,3,80,61,42,23,4,81,62,43,24,5,82,63,25,44,6,83,64,26,45,7,84,65,27,46,8,85,66,28,47,9,86,67,29,48,10,87,68,30,49,11,88,69,31,50,12,89,70,32,51,13,90,71,33,52,14,91,72,34,53,15,73,92,35,54,16,74,93,36,55,17,75,94,37,56,18,76,95,38,57,19,77,96,39,58,20,
5,97,79,59,40,21,2,1,80,60,41,22,3,81,61,42,23,4,82,62,43,24,5,83,63,25,44,6,84,64,26,45,7,85,65,27,46,8,86,66,28,47,9,87,67,29,48,10,88,68,30,49,11,89,69,31,50,12,90,70,32,51,13,91,71,33,52,14,92,72,34,53,15,73,93,35,54,16,74,94,36,55,17,75,95,37,56,18,76,96,38,57,19,77,97,39,58,20,78,
5,98,80,60,40,21,2,1,81,61,41,22,3,82,62,42,23,4,83,63,43,24,5,84,64,25,44,6,85,65,26,45,7,86,66,27,46,8,87,67,28,47,9,88,68,29,48,10,89,69,30,49,11,90,70,31,50,12,91,71,32,51,13,92,72,33,52,14,93,73,34,53,15,74,94,35,54,16,75,95,36,55,17,76,96,37,56,18,77,97,38,57,19,78,98,39,58,20,79,59,
5,99,80,60,40,21,2,1,81,61,41,22,3,82,62,42,23,4,83,63,43,24,5,84,64,25,44,6,85,65,26,45,7,86,66,27,46,8,87,67,28,47,9,88,68,29,48,10,89,69,30,49,11,90,70,31,50,12,91,71,32,51,13,92,72,33,52,14,93,73,34,53,15,94,74,35,54,16,95,75,36,55,17,96,76,37,56,18,97,77,38,57,19,98,78,39,58,20,99,79,59,
5,100,81,61,41,21,2,1,82,62,42,22,3,83,63,43,23,4,84,64,44,24,5,85,65,25,45,6,86,66,26,46,7,87,67,27,47,8,88,68,28,48,9,89,69,29,49,10,90,70,50,30,11,91,71,51,31,12,92,72,52,32,13,93,73,53,33,14,94,74,54,34,15,95,75,55,35,16,96,76,56,36,17,97,77,57,37,18,98,78,58,38,19,99,79,59,39,20,100,80,60,40,
5,101,82,62,42,22,2,1,83,63,43,23,3,84,64,44,24,4,85,65,45,25,5,86,66,46,26,6,87,67,47,27,7,88,68,48,28,8,89,69,49,29,9,90,70,50,30,10,91,71,51,31,11,92,72,52,32,12,93,73,53,33,13,94,74,54,34,14,95,75,55,35,15,96,76,56,36,16,97,77,57,37,17,98,78,58,38,18,99,79,59,39,19,100,80,60,40,20,101,81,61,41,21,
5,102,83,62,42,22,2,1,84,63,43,23,3,85,64,44,24,4,86,65,45,25,5,87,66,46,26,6,88,67,47,27,7,89,68,48,28,8,90,69,49,29,9,91,70,50,30,10,92,71,51,31,11,93,72,52,32,12,94,73,53,33,13,95,74,54,34,14,96,75,55,35,15,97,76,56,36,16,98,77,57,37,17,99,78,58,38,18,100,79,59,39,19,101,80,60,40,20,102,81,61,41,21,82,
5,103,83,62,42,22,2,1,84,63,43,23,3,85,64,44,24,4,86,65,45,25,5,87,66,46,26,6,88,67,47,27,7,89,68,48,28,8,90,69,49,29,9,91,70,50,30,10,92,71,51,31,11,93,72,52,32,12,94,73,53,33,13,95,74,54,34,14,96,75,55,35,15,97,76,56,36,16,98,77,57,37,17,99,78,58,38,18,100,79,59,39,19,101,80,60,40,20,102,81,61,41,21,103,82,
5,104,84,63,42,22,2,1,85,64,43,23,3,86,65,44,24,4,87,66,45,25,5,88,67,46,26,6,89,68,47,27,7,90,69,48,28,8,91,70,49,29,9,92,71,50,30,10,93,72,51,31,11,94,73,52,32,12,95,74,53,33,13,96,75,54,34,14,97,76,55,35,15,98,77,56,36,16,78,99,57,37,17,79,100,58,38,18,80,101,59,39,19,81,102,60,40,20,82,103,61,41,21,83,104,62,
5,105,85,64,43,22,2,1,86,65,44,23,3,87,66,45,24,4,88,67,46,25,5,89,68,47,26,6,90,69,48,27,7,91,70,49,28,8,92,71,50,29,9,93,72,51,30,10,94,73,52,31,11,95,74,53,32,12,96,75,54,33,13,97,76,55,34,14,98,77,56,35,15,99,78,57,36,16,100,79,58,37,17,101,80,59,38,18,102,81,60,39,19,103,82,61,40,20,104,83,62,41,21,105,84,63,42,
5,106,86,65,44,23,2,1,87,66,45,24,3,88,67,46,25,4,89,68,47,26,5,90,69,48,27,6,91,70,49,28,7,92,71,50,29,8,93,72,51,30,9,94,73,52,31,10,95,74,53,32,11,96,54,75,33,12,97,55,76,34,13,98,56,77,35,14,99,57,78,36,15,100,58,79,37,16,101,59,80,38,17,102,60,81,39,18,103,61,82,40,19,104,62,83,41,20,105,63,84,42,21,106,64,85,43,22,
5,107,87,65,44,23,2,1,88,66,45,24,3,89,67,46,25,4,90,68,47,26,5,91,69,48,27,6,92,70,49,28,7,93,71,50,29,8,94,72,51,30,9,95,73,52,31,10,96,74,53,32,11,97,54,75,33,12,98,55,76,34,13,99,56,77,35,14,100,57,78,36,15,101,58,79,37,16,102,59,80,38,17,103,60,81,39,18,104,61,82,40,19,105,62,83,41,20,106,63,84,42,21,107,64,85,43,22,86,
5,108,87,65,44,23,2,1,88,66,45,24,3,89,67,46,25,4,90,68,47,26,5,91,69,48,27,6,92,70,49,28,7,93,71,50,29,8,94,72,51,30,9,95,73,52,31,10,96,74,53,32,11,97,54,75,33,12,98,55,76,34,13,99,56,77,35,14,100,57,78,36,15,101,58,79,37,16,102,59,80,38,17,103,60,81,39,18,104,61,82,40,19,105,62,83,41,20,106,63,84,42,21,107,64,85,43,22,108,86,
5,109,88,66,44,23,2,1,89,67,45,24,3,90,68,46,25,4,91,69,47,26,5,92,70,48,27,6,93,71,49,28,7,94,72,50,29,8,95,73,51,30,9,96,74,52,31,10,97,75,53,32,11,98,54,76,33,12,99,55,77,34,13,100,56,78,35,14,101,57,79,36,15,102,58,80,37,16,103,59,81,38,17,104,60,82,39,18,105,61,83,40,19,106,62,84,41,20,107,63,85,42,21,108,64,86,43,22,109,65,87,
5,110,89,67,45,23,2,1,90,68,46,24,3,91,69,47,25,4,92,70,48,26,5,93,71,49,27,6,94,72,50,28,7,95,73,51,29,8,96,74,52,30,9,97,75,53,31,10,98,76,54,32,11,99,77,55,33,12,100,78,56,34,13,101,79,57,35,14,102,80,58,36,15,103,81,59,37,16,104,82,60,38,17,83,105,61,39,18,84,106,62,40,19,85,107,63,41,20,86,108,64,42,21,87,109,65,43,22,88,110,66,44,
5,111,90,68,46,24,2,1,91,69,47,25,3,92,70,48,26,4,93,71,49,27,5,94,72,50,28,6,95,73,51,29,7,96,74,52,30,8,97,75,53,31,9,98,76,54,32,10,99,77,55,33,11,100,78,56,34,12,101,79,57,35,13,102,80,58,36,14,103,81,59,37,15,104,82,60,38,16,105,83,61,39,17,106,84,62,40,18,107,85,63,41,19,108,86,64,42,20,109,87,65,43,21,110,88,66,44,22,111,89,67,45,23,
5,112,91,68,46,24,2,1,92,69,47,25,3,93,70,48,26,4,94,71,49,27,5,95,72,50,28,6,96,73,51,29,7,97,74,52,30,8,98,75,53,31,9,99,76,54,32,10,100,77,55,33,11,101,78,56,34,12,102,79,57,35,13,103,80,58,36,14,104,81,59,37,15,105,82,60,38,16,106,83,61,39,17,107,84,62,40,18,108,85,63,41,19,109,86,64,42,20,110,87,65,43,21,111,88,66,44,22,112,89,67,45,23,90,
5,113,91,68,46,24,2,1,92,69,47,25,3,93,70,48,26,4,94,71,49,27,5,95,72,50,28,6,96,73,51,29,7,97,74,52,30,8,98,75,53,31,9,99,76,54,32,10,100,77,55,33,11,101,78,56,34,12,102,79,57,35,13,103,80,58,36,14,104,81,59,37,15,105,82,60,38,16,106,83,61,39,17,107,84,62,40,18,108,85,63,41,19,109,86,64,42,20,110,87,65,43,21,111,88,66,44,22,112,89,67,45,23,113,90,
5,114,92,69,46,24,2,1,93,70,47,25,3,94,71,48,26,4,95,72,49,27,5,96,73,50,28,6,97,74,51,29,7,98,75,52,30,8,99,76,53,31,9,100,77,54,32,10,101,78,55,33,11,102,79,56,34,12,103,80,57,35,13,104,81,58,36,14,105,82,59,37,15,106,83,60,38,16,107,84,61,39,17,108,85,62,40,18,109,86,63,41,19,110,87,64,42,20,111,88,65,43,21,112,89,66,44,22,113,90,67,45,23,114,91,68,
5,115,93,70,47,24,2,1,94,71,48,25,3,95,72,49,26,4,96,73,50,27,5,97,74,51,28,6,98,75,52,29,7,99,76,53,30,8,100,77,54,31,9,101,78,55,32,10,102,79,56,33,11,103,80,57,34,12,104,81,58,35,13,105,82,59,36,14,106,83,60,37,15,107,84,61,38,16,108,85,62,39,17,109,86,63,40,18,110,87,64,41,19,111,88,65,42,20,112,89,66,43,21,113,90,67,44,22,114,91,68,45,23,115,92,69,46,
5,116,94,71,48,25,2,1,95,72,49,26,3,96,73,50,27,4,97,74,51,28,5,98,75,52,29,6,99,76,30,53,7,100,77,31,54,8,101,78,32,55,9,102,79,33,56,10,103,80,34,57,11,104,81,35,58,12,105,82,36,59,13,106,83,37,60,14,107,84,38,61,15,108,85,39,62,16,109,86,40,63,17,110,87,41,64,18,88,111,42,65,19,89,112,43,66,20,90,113,44,67,21,91,114,45,68,22,92,115,46,69,23,93,116,47,70,24,
5,117,95,71,48,25,2,1,96,72,49,26,3,97,73,50,27,4,98,74,51,28,5,99,75,52,29,6,100,76,30,53,7,101,77,31,54,8,102,78,32,55,9,103,79,33,56,10,104,80,34,57,11,105,81,35,58,12,106,82,36,59,13,107,83,37,60,14,108,84,38,61,15,109,85,39,62,16,110,86,40,63,17,111,87,41,64,18,88,112,42,65,19,89,113,43,66,20,90,114,44,67,21,91,115,45,68,22,92,116,46,69,23,93,117,47,70,24,94,
5,118,96,72,48,25,2,1,97,73,49,26,3,98,74,50,27,4,99,75,51,28,5,100,76,52,29,6,101,77,30,53,7,102,78,31,54,8,103,79,32,55,9,104,80,33,56,10,105,81,34,57,11,106,82,35,58,12,107,83,36,59,13,108,84,37,60,14,109,85,38,61,15,110,86,39,62,16,111,87,40,63,17,112,88,41,64,18,89,113,42,65,19,90,114,43,66,20,91,115,44,67,21,92,116,45,68,22,93,117,46,69,23,94,118,47,70,24,95,71,
5,119,96,72,48,25,2,1,97,73,49,26,3,98,74,50,27,4,99,75,51,28,5,100,76,52,29,6,101,77,30,53,7,102,78,31,54,8,103,79,32,55,9,104,80,33,56,10,105,81,34,57,11,106,82,35,58,12,107,83,36,59,13,108,84,37,60,14,109,85,38,61,15,110,86,39,62,16,111,87,40,63,17,112,88,41,64,18,113,89,42,65,19,114,90,43,66,20,115,91,44,67,21,116,92,45,68,22,117,93,46,69,23,118,94,47,70,24,119,95,71,
5,120,97,73,49,25,2,1,98,74,50,26,3,99,75,51,27,4,100,76,52,28,5,101,77,53,29,6,102,78,30,54,7,103,79,31,55,8,104,80,32,56,9,105,81,33,57,10,106,82,34,58,11,107,83,35,59,12,108,84,60,36,13,109,85,61,37,14,110,86,62,38,15,111,87,63,39,16,112,88,64,40,17,113,89,65,41,18,114,90,66,42,19,115,91,67,43,20,116,92,68,44,21,117,93,69,45,22,118,94,70,46,23,119,95,71,47,24,120,96,72,48,
5,121,98,74,50,26,2,1,99,75,51,27,3,100,76,52,28,4,101,77,53,29,5,102,78,54,30,6,103,79,55,31,7,104,80,56,32,8,105,81,57,33,9,106,82,58,34,10,107,83,59,35,11,108,84,60,36,12,109,85,61,37,13,110,86,62,38,14,111,87,63,39,15,112,88,64,40,16,113,89,65,41,17,114,90,66,42,18,115,91,67,43,19,116,92,68,44,20,117,93,69,45,21,118,94,70,46,22,119,95,71,47,23,120,96,72,48,24,121,97,73,49,25,
5,122,99,74,50,26,2,1,100,75,51,27,3,101,76,52,28,4,102,77,53,29,5,103,78,54,30,6,104,79,55,31,7,105,80,56,32,8,106,81,57,33,9,107,82,58,34,10,108,83,59,35,11,109,84,60,36,12,110,85,61,37,13,111,86,62,38,14,112,87,63,39,15,113,88,64,40,16,114,89,65,41,17,115,90,66,42,18,116,91,67,43,19,117,92,68,44,20,118,93,69,45,21,119,94,70,46,22,120,95,71,47,23,121,96,72,48,24,122,97,73,49,25,98,
5,123,99,74,50,26,2,1,100,75,51,27,3,101,76,52,28,4,102,77,53,29,5,103,78,54,30,6,104,79,55,31,7,105,80,56,32,8,106,81,57,33,9,107,82,58,34,10,108,83,59,35,11,109,84,60,36,12,110,85,61,37,13,111,86,62,38,14,112,87,63,39,15,113,88,64,40,16,114,89,65,41,17,115,90,66,42,18,116,91,67,43,19,117,92,68,44,20,118,93,69,45,21,119,94,70,46,22,120,95,71,47,23,121,96,72,48,24,122,97,73,49,25,123,98,
5,124,100,75,50,26,2,1,101,76,51,27,3,102,77,52,28,4,103,78,53,29,5,104,79,54,30,6,105,80,55,31,7,106,81,56,32,8,107,82,57,33,9,108,83,58,34,10,109,84,59,35,11,110,85,60,36,12,111,86,61,37,13,112,87,62,38,14,113,88,63,39,15,114,89,64,40,16,115,90,65,41,17,116,91,66,42,18,117,92,67,43,19,93,118,68,44,20,94,119,69,45,21,95,120,70,46,22,96,121,71,47,23,97,122,72,48,24,98,123,73,49,25,99,124,74,
5,125,101,76,51,26,2,1,102,77,52,27,3,103,78,53,28,4,104,79,54,29,5,105,80,55,30,6,106,81,56,31,7,107,82,57,32,8,108,83,58,33,9,109,84,59,34,10,110,85,60,35,11,111,86,61,36,12,112,87,62,37,13,113,88,63,38,14,114,89,64,39,15,115,90,65,40,16,116,91,66,41,17,117,92,67,42,18,118,93,68,43,19,119,94,69,44,20,120,95,70,45,21,121,96,71,46,22,122,97,72,47,23,123,98,73,48,24,124,99,74,49,25,125,100,75,50,
5,126,102,77,52,27,2,1,103,78,53,28,3,104,79,54,29,4,105,80,55,30,5,106,81,56,31,6,107,82,57,32,7,108,83,58,33,8,109,84,59,34,9,110,85,60,35,10,111,86,61,36,11,112,87,62,37,12,113,88,63,38,13,114,64,89,39,14,115,65,90,40,15,116,66,91,41,16,117,67,92,42,17,118,68,93,43,18,119,69,94,44,19,120,70,95,45,20,121,71,96,46,21,122,72,97,47,22,123,73,98,48,23,124,74,99,49,24,125,75,100,50,25,126,76,101,51,26,
5,127,103,77,52,27,2,1,104,78,53,28,3,105,79,54,29,4,106,80,55,30,5,107,81,56,31,6,108,82,57,32,7,109,83,58,33,8,110,84,59,34,9,111,85,60,35,10,112,86,61,36,11,113,87,62,37,12,114,88,63,38,13,115,64,89,39,14,116,65,90,40,15,117,66,91,41,16,118,67,92,42,17,119,68,93,43,18,120,69,94,44,19,121,70,95,45,20,122,71,96,46,21,123,72,97,47,22,124,73,98,48,23,125,74,99,49,24,126,75,100,50,25,127,76,101,51,26,102,
5,128,103,77,52,27,2,1,104,78,53,28,3,105,79,54,29,4,106,80,55,30,5,107,81,56,31,6,108,82,57,32,7,109,83,58,33,8,110,84,59,34,9,111,85,60,35,10,112,86,61,36,11,113,87,62,37,12,114,88,63,38,13,115,64,89,39,14,116,65,90,40,15,117,66,91,41,16,118,67,92,42,17,119,68,93,43,18,120,69,94,44,19,121,70,95,45,20,122,71,96,46,21,123,72,97,47,22,124,73,98,48,23,125,74,99,49,24,126,75,100,50,25,127,76,101,51,26,128,102,
5,129,104,78,52,27,2,1,105,79,53,28,3,106,80,54,29,4,107,81,55,30,5,108,82,56,31,6,109,83,57,32,7,110,84,58,33,8,111,85,59,34,9,112,86,60,35,10,113,87,61,36,11,114,88,62,37,12,115,89,63,38,13,116,64,90,39,14,117,65,91,40,15,118,66,92,41,16,119,67,93,42,17,120,68,94,43,18,121,69,95,44,19,122,70,96,45,20,123,71,97,46,21,124,72,98,47,22,125,73,99,48,23,126,74,100,49,24,127,75,101,50,25,128,76,102,51,26,129,77,103,
5,130,105,79,53,27,2,1,106,80,54,28,3,107,81,55,29,4,108,82,56,30,5,109,83,57,31,6,110,84,58,32,7,111,85,59,33,8,112,86,60,34,9,113,87,61,35,10,114,88,62,36,11,115,89,63,37,12,116,90,64,38,13,117,91,65,39,14,118,92,66,40,15,119,93,67,41,16,120,94,68,42,17,121,95,69,43,18,122,96,70,44,19,123,97,71,45,20,98,124,72,46,21,99,125,73,47,22,100,126,74,48,23,101,127,75,49,24,102,128,76,50,25,103,129,77,51,26,104,130,78,52,
5,131,106,80,54,28,2,1,107,81,55,29,3,108,82,56,30,4,109,83,57,31,5,110,84,58,32,6,111,85,59,33,7,112,86,60,34,8,113,87,61,35,9,114,88,62,36,10,115,89,63,37,11,116,90,64,38,12,117,91,65,39,13,118,92,66,40,14,119,93,67,41,15,120,94,68,42,16,121,95,69,43,17,122,96,70,44,18,123,97,71,45,19,124,98,72,46,20,125,99,73,47,21,126,100,74,48,22,127,101,75,49,23,128,102,76,50,24,129,103,77,51,25,130,104,78,52,26,131,105,79,53,27,
5,132,107,80,54,28,2,1,108,81,55,29,3,109,82,56,30,4,110,83,57,31,5,111,84,58,32,6,112,85,59,33,7,113,86,60,34,8,114,87,61,35,9,115,88,62,36,10,116,89,63,37,11,117,90,64,38,12,118,91,65,39,13,119,92,66,40,14,120,93,67,41,15,121,94,68,42,16,122,95,69,43,17,123,96,70,44,18,124,97,71,45,19,125,98,72,46,20,126,99,73,47,21,127,100,74,48,22,128,101,75,49,23,129,102,76,50,24,130,103,77,51,25,131,104,78,52,26,132,105,79,53,27,106,
5,133,107,80,54,28,2,1,108,81,55,29,3,109,82,56,30,4,110,83,57,31,5,111,84,58,32,6,112,85,59,33,7,113,86,60,34,8,114,87,61,35,9,115,88,62,36,10,116,89,63,37,11,117,90,64,38,12,118,91,65,39,13,119,92,66,40,14,120,93,67,41,15,121,94,68,42,16,122,95,69,43,17,123,96,70,44,18,124,97,71,45,19,125,98,72,46,20,126,99,73,47,21,127,100,74,48,22,128,101,75,49,23,129,102,76,50,24,130,103,77,51,25,131,104,78,52,26,132,105,79,53,27,133,106,
5,134,108,81,54,28,2,1,109,82,55,29,3,110,83,56,30,4,111,84,57,31,5,112,85,58,32,6,113,86,59,33,7,114,87,60,34,8,115,88,61,35,9,116,89,62,36,10,117,90,63,37,11,118,91,64,38,12,119,92,65,39,13,120,93,66,40,14,121,94,67,41,15,122,95,68,42,16,123,96,69,43,17,124,97,70,44,18,125,98,71,45,19,126,99,72,46,20,127,100,73,47,21,128,101,74,48,22,129,102,75,49,23,130,103,76,50,24,131,104,77,51,25,132,105,78,52,26,133,106,79,53,27,134,107,80,
5,135,109,82,55,28,2,1,110,83,56,29,3,111,84,57,30,4,112,85,58,31,5,113,86,59,32,6,114,87,60,33,7,115,88,61,34,8,116,89,62,35,9,117,90,63,36,10,118,91,64,37,11,119,92,65,38,12,120,93,66,39,13,121,94,67,40,14,122,95,68,41,15,123,96,69,42,16,124,97,70,43,17,125,98,71,44,18,126,99,72,45,19,127,100,73,46,20,128,101,74,47,21,129,102,75,48,22,130,103,76,49,23,131,104,77,50,24,132,105,78,51,25,133,106,79,52,26,134,107,80,53,27,135,108,81,54,
5,136,110,83,56,29,2,1,111,84,57,30,3,112,85,58,31,4,113,86,59,32,5,114,87,60,33,6,115,88,61,34,7,116,89,35,62,8,117,90,36,63,9,118,91,37,64,10,119,92,38,65,11,120,93,39,66,12,121,94,40,67,13,122,95,41,68,14,123,96,42,69,15,124,97,43,70,16,125,98,44,71,17,126,99,45,72,18,127,100,46,73,19,128,101,47,74,20,129,102,48,75,21,103,130,49,76,22,104,131,50,77,23,105,132,51,78,24,106,133,52,79,25,107,134,53,80,26,108,135,54,81,27,109,136,55,82,28,
5,137,111,83,56,29,2,1,112,84,57,30,3,113,85,58,31,4,114,86,59,32,5,115,87,60,33,6,116,88,61,34,7,117,89,35,62,8,118,90,36,63,9,119,91,37,64,10,120,92,38,65,11,121,93,39,66,12,122,94,40,67,13,123,95,41,68,14,124,96,42,69,15,125,97,43,70,16,126,98,44,71,17,127,99,45,72,18,128,100,46,73,19,129,101,47,74,20,130,102,48,75,21,103,131,49,76,22,104,132,50,77,23,105,133,51,78,24,106,134,52,79,25,107,135,53,80,26,108,136,54,81,27,109,137,55,82,28,110,
5,138,112,84,56,29,2,1,113,85,57,30,3,114,86,58,31,4,115,87,59,32,5,116,88,60,33,6,117,89,61,34,7,118,90,35,62,8,119,91,36,63,9,120,92,37,64,10,121,93,38,65,11,122,94,39,66,12,123,95,40,67,13,124,96,41,68,14,125,97,42,69,15,126,98,43,70,16,127,99,44,71,17,128,100,45,72,18,129,101,46,73,19,130,102,47,74,20,131,103,48,75,21,104,132,49,76,22,105,133,50,77,23,106,134,51,78,24,107,135,52,79,25,108,136,53,80,26,109,137,54,81,27,110,138,55,82,28,111,83,
5,139,112,84,56,29,2,1,113,85,57,30,3,114,86,58,31,4,115,87,59,32,5,116,88,60,33,6,117,89,61,34,7,118,90,35,62,8,119,91,36,63,9,120,92,37,64,10,121,93,38,65,11,122,94,39,66,12,123,95,40,67,13,124,96,41,68,14,125,97,42,69,15,126,98,43,70,16,127,99,44,71,17,128,100,45,72,18,129,101,46,73,19,130,102,47,74,20,131,103,48,75,21,132,104,49,76,22,133,105,50,77,23,134,106,51,78,24,135,107,52,79,25,136,108,53,80,26,137,109,54,81,27,138,110,55,82,28,139,111,83,
5,140,113,85,57,29,2,1,114,86,58,30,3,115,87,59,31,4,116,88,60,32,5,117,89,61,33,6,118,90,62,34,7,119,91,35,63,8,120,92,36,64,9,121,93,37,65,10,122,94,38,66,11,123,95,39,67,12,124,96,40,68,13,125,97,41,69,14,126,98,70,42,15,127,99,71,43,16,128,100,72,44,17,129,101,73,45,18,130,102,74,46,19,131,103,75,47,20,132,104,76,48,21,133,105,77,49,22,134,106,78,50,23,135,107,79,51,24,136,108,80,52,25,137,109,81,53,26,138,110,82,54,27,139,111,83,55,28,140,112,84,56,
5,141,114,86,58,30,2,1,115,87,59,31,3,116,88,60,32,4,117,89,61,33,5,118,90,62,34,6,119,91,63,35,7,120,92,64,36,8,121,93,65,37,9,122,94,66,38,10,123,95,67,39,11,124,96,68,40,12,125,97,69,41,13,126,98,70,42,14,127,99,71,43,15,128,100,72,44,16,129,101,73,45,17,130,102,74,46,18,131,103,75,47,19,132,104,76,48,20,133,105,77,49,21,134,106,78,50,22,135,107,79,51,23,136,108,80,52,24,137,109,81,53,25,138,110,82,54,26,139,111,83,55,27,140,112,84,56,28,141,113,85,57,29,
5,142,115,86,58,30,2,1,116,87,59,31,3,117,88,60,32,4,118,89,61,33,5,119,90,62,34,6,120,91,63,35,7,121,92,64,36,8,122,93,65,37,9,123,94,66,38,10,124,95,67,39,11,125,96,68,40,12,126,97,69,41,13,127,98,70,42,14,128,99,71,43,15,129,100,72,44,16,130,101,73,45,17,131,102,74,46,18,132,103,75,47,19,133,104,76,48,20,134,105,77,49,21,135,106,78,50,22,136,107,79,51,23,137,108,80,52,24,138,109,81,53,25,139,110,82,54,26,140,111,83,55,27,141,112,84,56,28,142,113,85,57,29,114,
5,143,115,86,58,30,2,1,116,87,59,31,3,117,88,60,32,4,118,89,61,33,5,119,90,62,34,6,120,91,63,35,7,121,92,64,36,8,122,93,65,37,9,123,94,66,38,10,124,95,67,39,11,125,96,68,40,12,126,97,69,41,13,127,98,70,42,14,128,99,71,43,15,129,100,72,44,16,130,101,73,45,17,131,102,74,46,18,132,103,75,47,19,133,104,76,48,20,134,105,77,49,21,135,106,78,50,22,136,107,79,51,23,137,108,80,52,24,138,109,81,53,25,139,110,82,54,26,140,111,83,55,27,141,112,84,56,28,142,113,85,57,29,143,114,
5,144,116,87,58,30,2,1,117,88,59,31,3,118,89,60,32,4,119,90,61,33,5,120,91,62,34,6,121,92,63,35,7,122,93,64,36,8,123,94,65,37,9,124,95,66,38,10,125,96,67,39,11,126,97,68,40,12,127,98,69,41,13,128,99,70,42,14,129,100,71,43,15,130,101,72,44,16,131,102,73,45,17,132,103,74,46,18,133,104,75,47,19,134,105,76,48,20,135,106,77,49,21,136,107,78,50,22,108,137,79,51,23,109,138,80,52,24,110,139,81,53,25,111,140,82,54,26,112,141,83,55,27,113,142,84,56,28,114,143,85,57,29,115,144,86,
5,145,117,88,59,30,2,1,118,89,60,31,3,119,90,61,32,4,120,91,62,33,5,121,92,63,34,6,122,93,64,35,7,123,94,65,36,8,124,95,66,37,9,125,96,67,38,10,126,97,68,39,11,127,98,69,40,12,128,99,70,41,13,129,100,71,42,14,130,101,72,43,15,131,102,73,44,16,132,103,74,45,17,133,104,75,46,18,134,105,76,47,19,135,106,77,48,20,136,107,78,49,21,137,108,79,50,22,138,109,80,51,23,139,110,81,52,24,140,111,82,53,25,141,112,83,54,26,142,113,84,55,27,143,114,85,56,28,144,115,86,57,29,145,116,87,58,
5,146,118,89,60,31,2,1,119,90,61,32,3,120,91,62,33,4,121,92,63,34,5,122,93,64,35,6,123,94,65,36,7,124,95,66,37,8,125,96,67,38,9,126,97,68,39,10,127,98,69,40,11,128,99,70,41,12,129,100,71,42,13,130,101,72,43,14,131,102,73,44,15,132,74,103,45,16,133,75,104,46,17,134,76,105,47,18,135,77,106,48,19,136,78,107,49,20,137,79,108,50,21,138,80,109,51,22,139,81,110,52,23,140,82,111,53,24,141,83,112,54,25,142,84,113,55,26,143,85,114,56,27,144,86,115,57,28,145,87,116,58,29,146,88,117,59,30,
5,147,119,89,60,31,2,1,120,90,61,32,3,121,91,62,33,4,122,92,63,34,5,123,93,64,35,6,124,94,65,36,7,125,95,66,37,8,126,96,67,38,9,127,97,68,39,10,128,98,69,40,11,129,99,70,41,12,130,100,71,42,13,131,101,72,43,14,132,102,73,44,15,133,74,103,45,16,134,75,104,46,17,135,76,105,47,18,136,77,106,48,19,137,78,107,49,20,138,79,108,50,21,139,80,109,51,22,140,81,110,52,23,141,82,111,53,24,142,83,112,54,25,143,84,113,55,26,144,85,114,56,27,145,86,115,57,28,146,87,116,58,29,147,88,117,59,30,118,
5,148,119,89,60,31,2,1,120,90,61,32,3,121,91,62,33,4,122,92,63,34,5,123,93,64,35,6,124,94,65,36,7,125,95,66,37,8,126,96,67,38,9,127,97,68,39,10,128,98,69,40,11,129,99,70,41,12,130,100,71,42,13,131,101,72,43,14,132,102,73,44,15,133,74,103,45,16,134,75,104,46,17,135,76,105,47,18,136,77,106,48,19,137,78,107,49,20,138,79,108,50,21,139,80,109,51,22,140,81,110,52,23,141,82,111,53,24,142,83,112,54,25,143,84,113,55,26,144,85,114,56,27,145,86,115,57,28,146,87,116,58,29,147,88,117,59,30,148,118,
5,149,120,90,60,31,2,1,121,91,61,32,3,122,92,62,33,4,123,93,63,34,5,124,94,64,35,6,125,95,65,36,7,126,96,66,37,8,127,97,67,38,9,128,98,68,39,10,129,99,69,40,11,130,100,70,41,12,131,101,71,42,13,132,102,72,43,14,133,103,73,44,15,134,74,104,45,16,135,75,105,46,17,136,76,106,47,18,137,77,107,48,19,138,78,108,49,20,139,79,109,50,21,140,80,110,51,22,141,81,111,52,23,142,82,112,53,24,143,83,113,54,25,144,84,114,55,26,145,85,115,56,27,146,86,116,57,28,147,87,117,58,29,148,88,118,59,30,149,89,119,
5,150,121,91,61,31,2,1,122,92,62,32,3,123,93,63,33,4,124,94,64,34,5,125,95,65,35,6,126,96,66,36,7,127,97,67,37,8,128,98,68,38,9,129,99,69,39,10,130,100,70,40,11,131,101,71,41,12,132,102,72,42,13,133,103,73,43,14,134,104,74,44,15,135,105,75,45,16,136,106,76,46,17,137,107,77,47,18,138,108,78,48,19,139,109,79,49,20,140,110,80,50,21,141,111,81,51,22,142,112,82,52,23,113,143,83,53,24,114,144,84,54,25,115,145,85,55,26,116,146,86,56,27,117,147,87,57,28,118,148,88,58,29,119,149,89,59,30,120,150,90,60,
5,151,122,92,62,32,2,1,123,93,63,33,3,124,94,64,34,4,125,95,65,35,5,126,96,66,36,6,127,97,67,37,7,128,98,68,38,8,129,99,69,39,9,130,100,70,40,10,131,101,71,41,11,132,102,72,42,12,133,103,73,43,13,134,104,74,44,14,135,105,75,45,15,136,106,76,46,16,137,107,77,47,17,138,108,78,48,18,139,109,79,49,19,140,110,80,50,20,141,111,81,51,21,142,112,82,52,22,143,113,83,53,23,144,114,84,54,24,145,115,85,55,25,146,116,86,56,26,147,117,87,57,27,148,118,88,58,28,149,119,89,59,29,150,120,90,60,30,151,121,91,61,31,
5,152,123,92,62,32,2,1,124,93,63,33,3,125,94,64,34,4,126,95,65,35,5,127,96,66,36,6,128,97,67,37,7,129,98,68,38,8,130,99,69,39,9,131,100,70,40,10,132,101,71,41,11,133,102,72,42,12,134,103,73,43,13,135,104,74,44,14,136,105,75,45,15,137,106,76,46,16,138,107,77,47,17,139,108,78,48,18,140,109,79,49,19,141,110,80,50,20,142,111,81,51,21,143,112,82,52,22,144,113,83,53,23,145,114,84,54,24,146,115,85,55,25,147,116,86,56,26,148,117,87,57,27,149,118,88,58,28,150,119,89,59,29,151,120,90,60,30,152,121,91,61,31,122,
5,153,123,92,62,32,2,1,124,93,63,33,3,125,94,64,34,4,126,95,65,35,5,127,96,66,36,6,128,97,67,37,7,129,98,68,38,8,130,99,69,39,9,131,100,70,40,10,132,101,71,41,11,133,102,72,42,12,134,103,73,43,13,135,104,74,44,14,136,105,75,45,15,137,106,76,46,16,138,107,77,47,17,139,108,78,48,18,140,109,79,49,19,141,110,80,50,20,142,111,81,51,21,143,112,82,52,22,144,113,83,53,23,145,114,84,54,24,146,115,85,55,25,147,116,86,56,26,148,117,87,57,27,149,118,88,58,28,150,119,89,59,29,151,120,90,60,30,152,121,91,61,31,153,122,
5,154,124,93,62,32,2,1,125,94,63,33,3,126,95,64,34,4,127,96,65,35,5,128,97,66,36,6,129,98,67,37,7,130,99,68,38,8,131,100,69,39,9,132,101,70,40,10,133,102,71,41,11,134,103,72,42,12,135,104,73,43,13,136,105,74,44,14,137,106,75,45,15,138,107,76,46,16,139,108,77,47,17,140,109,78,48,18,141,110,79,49,19,142,111,80,50,20,143,112,81,51,21,144,113,82,52,22,145,114,83,53,23,146,115,84,54,24,147,116,85,55,25,148,117,86,56,26,149,118,87,57,27,150,119,88,58,28,151,120,89,59,29,152,121,90,60,30,153,122,91,61,31,154,123,92,
5,155,125,94,63,32,2,1,126,95,64,33,3,127,96,65,34,4,128,97,66,35,5,129,98,67,36,6,130,99,68,37,7,131,100,69,38,8,132,101,70,39,9,133,102,71,40,10,134,103,72,41,11,135,104,73,42,12,136,105,74,43,13,137,106,75,44,14,138,107,76,45,15,139,108,77,46,16,140,109,78,47,17,141,110,79,48,18,142,111,80,49,19,143,112,81,50,20,144,113,82,51,21,145,114,83,52,22,146,115,84,53,23,147,116,85,54,24,148,117,86,55,25,149,118,87,56,26,150,119,88,57,27,151,120,89,58,28,152,121,90,59,29,153,122,91,60,30,154,123,92,61,31,155,124,93,62,
5,156,126,95,64,33,2,1,127,96,65,34,3,128,97,66,35,4,129,98,67,36,5,130,99,68,37,6,131,100,69,38,7,132,101,70,39,8,133,102,40,71,9,134,103,41,72,10,135,104,42,73,11,136,105,43,74,12,137,106,44,75,13,138,107,45,76,14,139,108,46,77,15,140,109,47,78,16,141,110,48,79,17,142,111,49,80,18,143,112,50,81,19,144,113,51,82,20,145,114,52,83,21,146,115,53,84,22,147,116,54,85,23,148,117,55,86,24,118,149,56,87,25,119,150,57,88,26,120,151,58,89,27,121,152,59,90,28,122,153,60,91,29,123,154,61,92,30,124,155,62,93,31,125,156,63,94,32,
5,157,127,95,64,33,2,1,128,96,65,34,3,129,97,66,35,4,130,98,67,36,5,131,99,68,37,6,132,100,69,38,7,133,101,70,39,8,134,102,40,71,9,135,103,41,72,10,136,104,42,73,11,137,105,43,74,12,138,106,44,75,13,139,107,45,76,14,140,108,46,77,15,141,109,47,78,16,142,110,48,79,17,143,111,49,80,18,144,112,50,81,19,145,113,51,82,20,146,114,52,83,21,147,115,53,84,22,148,116,54,85,23,149,117,55,86,24,118,150,56,87,25,119,151,57,88,26,120,152,58,89,27,121,153,59,90,28,122,154,60,91,29,123,155,61,92,30,124,156,62,93,31,125,157,63,94,32,126,
5,158,128,96,64,33,2,1,129,97,65,34,3,130,98,66,35,4,131,99,67,36,5,132,100,68,37,6,133,101,69,38,7,134,102,70,39,8,135,103,40,71,9,136,104,41,72,10,137,105,42,73,11,138,106,43,74,12,139,107,44,75,13,140,108,45,76,14,141,109,46,77,15,142,110,47,78,16,143,111,48,79,17,144,112,49,80,18,145,113,50,81,19,146,114,51,82,20,147,115,52,83,21,148,116,53,84,22,149,117,54,85,23,150,118,55,86,24,119,151,56,87,25,120,152,57,88,26,121,153,58,89,27,122,154,59,90,28,123,155,60,91,29,124,156,61,92,30,125,157,62,93,31,126,158,63,94,32,127,95,
5,159,128,96,64,33,2,1,129,97,65,34,3,130,98,66,35,4,131,99,67,36,5,132,100,68,37,6,133,101,69,38,7,134,102,70,39,8,135,103,40,71,9,136,104,41,72,10,137,105,42,73,11,138,106,43,74,12,139,107,44,75,13,140,108,45,76,14,141,109,46,77,15,142,110,47,78,16,143,111,48,79,17,144,112,49,80,18,145,113,50,81,19,146,114,51,82,20,147,115,52,83,21,148,116,53,84,22,149,117,54,85,23,150,118,55,86,24,151,119,56,87,25,152,120,57,88,26,153,121,58,89,27,154,122,59,90,28,155,123,60,91,29,156,124,61,92,30,157,125,62,93,31,158,126,63,94,32,159,127,95,
5,160,129,97,65,33,2,1,130,98,66,34,3,131,99,67,35,4,132,100,68,36,5,133,101,69,37,6,134,102,70,38,7,135,103,71,39,8,136,104,40,72,9,137,105,41,73,10,138,106,42,74,11,139,107,43,75,12,140,108,44,76,13,141,109,45,77,14,142,110,46,78,15,143,111,47,79,16,144,112,80,48,17,145,113,81,49,18,146,114,82,50,19,147,115,83,51,20,148,116,84,52,21,149,117,85,53,22,150,118,86,54,23,151,119,87,55,24,152,120,88,56,25,153,121,89,57,26,154,122,90,58,27,155,123,91,59,28,156,124,92,60,29,157,125,93,61,30,158,126,94,62,31,159,127,95,63,32,160,128,96,64,
5,161,130,98,66,34,2,1,131,99,67,35,3,132,100,68,36,4,133,101,69,37,5,134,102,70,38,6,135,103,71,39,7,136,104,72,40,8,137,105,73,41,9,138,106,74,42,10,139,107,75,43,11,140,108,76,44,12,141,109,77,45,13,142,110,78,46,14,143,111,79,47,15,144,112,80,48,16,145,113,81,49,17,146,114,82,50,18,147,115,83,51,19,148,116,84,52,20,149,117,85,53,21,150,118,86,54,22,151,119,87,55,23,152,120,88,56,24,153,121,89,57,25,154,122,90,58,26,155,123,91,59,27,156,124,92,60,28,157,125,93,61,29,158,126,94,62,30,159,127,95,63,31,160,128,96,64,32,161,129,97,65,33,
5,162,131,98,66,34,2,1,132,99,67,35,3,133,100,68,36,4,134,101,69,37,5,135,102,70,38,6,136,103,71,39,7,137,104,72,40,8,138,105,73,41,9,139,106,74,42,10,140,107,75,43,11,141,108,76,44,12,142,109,77,45,13,143,110,78,46,14,144,111,79,47,15,145,112,80,48,16,146,113,81,49,17,147,114,82,50,18,148,115,83,51,19,149,116,84,52,20,150,117,85,53,21,151,118,86,54,22,152,119,87,55,23,153,120,88,56,24,154,121,89,57,25,155,122,90,58,26,156,123,91,59,27,157,124,92,60,28,158,125,93,61,29,159,126,94,62,30,160,127,95,63,31,161,128,96,64,32,162,129,97,65,33,130,
5,163,131,98,66,34,2,1,132,99,67,35,3,133,100,68,36,4,134,101,69,37,5,135,102,70,38,6,136,103,71,39,7,137,104,72,40,8,138,105,73,41,9,139,106,74,42,10,140,107,75,43,11,141,108,76,44,12,142,109,77,45,13,143,110,78,46,14,144,111,79,47,15,145,112,80,48,16,146,113,81,49,17,147,114,82,50,18,148,115,83,51,19,149,116,84,52,20,150,117,85,53,21,151,118,86,54,22,152,119,87,55,23,153,120,88,56,24,154,121,89,57,25,155,122,90,58,26,156,123,91,59,27,157,124,92,60,28,158,125,93,61,29,159,126,94,62,30,160,127,95,63,31,161,128,96,64,32,162,129,97,65,33,163,130,
5,164,132,99,66,34,2,1,133,100,67,35,3,134,101,68,36,4,135,102,69,37,5,136,103,70,38,6,137,104,71,39,7,138,105,72,40,8,139,106,73,41,9,140,107,74,42,10,141,108,75,43,11,142,109,76,44,12,143,110,77,45,13,144,111,78,46,14,145,112,79,47,15,146,113,80,48,16,147,114,81,49,17,148,115,82,50,18,149,116,83,51,19,150,117,84,52,20,151,118,85,53,21,152,119,86,54,22,153,120,87,55,23,154,121,88,56,24,155,122,89,57,25,123,156,90,58,26,124,157,91,59,27,125,158,92,60,28,126,159,93,61,29,127,160,94,62,30,128,161,95,63,31,129,162,96,64,32,130,163,97,65,33,131,164,98,
5,165,133,100,67,34,2,1,134,101,68,35,3,135,102,69,36,4,136,103,70,37,5,137,104,71,38,6,138,105,72,39,7,139,106,73,40,8,140,107,74,41,9,141,108,75,42,10,142,109,76,43,11,143,110,77,44,12,144,111,78,45,13,145,112,79,46,14,146,113,80,47,15,147,114,81,48,16,148,115,82,49,17,149,116,83,50,18,150,117,84,51,19,151,118,85,52,20,152,119,86,53,21,153,120,87,54,22,154,121,88,55,23,155,122,89,56,24,156,123,90,57,25,157,124,91,58,26,158,125,92,59,27,159,126,93,60,28,160,127,94,61,29,161,128,95,62,30,162,129,96,63,31,163,130,97,64,32,164,131,98,65,33,165,132,99,66,
5,166,134,101,68,35,2,1,135,102,69,36,3,136,103,70,37,4,137,104,71,38,5,138,105,72,39,6,139,106,73,40,7,140,107,74,41,8,141,108,75,42,9,142,109,76,43,10,143,110,77,44,11,144,111,78,45,12,145,112,79,46,13,146,113,80,47,14,147,114,81,48,15,148,115,82,49,16,149,116,83,50,17,150,84,117,51,18,151,85,118,52,19,152,86,119,53,20,153,87,120,54,21,154,88,121,55,22,155,89,122,56,23,156,90,123,57,24,157,91,124,58,25,158,92,125,59,26,159,93,126,60,27,160,94,127,61,28,161,95,128,62,29,162,96,129,63,30,163,97,130,64,31,164,98,131,65,32,165,99,132,66,33,166,100,133,67,34,
5,167,135,101,68,35,2,1,136,102,69,36,3,137,103,70,37,4,138,104,71,38,5,139,105,72,39,6,140,106,73,40,7,141,107,74,41,8,142,108,75,42,9,143,109,76,43,10,144,110,77,44,11,145,111,78,45,12,146,112,79,46,13,147,113,80,47,14,148,114,81,48,15,149,115,82,49,16,150,116,83,50,17,151,84,117,51,18,152,85,118,52,19,153,86,119,53,20,154,87,120,54,21,155,88,121,55,22,156,89,122,56,23,157,90,123,57,24,158,91,124,58,25,159,92,125,59,26,160,93,126,60,27,161,94,127,61,28,162,95,128,62,29,163,96,129,63,30,164,97,130,64,31,165,98,131,65,32,166,99,132,66,33,167,100,133,67,34,134,
5,168,135,101,68,35,2,1,136,102,69,36,3,137,103,70,37,4,138,104,71,38,5,139,105,72,39,6,140,106,73,40,7,141,107,74,41,8,142,108,75,42,9,143,109,76,43,10,144,110,77,44,11,145,111,78,45,12,146,112,79,46,13,147,113,80,47,14,148,114,81,48,15,149,115,82,49,16,150,116,83,50,17,151,84,117,51,18,152,85,118,52,19,153,86,119,53,20,154,87,120,54,21,155,88,121,55,22,156,89,122,56,23,157,90,123,57,24,158,91,124,58,25,159,92,125,59,26,160,93,126,60,27,161,94,127,61,28,162,95,128,62,29,163,96,129,63,30,164,97,130,64,31,165,98,131,65,32,166,99,132,66,33,167,100,133,67,34,168,134,
5,169,136,102,68,35,2,1,137,103,69,36,3,138,104,70,37,4,139,105,71,38,5,140,106,72,39,6,141,107,73,40,7,142,108,74,41,8,143,109,75,42,9,144,110,76,43,10,145,111,77,44,11,146,112,78,45,12,147,113,79,46,13,148,114,80,47,14,149,115,81,48,15,150,116,82,49,16,151,117,83,50,17,152,84,118,51,18,153,85,119,52,19,154,86,120,53,20,155,87,121,54,21,156,88,122,55,22,157,89,123,56,23,158,90,124,57,24,159,91,125,58,25,160,92,126,59,26,161,93,127,60,27,162,94,128,61,28,163,95,129,62,29,164,96,130,63,30,165,97,131,64,31,166,98,132,65,32,167,99,133,66,33,168,100,134,67,34,169,101,135,
5,170,137,103,69,35,2,1,138,104,70,36,3,139,105,71,37,4,140,106,72,38,5,141,107,73,39,6,142,108,74,40,7,143,109,75,41,8,144,110,76,42,9,145,111,77,43,10,146,112,78,44,11,147,113,79,45,12,148,114,80,46,13,149,115,81,47,14,150,116,82,48,15,151,117,83,49,16,152,118,84,50,17,153,119,85,51,18,154,120,86,52,19,155,121,87,53,20,156,122,88,54,21,157,123,89,55,22,158,124,90,56,23,159,125,91,57,24,160,126,92,58,25,161,127,93,59,26,128,162,94,60,27,129,163,95,61,28,130,164,96,62,29,131,165,97,63,30,132,166,98,64,31,133,167,99,65,32,134,168,100,66,33,135,169,101,67,34,136,170,102,68,
5,171,138,104,70,36,2,1,139,105,71,37,3,140,106,72,38,4,141,107,73,39,5,142,108,74,40,6,143,109,75,41,7,144,110,76,42,8,145,111,77,43,9,146,112,78,44,10,147,113,79,45,11,148,114,80,46,12,149,115,81,47,13,150,116,82,48,14,151,117,83,49,15,152,118,84,50,16,153,119,85,51,17,154,120,86,52,18,155,121,87,53,19,156,122,88,54,20,157,123,89,55,21,158,124,90,56,22,159,125,91,57,23,160,126,92,58,24,161,127,93,59,25,162,128,94,60,26,163,129,95,61,27,164,130,96,62,28,165,131,97,63,29,166,132,98,64,30,167,133,99,65,31,168,134,100,66,32,169,135,101,67,33,170,136,102,68,34,171,137,103,69,35,
5,172,139,104,70,36,2,1,140,105,71,37,3,141,106,72,38,4,142,107,73,39,5,143,108,74,40,6,144,109,75,41,7,145,110,76,42,8,146,111,77,43,9,147,112,78,44,10,148,113,79,45,11,149,114,80,46,12,150,115,81,47,13,151,116,82,48,14,152,117,83,49,15,153,118,84,50,16,154,119,85,51,17,155,120,86,52,18,156,121,87,53,19,157,122,88,54,20,158,123,89,55,21,159,124,90,56,22,160,125,91,57,23,161,126,92,58,24,162,127,93,59,25,163,128,94,60,26,164,129,95,61,27,165,130,96,62,28,166,131,97,63,29,167,132,98,64,30,168,133,99,65,31,169,134,100,66,32,170,135,101,67,33,171,136,102,68,34,172,137,103,69,35,138,
5,173,139,104,70,36,2,1,140,105,71,37,3,141,106,72,38,4,142,107,73,39,5,143,108,74,40,6,144,109,75,41,7,145,110,76,42,8,146,111,77,43,9,147,112,78,44,10,148,113,79,45,11,149,114,80,46,12,150,115,81,47,13,151,116,82,48,14,152,117,83,49,15,153,118,84,50,16,154,119,85,51,17,155,120,86,52,18,156,121,87,53,19,157,122,88,54,20,158,123,89,55,21,159,124,90,56,22,160,125,91,57,23,161,126,92,58,24,162,127,93,59,25,163,128,94,60,26,164,129,95,61,27,165,130,96,62,28,166,131,97,63,29,167,132,98,64,30,168,133,99,65,31,169,134,100,66,32,170,135,101,67,33,171,136,102,68,34,172,137,103,69,35,173,138,
5,174,140,105,70,36,2,1,141,106,71,37,3,142,107,72,38,4,143,108,73,39,5,144,109,74,40,6,145,110,75,41,7,146,111,76,42,8,147,112,77,43,9,148,113,78,44,10,149,114,79,45,11,150,115,80,46,12,151,116,81,47,13,152,117,82,48,14,153,118,83,49,15,154,119,84,50,16,155,120,85,51,17,156,121,86,52,18,157,122,87,53,19,158,123,88,54,20,159,124,89,55,21,160,125,90,56,22,161,126,91,57,23,162,127,92,58,24,163,128,93,59,25,164,129,94,60,26,165,130,95,61,27,166,131,96,62,28,167,132,97,63,29,168,133,98,64,30,169,134,99,65,31,170,135,100,66,32,171,136,101,67,33,172,137,102,68,34,173,138,103,69,35,174,139,104,
5,175,141,106,71,36,2,1,142,107,72,37,3,143,108,73,38,4,144,109,74,39,5,145,110,75,40,6,146,111,76,41,7,147,112,77,42,8,148,113,78,43,9,149,114,79,44,10,150,115,80,45,11,151,116,81,46,12,152,117,82,47,13,153,118,83,48,14,154,119,84,49,15,155,120,85,50,16,156,121,86,51,17,157,122,87,52,18,158,123,88,53,19,159,124,89,54,20,160,125,90,55,21,161,126,91,56,22,162,127,92,57,23,163,128,93,58,24,164,129,94,59,25,165,130,95,60,26,166,131,96,61,27,167,132,97,62,28,168,133,98,63,29,169,134,99,64,30,170,135,100,65,31,171,136,101,66,32,172,137,102,67,33,173,138,103,68,34,174,139,104,69,35,175,140,105,70,
5,176,142,107,72,37,2,1,143,108,73,38,3,144,109,74,39,4,145,110,75,40,5,146,111,76,41,6,147,112,77,42,7,148,113,78,43,8,149,114,79,44,9,150,115,45,80,10,151,116,46,81,11,152,117,47,82,12,153,118,48,83,13,154,119,49,84,14,155,120,50,85,15,156,121,51,86,16,157,122,52,87,17,158,123,53,88,18,159,124,54,89,19,160,125,55,90,20,161,126,56,91,21,162,127,57,92,22,163,128,58,93,23,164,129,59,94,24,165,130,60,95,25,166,131,61,96,26,167,132,62,97,27,133,168,63,98,28,134,169,64,99,29,135,170,65,100,30,136,171,66,101,31,137,172,67,102,32,138,173,68,103,33,139,174,69,104,34,140,175,70,105,35,141,176,71,106,36,
5,177,143,107,72,37,2,1,144,108,73,38,3,145,109,74,39,4,146,110,75,40,5,147,111,76,41,6,148,112,77,42,7,149,113,78,43,8,150,114,79,44,9,151,115,45,80,10,152,116,46,81,11,153,117,47,82,12,154,118,48,83,13,155,119,49,84,14,156,120,50,85,15,157,121,51,86,16,158,122,52,87,17,159,123,53,88,18,160,124,54,89,19,161,125,55,90,20,162,126,56,91,21,163,127,57,92,22,164,128,58,93,23,165,129,59,94,24,166,130,60,95,25,167,131,61,96,26,168,132,62,97,27,133,169,63,98,28,134,170,64,99,29,135,171,65,100,30,136,172,66,101,31,137,173,67,102,32,138,174,68,103,33,139,175,69,104,34,140,176,70,105,35,141,177,71,106,36,142,
5,178,144,108,72,37,2,1,145,109,73,38,3,146,110,74,39,4,147,111,75,40,5,148,112,76,41,6,149,113,77,42,7,150,114,78,43,8,151,115,79,44,9,152,116,45,80,10,153,117,46,81,11,154,118,47,82,12,155,119,48,83,13,156,120,49,84,14,157,121,50,85,15,158,122,51,86,16,159,123,52,87,17,160,124,53,88,18,161,125,54,89,19,162,126,55,90,20,163,127,56,91,21,164,128,57,92,22,165,129,58,93,23,166,130,59,94,24,167,131,60,95,25,168,132,61,96,26,169,133,62,97,27,134,170,63,98,28,135,171,64,99,29,136,172,65,100,30,137,173,66,101,31,138,174,67,102,32,139,175,68,103,33,140,176,69,104,34,141,177,70,105,35,142,178,71,106,36,143,107,
5,179,144,108,72,37,2,1,145,109,73,38,3,146,110,74,39,4,147,111,75,40,5,148,112,76,41,6,149,113,77,42,7,150,114,78,43,8,151,115,79,44,9,152,116,45,80,10,153,117,46,81,11,154,118,47,82,12,155,119,48,83,13,156,120,49,84,14,157,121,50,85,15,158,122,51,86,16,159,123,52,87,17,160,124,53,88,18,161,125,54,89,19,162,126,55,90,20,163,127,56,91,21,164,128,57,92,22,165,129,58,93,23,166,130,59,94,24,167,131,60,95,25,168,132,61,96,26,169,133,62,97,27,170,134,63,98,28,171,135,64,99,29,172,136,65,100,30,173,137,66,101,31,174,138,67,102,32,175,139,68,103,33,176,140,69,104,34,177,141,70,105,35,178,142,71,106,36,179,143,107,
5,180,145,109,73,37,2,1,146,110,74,38,3,147,111,75,39,4,148,112,76,40,5,149,113,77,41,6,150,114,78,42,7,151,115,79,43,8,152,116,80,44,9,153,117,45,81,10,154,118,46,82,11,155,119,47,83,12,156,120,48,84,13,157,121,49,85,14,158,122,50,86,15,159,123,51,87,16,160,124,52,88,17,161,125,53,89,18,162,126,90,54,19,163,127,91,55,20,164,128,92,56,21,165,129,93,57,22,166,130,94,58,23,167,131,95,59,24,168,132,96,60,25,169,133,97,61,26,170,134,98,62,27,171,135,99,63,28,172,136,100,64,29,173,137,101,65,30,174,138,102,66,31,175,139,103,67,32,176,140,104,68,33,177,141,105,69,34,178,142,106,70,35,179,143,107,71,36,180,144,108,72,
5,181,146,110,74,38,2,1,147,111,75,39,3,148,112,76,40,4,149,113,77,41,5,150,114,78,42,6,151,115,79,43,7,152,116,80,44,8,153,117,81,45,9,154,118,82,46,10,155,119,83,47,11,156,120,84,48,12,157,121,85,49,13,158,122,86,50,14,159,123,87,51,15,160,124,88,52,16,161,125,89,53,17,162,126,90,54,18,163,127,91,55,19,164,128,92,56,20,165,129,93,57,21,166,130,94,58,22,167,131,95,59,23,168,132,96,60,24,169,133,97,61,25,170,134,98,62,26,171,135,99,63,27,172,136,100,64,28,173,137,101,65,29,174,138,102,66,30,175,139,103,67,31,176,140,104,68,32,177,141,105,69,33,178,142,106,70,34,179,143,107,71,35,180,144,108,72,36,181,145,109,73,37,
5,182,147,110,74,38,2,1,148,111,75,39,3,149,112,76,40,4,150,113,77,41,5,151,114,78,42,6,152,115,79,43,7,153,116,80,44,8,154,117,81,45,9,155,118,82,46,10,156,119,83,47,11,157,120,84,48,12,158,121,85,49,13,159,122,86,50,14,160,123,87,51,15,161,124,88,52,16,162,125,89,53,17,163,126,90,54,18,164,127,91,55,19,165,128,92,56,20,166,129,93,57,21,167,130,94,58,22,168,131,95,59,23,169,132,96,60,24,170,133,97,61,25,171,134,98,62,26,172,135,99,63,27,173,136,100,64,28,174,137,101,65,29,175,138,102,66,30,176,139,103,67,31,177,140,104,68,32,178,141,105,69,33,179,142,106,70,34,180,143,107,71,35,181,144,108,72,36,182,145,109,73,37,146,
5,183,147,110,74,38,2,1,148,111,75,39,3,149,112,76,40,4,150,113,77,41,5,151,114,78,42,6,152,115,79,43,7,153,116,80,44,8,154,117,81,45,9,155,118,82,46,10,156,119,83,47,11,157,120,84,48,12,158,121,85,49,13,159,122,86,50,14,160,123,87,51,15,161,124,88,52,16,162,125,89,53,17,163,126,90,54,18,164,127,91,55,19,165,128,92,56,20,166,129,93,57,21,167,130,94,58,22,168,131,95,59,23,169,132,96,60,24,170,133,97,61,25,171,134,98,62,26,172,135,99,63,27,173,136,100,64,28,174,137,101,65,29,175,138,102,66,30,176,139,103,67,31,177,140,104,68,32,178,141,105,69,33,179,142,106,70,34,180,143,107,71,35,181,144,108,72,36,182,145,109,73,37,183,146,
5,184,148,111,74,38,2,1,149,112,75,39,3,150,113,76,40,4,151,114,77,41,5,152,115,78,42,6,153,116,79,43,7,154,117,80,44,8,155,118,81,45,9,156,119,82,46,10,157,120,83,47,11,158,121,84,48,12,159,122,85,49,13,160,123,86,50,14,161,124,87,51,15,162,125,88,52,16,163,126,89,53,17,164,127,90,54,18,165,128,91,55,19,166,129,92,56,20,167,130,93,57,21,168,131,94,58,22,169,132,95,59,23,170,133,96,60,24,171,134,97,61,25,172,135,98,62,26,173,136,99,63,27,174,137,100,64,28,138,175,101,65,29,139,176,102,66,30,140,177,103,67,31,141,178,104,68,32,142,179,105,69,33,143,180,106,70,34,144,181,107,71,35,145,182,108,72,36,146,183,109,73,37,147,184,110,
5,185,149,112,75,38,2,1,150,113,76,39,3,151,114,77,40,4,152,115,78,41,5,153,116,79,42,6,154,117,80,43,7,155,118,81,44,8,156,119,82,45,9,157,120,83,46,10,158,121,84,47,11,159,122,85,48,12,160,123,86,49,13,161,124,87,50,14,162,125,88,51,15,163,126,89,52,16,164,127,90,53,17,165,128,91,54,18,166,129,92,55,19,167,130,93,56,20,168,131,94,57,21,169,132,95,58,22,170,133,96,59,23,171,134,97,60,24,172,135,98,61,25,173,136,99,62,26,174,137,100,63,27,175,138,101,64,28,176,139,102,65,29,177,140,103,66,30,178,141,104,67,31,179,142,105,68,32,180,143,106,69,33,181,144,107,70,34,182,145,108,71,35,183,146,109,72,36,184,147,110,73,37,185,148,111,74,
5,186,150,113,76,39,2,1,151,114,77,40,3,152,115,78,41,4,153,116,79,42,5,154,117,80,43,6,155,118,81,44,7,156,119,82,45,8,157,120,83,46,9,158,121,84,47,10,159,122,85,48,11,160,123,86,49,12,161,124,87,50,13,162,125,88,51,14,163,126,89,52,15,164,127,90,53,16,165,128,91,54,17,166,129,92,55,18,167,130,93,56,19,168,94,131,57,20,169,95,132,58,21,170,96,133,59,22,171,97,134,60,23,172,98,135,61,24,173,99,136,62,25,174,100,137,63,26,175,101,138,64,27,176,102,139,65,28,177,103,140,66,29,178,104,141,67,30,179,105,142,68,31,180,106,143,69,32,181,107,144,70,33,182,108,145,71,34,183,109,146,72,35,184,110,147,73,36,185,111,148,74,37,186,112,149,75,38,
5,187,151,113,76,39,2,1,152,114,77,40,3,153,115,78,41,4,154,116,79,42,5,155,117,80,43,6,156,118,81,44,7,157,119,82,45,8,158,120,83,46,9,159,121,84,47,10,160,122,85,48,11,161,123,86,49,12,162,124,87,50,13,163,125,88,51,14,164,126,89,52,15,165,127,90,53,16,166,128,91,54,17,167,129,92,55,18,168,130,93,56,19,169,94,131,57,20,170,95,132,58,21,171,96,133,59,22,172,97,134,60,23,173,98,135,61,24,174,99,136,62,25,175,100,137,63,26,176,101,138,64,27,177,102,139,65,28,178,103,140,66,29,179,104,141,67,30,180,105,142,68,31,181,106,143,69,32,182,107,144,70,33,183,108,145,71,34,184,109,146,72,35,185,110,147,73,36,186,111,148,74,37,187,112,149,75,38,150,
5,188,151,113,76,39,2,1,152,114,77,40,3,153,115,78,41,4,154,116,79,42,5,155,117,80,43,6,156,118,81,44,7,157,119,82,45,8,158,120,83,46,9,159,121,84,47,10,160,122,85,48,11,161,123,86,49,12,162,124,87,50,13,163,125,88,51,14,164,126,89,52,15,165,127,90,53,16,166,128,91,54,17,167,129,92,55,18,168,130,93,56,19,169,94,131,57,20,170,95,132,58,21,171,96,133,59,22,172,97,134,60,23,173,98,135,61,24,174,99,136,62,25,175,100,137,63,26,176,101,138,64,27,177,102,139,65,28,178,103,140,66,29,179,104,141,67,30,180,105,142,68,31,181,106,143,69,32,182,107,144,70,33,183,108,145,71,34,184,109,146,72,35,185,110,147,73,36,186,111,148,74,37,187,112,149,75,38,188,150,
5,189,152,114,76,39,2,1,153,115,77,40,3,154,116,78,41,4,155,117,79,42,5,156,118,80,43,6,157,119,81,44,7,158,120,82,45,8,159,121,83,46,9,160,122,84,47,10,161,123,85,48,11,162,124,86,49,12,163,125,87,50,13,164,126,88,51,14,165,127,89,52,15,166,128,90,53,16,167,129,91,54,17,168,130,92,55,18,169,131,93,56,19,170,94,132,57,20,171,95,133,58,21,172,96,134,59,22,173,97,135,60,23,174,98,136,61,24,175,99,137,62,25,176,100,138,63,26,177,101,139,64,27,178,102,140,65,28,179,103,141,66,29,180,104,142,67,30,181,105,143,68,31,182,106,144,69,32,183,107,145,70,33,184,108,146,71,34,185,109,147,72,35,186,110,148,73,36,187,111,149,74,37,188,112,150,75,38,189,113,151,
5,190,153,115,77,39,2,1,154,116,78,40,3,155,117,79,41,4,156,118,80,42,5,157,119,81,43,6,158,120,82,44,7,159,121,83,45,8,160,122,84,46,9,161,123,85,47,10,162,124,86,48,11,163,125,87,49,12,164,126,88,50,13,165,127,89,51,14,166,128,90,52,15,167,129,91,53,16,168,130,92,54,17,169,131,93,55,18,170,132,94,56,19,171,133,95,57,20,172,134,96,58,21,173,135,97,59,22,174,136,98,60,23,175,137,99,61,24,176,138,100,62,25,177,139,101,63,26,178,140,102,64,27,179,141,103,65,28,180,142,104,66,29,143,181,105,67,30,144,182,106,68,31,145,183,107,69,32,146,184,108,70,33,147,185,109,71,34,148,186,110,72,35,149,187,111,73,36,150,188,112,74,37,151,189,113,75,38,152,190,114,76,
5,191,154,116,78,40,2,1,155,117,79,41,3,156,118,80,42,4,157,119,81,43,5,158,120,82,44,6,159,121,83,45,7,160,122,84,46,8,161,123,85,47,9,162,124,86,48,10,163,125,87,49,11,164,126,88,50,12,165,127,89,51,13,166,128,90,52,14,167,129,91,53,15,168,130,92,54,16,169,131,93,55,17,170,132,94,56,18,171,133,95,57,19,172,134,96,58,20,173,135,97,59,21,174,136,98,60,22,175,137,99,61,23,176,138,100,62,24,177,139,101,63,25,178,140,102,64,26,179,141,103,65,27,180,142,104,66,28,181,143,105,67,29,182,144,106,68,30,183,145,107,69,31,184,146,108,70,32,185,147,109,71,33,186,148,110,72,34,187,149,111,73,35,188,150,112,74,36,189,151,113,75,37,190,152,114,76,38,191,153,115,77,39,
5,192,155,116,78,40,2,1,156,117,79,41,3,157,118,80,42,4,158,119,81,43,5,159,120,82,44,6,160,121,83,45,7,161,122,84,46,8,162,123,85,47,9,163,124,86,48,10,164,125,87,49,11,165,126,88,50,12,166,127,89,51,13,167,128,90,52,14,168,129,91,53,15,169,130,92,54,16,170,131,93,55,17,171,132,94,56,18,172,133,95,57,19,173,134,96,58,20,174,135,97,59,21,175,136,98,60,22,176,137,99,61,23,177,138,100,62,24,178,139,101,63,25,179,140,102,64,26,180,141,103,65,27,181,142,104,66,28,182,143,105,67,29,183,144,106,68,30,184,145,107,69,31,185,146,108,70,32,186,147,109,71,33,187,148,110,72,34,188,149,111,73,35,189,150,112,74,36,190,151,113,75,37,191,152,114,76,38,192,153,115,77,39,154,
5,193,155,116,78,40,2,1,156,117,79,41,3,157,118,80,42,4,158,119,81,43,5,159,120,82,44,6,160,121,83,45,7,161,122,84,46,8,162,123,85,47,9,163,124,86,48,10,164,125,87,49,11,165,126,88,50,12,166,127,89,51,13,167,128,90,52,14,168,129,91,53,15,169,130,92,54,16,170,131,93,55,17,171,132,94,56,18,172,133,95,57,19,173,134,96,58,20,174,135,97,59,21,175,136,98,60,22,176,137,99,61,23,177,138,100,62,24,178,139,101,63,25,179,140,102,64,26,180,141,103,65,27,181,142,104,66,28,182,143,105,67,29,183,144,106,68,30,184,145,107,69,31,185,146,108,70,32,186,147,109,71,33,187,148,110,72,34,188,149,111,73,35,189,150,112,74,36,190,151,113,75,37,191,152,114,76,38,192,153,115,77,39,193,154,
5,194,156,117,78,40,2,1,157,118,79,41,3,158,119,80,42,4,159,120,81,43,5,160,121,82,44,6,161,122,83,45,7,162,123,84,46,8,163,124,85,47,9,164,125,86,48,10,165,126,87,49,11,166,127,88,50,12,167,128,89,51,13,168,129,90,52,14,169,130,91,53,15,170,131,92,54,16,171,132,93,55,17,172,133,94,56,18,173,134,95,57,19,174,135,96,58,20,175,136,97,59,21,176,137,98,60,22,177,138,99,61,23,178,139,100,62,24,179,140,101,63,25,180,141,102,64,26,181,142,103,65,27,182,143,104,66,28,183,144,105,67,29,184,145,106,68,30,185,146,107,69,31,186,147,108,70,32,187,148,109,71,33,188,149,110,72,34,189,150,111,73,35,190,151,112,74,36,191,152,113,75,37,192,153,114,76,38,193,154,115,77,39,194,155,116,
5,195,157,118,79,40,2,1,158,119,80,41,3,159,120,81,42,4,160,121,82,43,5,161,122,83,44,6,162,123,84,45,7,163,124,85,46,8,164,125,86,47,9,165,126,87,48,10,166,127,88,49,11,167,128,89,50,12,168,129,90,51,13,169,130,91,52,14,170,131,92,53,15,171,132,93,54,16,172,133,94,55,17,173,134,95,56,18,174,135,96,57,19,175,136,97,58,20,176,137,98,59,21,177,138,99,60,22,178,139,100,61,23,179,140,101,62,24,180,141,102,63,25,181,142,103,64,26,182,143,104,65,27,183,144,105,66,28,184,145,106,67,29,185,146,107,68,30,186,147,108,69,31,187,148,109,70,32,188,149,110,71,33,189,150,111,72,34,190,151,112,73,35,191,152,113,74,36,192,153,114,75,37,193,154,115,76,38,194,155,116,77,39,195,156,117,78,
5,196,158,119,80,41,2,1,159,120,81,42,3,160,121,82,43,4,161,122,83,44,5,162,123,84,45,6,163,124,85,46,7,164,125,86,47,8,165,126,87,48,9,166,127,88,49,10,167,128,50,89,11,168,129,51,90,12,169,130,52,91,13,170,131,53,92,14,171,132,54,93,15,172,133,55,94,16,173,134,56,95,17,174,135,57,96,18,175,136,58,97,19,176,137,59,98,20,177,138,60,99,21,178,139,61,100,22,179,140,62,101,23,180,141,63,102,24,181,142,64,103,25,182,143,65,104,26,183,144,66,105,27,184,145,67,106,28,185,146,68,107,29,186,147,69,108,30,148,187,70,109,31,149,188,71,110,32,150,189,72,111,33,151,190,73,112,34,152,191,74,113,35,153,192,75,114,36,154,193,76,115,37,155,194,77,116,38,156,195,78,117,39,157,196,79,118,40,
5,197,159,119,80,41,2,1,160,120,81,42,3,161,121,82,43,4,162,122,83,44,5,163,123,84,45,6,164,124,85,46,7,165,125,86,47,8,166,126,87,48,9,167,127,88,49,10,168,128,50,89,11,169,129,51,90,12,170,130,52,91,13,171,131,53,92,14,172,132,54,93,15,173,133,55,94,16,174,134,56,95,17,175,135,57,96,18,176,136,58,97,19,177,137,59,98,20,178,138,60,99,21,179,139,61,100,22,180,140,62,101,23,181,141,63,102,24,182,142,64,103,25,183,143,65,104,26,184,144,66,105,27,185,145,67,106,28,186,146,68,107,29,187,147,69,108,30,148,188,70,109,31,149,189,71,110,32,150,190,72,111,33,151,191,73,112,34,152,192,74,113,35,153,193,75,114,36,154,194,76,115,37,155,195,77,116,38,156,196,78,117,39,157,197,79,118,40,158,
5,198,160,120,80,41,2,1,161,121,81,42,3,162,122,82,43,4,163,123,83,44,5,164,124,84,45,6,165,125,85,46,7,166,126,86,47,8,167,127,87,48,9,168,128,88,49,10,169,129,50,89,11,170,130,51,90,12,171,131,52,91,13,172,132,53,92,14,173,133,54,93,15,174,134,55,94,16,175,135,56,95,17,176,136,57,96,18,177,137,58,97,19,178,138,59,98,20,179,139,60,99,21,180,140,61,100,22,181,141,62,101,23,182,142,63,102,24,183,143,64,103,25,184,144,65,104,26,185,145,66,105,27,186,146,67,106,28,187,147,68,107,29,188,148,69,108,30,149,189,70,109,31,150,190,71,110,32,151,191,72,111,33,152,192,73,112,34,153,193,74,113,35,154,194,75,114,36,155,195,76,115,37,156,196,77,116,38,157,197,78,117,39,158,198,79,118,40,159,119,
5,199,160,120,80,41,2,1,161,121,81,42,3,162,122,82,43,4,163,123,83,44,5,164,124,84,45,6,165,125,85,46,7,166,126,86,47,8,167,127,87,48,9,168,128,88,49,10,169,129,50,89,11,170,130,51,90,12,171,131,52,91,13,172,132,53,92,14,173,133,54,93,15,174,134,55,94,16,175,135,56,95,17,176,136,57,96,18,177,137,58,97,19,178,138,59,98,20,179,139,60,99,21,180,140,61,100,22,181,141,62,101,23,182,142,63,102,24,183,143,64,103,25,184,144,65,104,26,185,145,66,105,27,186,146,67,106,28,187,147,68,107,29,188,148,69,108,30,189,149,70,109,31,190,150,71,110,32,191,151,72,111,33,192,152,73,112,34,193,153,74,113,35,194,154,75,114,36,195,155,76,115,37,196,156,77,116,38,197,157,78,117,39,198,158,79,118,40,199,159,119,
5,200,161,121,81,41,2,1,162,122,82,42,3,163,123,83,43,4,164,124,84,44,5,165,125,85,45,6,166,126,86,46,7,167,127,87,47,8,168,128,88,48,9,169,129,89,49,10,170,130,50,90,11,171,131,51,91,12,172,132,52,92,13,173,133,53,93,14,174,134,54,94,15,175,135,55,95,16,176,136,56,96,17,177,137,57,97,18,178,138,58,98,19,179,139,59,99,20,180,140,100,60,21,181,141,101,61,22,182,142,102,62,23,183,143,103,63,24,184,144,104,64,25,185,145,105,65,26,186,146,106,66,27,187,147,107,67,28,188,148,108,68,29,189,149,109,69,30,190,150,110,70,31,191,151,111,71,32,192,152,112,72,33,193,153,113,73,34,194,154,114,74,35,195,155,115,75,36,196,156,116,76,37,197,157,117,77,38,198,158,118,78,39,199,159,119,79,40,200,160,120,80,
