7,11,10,8,6,5,4,3,2,1,11,9,7,
7,12,11,9,7,5,4,3,2,1,10,12,8,6,
7,13,12,10,8,6,4,3,2,1,13,11,9,7,5,
7,14,13,11,9,5,7,3,2,1,14,12,10,6,8,4,
7,15,14,12,10,8,6,4,2,1,15,11,13,9,7,5,3,
7,16,15,12,10,8,6,4,2,1,16,11,13,9,7,5,3,14,
7,17,15,12,10,8,6,4,2,1,16,11,13,9,7,5,3,17,14,
7,18,16,13,10,8,6,4,2,1,17,11,14,9,7,5,3,18,12,15,
7,19,17,14,11,8,6,4,2,1,18,15,12,9,7,5,3,19,16,13,10,
7,20,18,15,12,9,6,4,2,1,19,16,13,10,7,5,3,17,20,14,11,8,
7,21,19,16,13,10,7,4,2,1,20,17,14,11,8,5,3,21,18,15,12,9,6,
7,22,20,17,14,11,8,5,2,1,21,18,12,15,9,6,3,22,19,13,16,10,7,4,
7,23,21,17,14,11,8,5,2,1,22,18,12,15,9,6,3,23,19,13,16,10,7,4,20,
7,24,21,17,14,11,8,5,2,1,22,18,12,15,9,6,3,23,19,13,16,10,7,4,24,20,
7,25,22,18,14,11,8,5,2,1,23,19,12,15,9,6,3,24,20,13,16,10,7,4,25,21,17,
7,26,23,19,15,11,8,5,2,1,24,20,12,16,9,6,3,25,21,13,17,10,7,4,26,22,14,18,
7,27,24,20,16,12,8,5,2,1,25,21,17,13,9,6,3,26,18,22,14,10,7,4,27,19,23,15,11,
7,28,25,21,17,13,9,5,2,1,26,22,18,14,10,6,3,27,23,19,15,11,7,4,24,28,20,16,12,8,
7,29,26,22,18,14,6,10,2,1,27,23,19,15,7,11,3,28,24,20,16,8,12,4,29,25,21,17,9,13,5,
7,30,27,22,18,14,6,10,2,1,28,23,19,15,7,11,3,29,24,20,16,8,12,4,30,25,21,17,9,13,5,26,
7,31,27,22,18,14,6,10,2,1,28,23,19,15,7,11,3,29,24,20,16,8,12,4,30,25,21,17,9,13,5,31,26,
7,32,28,23,18,14,6,10,2,1,29,24,19,15,7,11,3,30,25,20,16,8,12,4,31,26,21,17,9,13,5,32,27,22,
7,33,29,24,19,14,6,10,2,1,30,25,20,15,7,11,3,31,26,21,16,8,12,4,32,27,22,17,9,13,5,33,28,23,18,
7,34,30,25,20,15,6,10,2,1,31,26,21,16,7,11,3,32,27,22,17,8,12,4,33,28,23,18,9,13,5,34,29,24,19,14,
7,35,31,26,21,16,6,11,2,1,32,27,22,17,7,12,3,33,28,23,18,8,13,4,34,29,24,19,9,14,5,35,30,25,20,10,15,
7,36,32,27,22,17,12,7,2,1,33,28,23,13,18,8,3,34,29,24,14,19,9,4,35,25,30,15,20,10,5,36,26,31,16,21,11,6,
7,37,33,27,22,17,12,7,2,1,34,28,23,13,18,8,3,35,29,24,14,19,9,4,36,25,30,15,20,10,5,37,26,31,16,21,11,6,32,
7,38,33,27,22,17,12,7,2,1,34,28,23,13,18,8,3,35,29,24,14,19,9,4,36,25,30,15,20,10,5,37,26,31,16,21,11,6,38,32,
7,39,34,28,22,17,12,7,2,1,35,29,23,13,18,8,3,36,30,24,14,19,9,4,37,25,31,15,20,10,5,38,32,26,16,21,11,6,39,33,27,
7,40,35,29,23,17,12,7,2,1,36,30,24,13,18,8,3,37,31,25,14,19,9,4,38,32,26,15,20,10,5,39,33,27,16,21,11,6,40,34,28,22,
7,41,36,30,24,18,12,7,2,1,37,31,25,13,19,8,3,38,32,26,20,14,9,4,39,33,27,21,15,10,5,40,34,28,22,16,11,6,41,35,29,23,17,
7,42,37,31,25,19,13,7,2,1,38,32,26,20,14,8,3,39,33,27,21,15,9,4,40,34,28,22,16,10,5,41,35,29,23,17,11,6,42,36,30,24,18,12,
7,43,38,32,26,20,14,8,2,1,39,33,27,21,15,9,3,40,34,28,22,16,10,4,41,35,29,23,17,11,5,42,36,30,24,18,12,6,43,37,31,25,19,13,7,
7,44,39,32,26,20,14,8,2,1,40,33,27,21,15,9,3,41,34,28,22,16,10,4,42,35,29,23,17,11,5,43,36,30,24,18,12,6,44,37,31,25,19,13,7,38,
7,45,39,32,26,20,14,8,2,1,40,33,27,21,15,9,3,41,34,28,22,16,10,4,42,35,29,23,17,11,5,43,36,30,24,18,12,6,44,37,31,25,19,13,7,45,38,
7,46,40,33,26,20,14,8,2,1,41,34,27,21,15,9,3,42,35,28,22,16,10,4,43,36,29,23,17,11,5,44,37,30,24,18,12,6,38,45,31,25,19,13,7,39,46,32,
7,47,41,34,27,20,14,8,2,1,42,35,28,21,15,9,3,43,36,29,22,16,10,4,44,37,30,23,17,11,5,45,38,31,24,18,12,6,46,39,32,25,19,13,7,47,40,33,26,
7,48,42,35,28,21,14,8,2,1,43,36,29,22,15,9,3,44,37,30,23,16,10,4,45,38,31,24,17,11,5,46,32,39,25,18,12,6,47,33,40,26,19,13,7,48,34,41,27,20,
7,49,43,36,29,22,15,8,2,1,44,37,30,23,16,9,3,45,38,31,24,17,10,4,46,39,32,25,18,11,5,47,40,33,26,19,12,6,48,41,34,27,20,13,7,49,42,35,28,21,14,
7,50,44,37,30,23,16,9,2,1,45,38,31,24,17,10,3,46,39,32,25,18,11,4,47,40,26,33,19,12,5,48,41,27,34,20,13,6,49,42,28,35,21,14,7,50,43,29,36,22,15,8,
7,51,45,37,30,23,16,9,2,1,46,38,31,24,17,10,3,47,39,32,25,18,11,4,48,40,26,33,19,12,5,49,41,27,34,20,13,6,50,42,28,35,21,14,7,51,43,29,36,22,15,8,44,
7,52,45,37,30,23,16,9,2,1,46,38,31,24,17,10,3,47,39,32,25,18,11,4,48,40,26,33,19,12,5,49,41,27,34,20,13,6,50,42,28,35,21,14,7,51,43,29,36,22,15,8,52,44,
7,53,46,38,30,23,16,9,2,1,47,39,31,24,17,10,3,48,40,32,25,18,11,4,49,41,26,33,19,12,5,50,42,27,34,20,13,6,51,43,28,35,21,14,7,52,44,29,36,22,15,8,53,45,37,
7,54,47,39,31,23,16,9,2,1,48,40,32,24,17,10,3,49,41,33,25,18,11,4,50,42,26,34,19,12,5,51,43,27,35,20,13,6,52,44,28,36,21,14,7,45,53,29,37,22,15,8,46,54,30,38,
7,55,48,40,32,24,16,9,2,1,49,41,33,25,17,10,3,50,42,34,26,18,11,4,51,43,35,27,19,12,5,52,44,36,28,20,13,6,53,45,37,29,21,14,7,54,46,38,30,22,15,8,55,47,39,31,23,
7,56,49,41,33,25,17,9,2,1,50,42,34,26,18,10,3,51,43,35,27,19,11,4,52,44,36,28,20,12,5,53,45,37,29,21,13,6,54,46,38,30,22,14,7,55,47,39,31,23,15,8,56,48,40,32,24,16,
7,57,50,42,34,26,18,10,2,1,51,43,35,27,19,11,3,52,44,36,20,28,12,4,53,45,37,21,29,13,5,54,46,38,22,30,14,6,55,39,47,23,31,15,7,56,40,48,24,32,16,8,57,41,49,25,33,17,9,
7,58,51,42,34,26,18,10,2,1,52,43,35,27,19,11,3,53,44,36,20,28,12,4,54,45,37,21,29,13,5,55,46,38,22,30,14,6,56,39,47,23,31,15,7,57,40,48,24,32,16,8,58,41,49,25,33,17,9,50,
7,59,51,42,34,26,18,10,2,1,52,43,35,27,19,11,3,53,44,36,20,28,12,4,54,45,37,21,29,13,5,55,46,38,22,30,14,6,56,39,47,23,31,15,7,57,40,48,24,32,16,8,58,41,49,25,33,17,9,59,50,
7,60,52,43,34,26,18,10,2,1,53,44,35,27,19,11,3,54,45,36,20,28,12,4,55,46,37,21,29,13,5,56,47,38,22,30,14,6,57,39,48,23,31,15,7,58,40,49,24,32,16,8,59,41,50,25,33,17,9,60,42,51,
7,61,53,44,35,26,18,10,2,1,54,45,36,27,19,11,3,55,46,37,20,28,12,4,56,47,38,21,29,13,5,57,48,39,22,30,14,6,58,49,40,23,31,15,7,59,50,41,24,32,16,8,60,51,42,25,33,17,9,61,52,43,34,
7,62,54,45,36,27,18,10,2,1,55,46,37,28,19,11,3,56,47,38,20,29,12,4,57,48,39,21,30,13,5,58,49,40,22,31,14,6,59,50,41,23,32,15,7,60,51,42,24,33,16,8,52,61,43,25,34,17,9,53,62,44,26,35,
7,63,55,46,37,28,19,10,2,1,56,47,38,29,20,11,3,57,48,39,30,21,12,4,58,49,40,31,22,13,5,59,50,41,32,23,14,6,60,51,42,33,24,15,7,61,52,43,34,25,16,8,62,53,44,35,26,17,9,63,54,45,36,27,18,
7,64,56,47,38,29,20,11,2,1,57,48,39,30,21,12,3,58,49,40,31,22,13,4,59,50,41,32,23,14,5,60,51,33,42,24,15,6,61,52,34,43,25,16,7,62,53,35,44,26,17,8,63,54,36,45,27,18,9,64,55,37,46,28,19,10,
7,65,57,47,38,29,20,11,2,1,58,48,39,30,21,12,3,59,49,40,31,22,13,4,60,50,41,32,23,14,5,61,51,33,42,24,15,6,62,52,34,43,25,16,7,63,53,35,44,26,17,8,64,54,36,45,27,18,9,65,55,37,46,28,19,10,56,
7,66,57,47,38,29,20,11,2,1,58,48,39,30,21,12,3,59,49,40,31,22,13,4,60,50,41,32,23,14,5,61,51,33,42,24,15,6,62,52,34,43,25,16,7,63,53,35,44,26,17,8,64,54,36,45,27,18,9,65,55,37,46,28,19,10,66,56,
7,67,58,48,38,29,20,11,2,1,59,49,39,30,21,12,3,60,50,40,31,22,13,4,61,51,41,32,23,14,5,62,52,33,42,24,15,6,63,53,34,43,25,16,7,64,54,35,44,26,17,8,65,55,36,45,27,18,9,66,56,37,46,28,19,10,67,57,47,
7,68,59,49,39,29,20,11,2,1,60,50,40,30,21,12,3,61,51,41,31,22,13,4,62,52,42,32,23,14,5,63,53,33,43,24,15,6,64,54,34,44,25,16,7,65,55,35,45,26,17,8,66,56,36,46,27,18,9,67,57,37,47,28,19,10,68,58,38,48,
7,69,60,50,40,30,20,11,2,1,61,51,41,31,21,12,3,62,52,42,32,22,13,4,63,53,43,33,23,14,5,64,54,44,34,24,15,6,65,55,45,35,25,16,7,66,46,56,36,26,17,8,67,47,57,37,27,18,9,68,48,58,38,28,19,10,69,49,59,39,29,
7,70,61,51,41,31,21,11,2,1,62,52,42,32,22,12,3,63,53,43,33,23,13,4,64,54,44,34,24,14,5,65,55,45,35,25,15,6,66,56,46,36,26,16,7,67,57,47,37,27,17,8,68,58,48,38,28,18,9,59,69,49,39,29,19,10,60,70,50,40,30,20,
7,71,62,52,42,32,22,12,2,1,63,53,43,33,23,13,3,64,54,44,34,24,14,4,65,55,45,35,25,15,5,66,56,46,36,26,16,6,67,57,47,37,27,17,7,68,58,48,38,28,18,8,69,59,49,39,29,19,9,70,60,50,40,30,20,10,71,61,51,41,31,21,11,
7,72,63,52,42,32,22,12,2,1,64,53,43,33,23,13,3,65,54,44,34,24,14,4,66,55,45,35,25,15,5,67,56,46,36,26,16,6,68,57,47,37,27,17,7,69,58,48,38,28,18,8,70,59,49,39,29,19,9,71,60,50,40,30,20,10,72,61,51,41,31,21,11,62,
7,73,63,52,42,32,22,12,2,1,64,53,43,33,23,13,3,65,54,44,34,24,14,4,66,55,45,35,25,15,5,67,56,46,36,26,16,6,68,57,47,37,27,17,7,69,58,48,38,28,18,8,70,59,49,39,29,19,9,71,60,50,40,30,20,10,72,61,51,41,31,21,11,73,62,
7,74,64,53,42,32,22,12,2,1,65,54,43,33,23,13,3,66,55,44,34,24,14,4,67,56,45,35,25,15,5,68,57,46,36,26,16,6,69,58,47,37,27,17,7,70,59,48,38,28,18,8,71,60,49,39,29,19,9,72,61,50,40,30,20,10,73,62,51,41,31,21,11,74,63,52,
7,75,65,54,43,32,22,12,2,1,66,55,44,33,23,13,3,67,56,45,34,24,14,4,68,57,46,35,25,15,5,69,58,47,36,26,16,6,70,59,48,37,27,17,7,71,60,49,38,28,18,8,72,61,50,39,29,19,9,73,62,51,40,30,20,10,74,63,52,41,31,21,11,75,64,53,42,
7,76,66,55,44,33,22,12,2,1,67,56,45,34,23,13,3,68,57,46,35,24,14,4,69,58,47,36,25,15,5,70,59,48,37,26,16,6,71,60,49,38,27,17,7,72,61,50,39,28,18,8,73,62,51,40,29,19,9,74,63,52,41,30,20,10,75,64,53,42,31,21,11,76,65,54,43,32,
7,77,67,56,45,34,23,12,2,1,68,57,46,35,24,13,3,69,58,47,36,25,14,4,70,59,48,37,26,15,5,71,60,49,38,27,16,6,72,61,50,39,28,17,7,73,62,51,40,29,18,8,74,63,52,41,30,19,9,75,64,53,42,31,20,10,76,65,54,43,32,21,11,77,66,55,44,33,22,
7,78,68,57,46,35,24,13,2,1,69,58,47,36,14,25,3,70,59,48,37,15,26,4,71,60,49,38,16,27,5,72,61,50,39,17,28,6,73,62,40,51,18,29,7,74,63,41,52,19,30,8,75,64,42,53,20,31,9,76,65,43,54,21,32,10,66,77,44,55,22,33,11,67,78,45,56,23,34,12,
7,79,69,57,46,35,24,13,2,1,70,58,47,36,14,25,3,71,59,48,37,15,26,4,72,60,49,38,16,27,5,73,61,50,39,17,28,6,74,62,40,51,18,29,7,75,63,41,52,19,30,8,76,64,42,53,20,31,9,77,65,43,54,21,32,10,66,78,44,55,22,33,11,67,79,45,56,23,34,12,68,
7,80,70,58,46,35,24,13,2,1,71,59,47,36,14,25,3,72,60,48,37,15,26,4,73,61,49,38,16,27,5,74,62,50,39,17,28,6,75,63,40,51,18,29,7,76,64,41,52,19,30,8,77,65,42,53,20,31,9,78,66,43,54,21,32,10,67,79,44,55,22,33,11,68,80,45,56,23,34,12,69,57,
7,81,70,58,46,35,24,13,2,1,71,59,47,36,14,25,3,72,60,48,37,15,26,4,73,61,49,38,16,27,5,74,62,50,39,17,28,6,75,63,40,51,18,29,7,76,64,41,52,19,30,8,77,65,42,53,20,31,9,78,66,43,54,21,32,10,79,67,44,55,22,33,11,80,68,45,56,23,34,12,81,69,57,
7,82,71,59,47,35,24,13,2,1,72,60,48,36,14,25,3,73,61,49,37,15,26,4,74,62,50,38,16,27,5,75,63,51,39,17,28,6,76,64,40,52,18,29,7,77,65,41,53,19,30,8,78,66,54,42,20,31,9,79,67,55,43,21,32,10,80,68,56,44,22,33,11,81,69,57,45,23,34,12,82,70,58,46,
7,83,72,60,48,36,24,13,2,1,73,61,49,37,14,25,3,74,62,50,38,15,26,4,75,63,51,39,16,27,5,76,64,52,40,17,28,6,77,65,53,41,18,29,7,78,66,54,42,19,30,8,79,67,55,43,20,31,9,80,68,56,44,21,32,10,81,69,57,45,22,33,11,82,70,58,46,23,34,12,83,71,59,47,35,
7,84,73,61,49,37,25,13,2,1,74,62,50,38,14,26,3,75,63,51,39,15,27,4,76,64,52,40,28,16,5,77,65,53,41,29,17,6,78,66,54,42,30,18,7,79,67,55,43,31,19,8,80,68,56,44,32,20,9,81,69,57,45,33,21,10,82,70,58,46,34,22,11,83,71,59,47,35,23,12,84,72,60,48,36,24,
7,85,74,62,50,38,26,14,2,1,75,63,51,39,27,15,3,76,64,52,40,28,16,4,77,65,53,41,29,17,5,78,66,54,42,30,18,6,79,67,55,43,31,19,7,80,68,56,44,32,20,8,81,69,57,45,33,21,9,82,70,58,46,34,22,10,83,71,59,47,35,23,11,84,72,60,48,36,24,12,85,73,61,49,37,25,13,
7,86,75,62,50,38,26,14,2,1,76,63,51,39,27,15,3,77,64,52,40,28,16,4,78,65,53,41,29,17,5,79,66,54,42,30,18,6,80,67,55,43,31,19,7,81,68,56,44,32,20,8,82,69,57,45,33,21,9,83,70,58,46,34,22,10,84,71,59,47,35,23,11,85,72,60,48,36,24,12,86,73,61,49,37,25,13,74,
7,87,75,62,50,38,26,14,2,1,76,63,51,39,27,15,3,77,64,52,40,28,16,4,78,65,53,41,29,17,5,79,66,54,42,30,18,6,80,67,55,43,31,19,7,81,68,56,44,32,20,8,82,69,57,45,33,21,9,83,70,58,46,34,22,10,84,71,59,47,35,23,11,85,72,60,48,36,24,12,86,73,61,49,37,25,13,87,74,
7,88,76,63,50,38,26,14,2,1,77,64,51,39,27,15,3,78,65,52,40,28,16,4,79,66,53,41,29,17,5,80,67,54,42,30,18,6,81,68,55,43,31,19,7,82,69,56,44,32,20,8,83,70,57,45,33,21,9,84,71,58,46,34,22,10,85,72,59,47,35,23,11,73,86,60,48,36,24,12,74,87,61,49,37,25,13,75,88,62,
7,89,77,64,51,38,26,14,2,1,78,65,52,39,27,15,3,79,66,53,40,28,16,4,80,67,54,41,29,17,5,81,68,55,42,30,18,6,82,69,56,43,31,19,7,83,70,57,44,32,20,8,84,71,58,45,33,21,9,85,72,59,46,34,22,10,86,73,60,47,35,23,11,87,74,61,48,36,24,12,88,75,62,49,37,25,13,89,76,63,50,
7,90,78,65,52,39,26,14,2,1,79,66,53,40,27,15,3,80,67,54,41,28,16,4,81,68,55,42,29,17,5,82,69,56,43,30,18,6,83,70,57,44,31,19,7,84,71,58,45,32,20,8,85,72,59,46,33,21,9,86,60,73,47,34,22,10,87,61,74,48,35,23,11,88,62,75,49,36,24,12,89,63,76,50,37,25,13,90,64,77,51,38,
7,91,79,66,53,40,27,14,2,1,80,67,54,41,28,15,3,81,68,55,42,29,16,4,82,69,56,43,30,17,5,83,70,57,44,31,18,6,84,71,58,45,32,19,7,85,72,59,46,33,20,8,86,73,60,47,34,21,9,87,74,61,48,35,22,10,88,75,62,49,36,23,11,89,76,63,50,37,24,12,90,77,64,51,38,25,13,91,78,65,52,39,26,
7,92,80,67,54,41,28,15,2,1,81,68,55,42,29,16,3,82,69,56,43,30,17,4,83,70,57,44,31,18,5,84,71,58,45,32,19,6,85,72,59,46,33,20,7,86,73,47,60,34,21,8,87,74,48,61,35,22,9,88,75,49,62,36,23,10,89,76,50,63,37,24,11,90,77,51,64,38,25,12,91,78,52,65,39,26,13,92,79,53,66,40,27,14,
7,93,81,67,54,41,28,15,2,1,82,68,55,42,29,16,3,83,69,56,43,30,17,4,84,70,57,44,31,18,5,85,71,58,45,32,19,6,86,72,59,46,33,20,7,87,73,47,60,34,21,8,88,74,48,61,35,22,9,89,75,49,62,36,23,10,90,76,50,63,37,24,11,91,77,51,64,38,25,12,92,78,52,65,39,26,13,93,79,53,66,40,27,14,80,
7,94,81,67,54,41,28,15,2,1,82,68,55,42,29,16,3,83,69,56,43,30,17,4,84,70,57,44,31,18,5,85,71,58,45,32,19,6,86,72,59,46,33,20,7,87,73,47,60,34,21,8,88,74,48,61,35,22,9,89,75,49,62,36,23,10,90,76,50,63,37,24,11,91,77,51,64,38,25,12,92,78,52,65,39,26,13,93,79,53,66,40,27,14,94,80,
7,95,82,68,54,41,28,15,2,1,83,69,55,42,29,16,3,84,70,56,43,30,17,4,85,71,57,44,31,18,5,86,72,58,45,32,19,6,87,73,59,46,33,20,7,88,74,47,60,34,21,8,89,75,48,61,35,22,9,90,76,49,62,36,23,10,91,77,50,63,37,24,11,92,78,51,64,38,25,12,93,79,52,65,39,26,13,94,80,53,66,40,27,14,95,81,67,
7,96,83,69,55,41,28,15,2,1,84,70,56,42,29,16,3,85,71,57,43,30,17,4,86,72,58,44,31,18,5,87,73,59,45,32,19,6,88,74,60,46,33,20,7,89,75,47,61,34,21,8,90,76,48,62,35,22,9,91,77,49,63,36,23,10,92,78,50,64,37,24,11,93,79,51,65,38,25,12,80,94,52,66,39,26,13,81,95,53,67,40,27,14,82,96,54,68,
7,97,84,70,56,42,28,15,2,1,85,71,57,43,29,16,3,86,72,58,44,30,17,4,87,73,59,45,31,18,5,88,74,60,46,32,19,6,89,75,61,47,33,20,7,90,76,62,48,34,21,8,91,77,63,49,35,22,9,92,78,64,50,36,23,10,93,79,65,51,37,24,11,94,80,66,52,38,25,12,95,81,67,53,39,26,13,96,82,68,54,40,27,14,97,83,69,55,41,
7,98,85,71,57,43,29,15,2,1,86,72,58,44,30,16,3,87,73,59,45,31,17,4,88,74,60,46,32,18,5,89,75,61,47,33,19,6,90,76,62,48,34,20,7,91,77,63,49,35,21,8,92,78,64,50,36,22,9,93,79,65,51,37,23,10,94,80,66,52,38,24,11,95,81,67,53,39,25,12,96,82,68,54,40,26,13,97,83,69,55,41,27,14,98,84,70,56,42,28,
7,99,86,72,58,44,30,16,2,1,87,73,59,45,31,17,3,88,74,60,46,32,18,4,89,75,61,47,33,19,5,90,76,62,34,48,20,6,91,77,63,35,49,21,7,92,78,64,36,50,22,8,93,79,65,37,51,23,9,94,80,66,38,52,24,10,95,67,81,39,53,25,11,96,68,82,40,54,26,12,97,69,83,41,55,27,13,98,70,84,42,56,28,14,99,71,85,43,57,29,15,
7,100,87,72,58,44,30,16,2,1,88,73,59,45,31,17,3,89,74,60,46,32,18,4,90,75,61,47,33,19,5,91,76,62,34,48,20,6,92,77,63,35,49,21,7,93,78,64,36,50,22,8,94,79,65,37,51,23,9,95,80,66,38,52,24,10,96,67,81,39,53,25,11,97,68,82,40,54,26,12,98,69,83,41,55,27,13,99,70,84,42,56,28,14,100,71,85,43,57,29,15,86,
7,101,87,72,58,44,30,16,2,1,88,73,59,45,31,17,3,89,74,60,46,32,18,4,90,75,61,47,33,19,5,91,76,62,34,48,20,6,92,77,63,35,49,21,7,93,78,64,36,50,22,8,94,79,65,37,51,23,9,95,80,66,38,52,24,10,96,67,81,39,53,25,11,97,68,82,40,54,26,12,98,69,83,41,55,27,13,99,70,84,42,56,28,14,100,71,85,43,57,29,15,101,86,
7,102,88,73,58,44,30,16,2,1,89,74,59,45,31,17,3,90,75,60,46,32,18,4,91,76,61,47,33,19,5,92,77,62,34,48,20,6,93,78,63,35,49,21,7,94,79,64,36,50,22,8,95,80,65,37,51,23,9,96,81,66,38,52,24,10,97,67,82,39,53,25,11,98,68,83,40,54,26,12,99,69,84,41,55,27,13,100,70,85,42,56,28,14,101,71,86,43,57,29,15,102,72,87,
7,103,89,74,59,44,30,16,2,1,90,75,60,45,31,17,3,91,76,61,46,32,18,4,92,77,62,47,33,19,5,93,78,63,34,48,20,6,94,79,64,35,49,21,7,95,80,65,36,50,22,8,96,81,66,37,51,23,9,97,82,67,38,52,24,10,98,83,68,39,53,25,11,99,84,69,40,54,26,12,100,85,70,41,55,27,13,101,86,71,42,56,28,14,102,87,72,43,57,29,15,103,88,73,58,
7,104,90,75,60,45,30,16,2,1,91,76,61,46,31,17,3,92,77,62,47,32,18,4,93,78,63,48,33,19,5,94,79,64,34,49,20,6,95,80,65,35,50,21,7,96,81,66,36,51,22,8,97,82,67,37,52,23,9,98,83,68,38,53,24,10,99,84,69,39,54,25,11,100,85,70,40,55,26,12,101,86,71,41,56,27,13,87,102,72,42,57,28,14,88,103,73,43,58,29,15,89,104,74,44,59,
7,105,91,76,61,46,31,16,2,1,92,77,62,47,32,17,3,93,78,63,48,33,18,4,94,79,64,49,34,19,5,95,80,65,50,35,20,6,96,81,66,51,36,21,7,97,82,67,52,37,22,8,98,83,68,53,38,23,9,99,84,69,54,39,24,10,100,85,70,55,40,25,11,101,86,71,56,41,26,12,102,87,72,57,42,27,13,103,88,73,58,43,28,14,104,89,74,59,44,29,15,105,90,75,60,45,30,
7,106,92,77,62,47,32,17,2,1,93,78,63,48,33,18,3,94,79,64,49,34,19,4,95,80,65,50,35,20,5,96,81,66,51,36,21,6,97,82,67,52,37,22,7,98,83,68,53,38,23,8,99,84,54,69,39,24,9,100,85,55,70,40,25,10,101,86,56,71,41,26,11,102,87,57,72,42,27,12,103,88,58,73,43,28,13,104,89,59,74,44,29,14,105,90,60,75,45,30,15,106,91,61,76,46,31,16,
7,107,93,77,62,47,32,17,2,1,94,78,63,48,33,18,3,95,79,64,49,34,19,4,96,80,65,50,35,20,5,97,81,66,51,36,21,6,98,82,67,52,37,22,7,99,83,68,53,38,23,8,100,84,54,69,39,24,9,101,85,55,70,40,25,10,102,86,56,71,41,26,11,103,87,57,72,42,27,12,104,88,58,73,43,28,13,105,89,59,74,44,29,14,106,90,60,75,45,30,15,107,91,61,76,46,31,16,92,
7,108,93,77,62,47,32,17,2,1,94,78,63,48,33,18,3,95,79,64,49,34,19,4,96,80,65,50,35,20,5,97,81,66,51,36,21,6,98,82,67,52,37,22,7,99,83,68,53,38,23,8,100,84,54,69,39,24,9,101,85,55,70,40,25,10,102,86,56,71,41,26,11,103,87,57,72,42,27,12,104,88,58,73,43,28,13,105,89,59,74,44,29,14,106,90,60,75,45,30,15,107,91,61,76,46,31,16,108,92,
7,109,94,78,62,47,32,17,2,1,95,79,63,48,33,18,3,96,80,64,49,34,19,4,97,81,65,50,35,20,5,98,82,66,51,36,21,6,99,83,67,52,37,22,7,100,84,68,53,38,23,8,101,85,54,69,39,24,9,102,86,55,70,40,25,10,103,87,56,71,41,26,11,104,88,57,72,42,27,12,105,89,58,73,43,28,13,106,90,59,74,44,29,14,107,91,60,75,45,30,15,108,92,61,76,46,31,16,109,93,77,
7,110,95,79,63,47,32,17,2,1,96,80,64,48,33,18,3,97,81,65,49,34,19,4,98,82,66,50,35,20,5,99,83,67,51,36,21,6,100,84,68,52,37,22,7,101,85,69,53,38,23,8,102,86,54,70,39,24,9,103,87,55,71,40,25,10,104,88,56,72,41,26,11,105,89,57,73,42,27,12,106,90,58,74,43,28,13,107,91,59,75,44,29,14,108,92,60,76,45,30,15,109,93,61,77,46,31,16,110,94,62,78,
7,111,96,80,64,48,32,17,2,1,97,81,65,49,33,18,3,98,82,66,50,34,19,4,99,83,67,51,35,20,5,100,84,68,52,36,21,6,101,85,69,53,37,22,7,102,86,70,54,38,23,8,103,87,71,55,39,24,9,104,88,72,56,40,25,10,105,89,73,57,41,26,11,106,74,90,58,42,27,12,107,75,91,59,43,28,13,108,76,92,60,44,29,14,109,77,93,61,45,30,15,110,78,94,62,46,31,16,111,79,95,63,47,
7,112,97,81,65,49,33,17,2,1,98,82,66,50,34,18,3,99,83,67,51,35,19,4,100,84,68,52,36,20,5,101,85,69,53,37,21,6,102,86,70,54,38,22,7,103,87,71,55,39,23,8,104,88,72,56,40,24,9,105,89,73,57,41,25,10,106,90,74,58,42,26,11,107,91,75,59,43,27,12,108,92,76,60,44,28,13,109,93,77,61,45,29,14,94,110,78,62,46,30,15,95,111,79,63,47,31,16,96,112,80,64,48,32,
7,113,98,82,66,50,34,18,2,1,99,83,67,51,35,19,3,100,84,68,52,36,20,4,101,85,69,53,37,21,5,102,86,70,54,38,22,6,103,87,71,55,39,23,7,104,88,72,56,40,24,8,105,89,73,57,41,25,9,106,90,74,58,42,26,10,107,91,75,59,43,27,11,108,92,76,60,44,28,12,109,93,77,61,45,29,13,110,94,78,62,46,30,14,111,95,79,63,47,31,15,112,96,80,64,48,32,16,113,97,81,65,49,33,17,
7,114,99,82,66,50,34,18,2,1,100,83,67,51,35,19,3,101,84,68,52,36,20,4,102,85,69,53,37,21,5,103,86,70,54,38,22,6,104,87,71,55,39,23,7,105,88,72,56,40,24,8,106,89,73,57,41,25,9,107,90,74,58,42,26,10,108,91,75,59,43,27,11,109,92,76,60,44,28,12,110,93,77,61,45,29,13,111,94,78,62,46,30,14,112,95,79,63,47,31,15,113,96,80,64,48,32,16,114,97,81,65,49,33,17,98,
7,115,99,82,66,50,34,18,2,1,100,83,67,51,35,19,3,101,84,68,52,36,20,4,102,85,69,53,37,21,5,103,86,70,54,38,22,6,104,87,71,55,39,23,7,105,88,72,56,40,24,8,106,89,73,57,41,25,9,107,90,74,58,42,26,10,108,91,75,59,43,27,11,109,92,76,60,44,28,12,110,93,77,61,45,29,13,111,94,78,62,46,30,14,112,95,79,63,47,31,15,113,96,80,64,48,32,16,114,97,81,65,49,33,17,115,98,
7,116,100,83,66,50,34,18,2,1,101,84,67,51,35,19,3,102,85,68,52,36,20,4,103,86,69,53,37,21,5,104,87,70,54,38,22,6,105,88,71,55,39,23,7,106,89,72,56,40,24,8,107,90,73,57,41,25,9,108,91,74,58,42,26,10,109,92,75,59,43,27,11,110,93,76,60,44,28,12,111,94,77,61,45,29,13,112,95,78,62,46,30,14,113,96,79,63,47,31,15,114,97,80,64,48,32,16,115,98,81,65,49,33,17,116,99,82,
7,117,101,84,67,50,34,18,2,1,102,85,68,51,35,19,3,103,86,69,52,36,20,4,104,87,70,53,37,21,5,105,88,71,54,38,22,6,106,89,72,55,39,23,7,107,90,73,56,40,24,8,108,91,74,57,41,25,9,109,92,75,58,42,26,10,110,93,76,59,43,27,11,111,94,77,60,44,28,12,112,95,78,61,45,29,13,113,96,79,62,46,30,14,114,97,80,63,47,31,15,115,98,81,64,48,32,16,116,99,82,65,49,33,17,117,100,83,66,
7,118,102,85,68,51,34,18,2,1,103,86,69,52,35,19,3,104,87,70,53,36,20,4,105,88,71,54,37,21,5,106,89,72,55,38,22,6,107,90,73,56,39,23,7,108,91,74,57,40,24,8,109,92,75,58,41,25,9,110,93,76,59,42,26,10,111,94,77,60,43,27,11,112,95,78,61,44,28,12,113,96,79,62,45,29,13,114,97,80,63,46,30,14,115,98,81,64,47,31,15,116,99,82,65,48,32,16,117,100,83,66,49,33,17,118,101,84,67,50,
7,119,103,86,69,52,35,18,2,1,104,87,70,53,36,19,3,105,88,71,54,37,20,4,106,89,72,55,38,21,5,107,90,73,56,39,22,6,108,91,74,57,40,23,7,109,92,75,58,41,24,8,110,93,76,59,42,25,9,111,94,77,60,43,26,10,112,95,78,61,44,27,11,113,96,79,62,45,28,12,114,97,80,63,46,29,13,115,98,81,64,47,30,14,116,99,82,65,48,31,15,117,100,83,66,49,32,16,118,101,84,67,50,33,17,119,102,85,68,51,34,
7,120,104,87,70,53,36,19,2,1,105,88,71,54,37,20,3,106,89,72,55,21,38,4,107,90,73,56,22,39,5,108,91,74,57,23,40,6,109,92,75,58,24,41,7,110,93,76,59,25,42,8,111,94,77,60,26,43,9,112,95,61,78,27,44,10,113,96,62,79,28,45,11,114,97,63,80,29,46,12,115,98,64,81,30,47,13,116,99,65,82,31,48,14,117,100,66,83,32,49,15,101,118,67,84,33,50,16,102,119,68,85,34,51,17,103,120,69,86,35,52,18,
7,121,105,87,70,53,36,19,2,1,106,88,71,54,37,20,3,107,89,72,55,21,38,4,108,90,73,56,22,39,5,109,91,74,57,23,40,6,110,92,75,58,24,41,7,111,93,76,59,25,42,8,112,94,77,60,26,43,9,113,95,61,78,27,44,10,114,96,62,79,28,45,11,115,97,63,80,29,46,12,116,98,64,81,30,47,13,117,99,65,82,31,48,14,118,100,66,83,32,49,15,101,119,67,84,33,50,16,102,120,68,85,34,51,17,103,121,69,86,35,52,18,104,
7,122,106,88,70,53,36,19,2,1,107,89,71,54,37,20,3,108,90,72,55,21,38,4,109,91,73,56,22,39,5,110,92,74,57,23,40,6,111,93,75,58,24,41,7,112,94,76,59,25,42,8,113,95,77,60,26,43,9,114,96,61,78,27,44,10,115,97,62,79,28,45,11,116,98,63,80,29,46,12,117,99,64,81,30,47,13,118,100,65,82,31,48,14,119,101,66,83,32,49,15,102,120,67,84,33,50,16,103,121,68,85,34,51,17,104,122,69,86,35,52,18,105,87,
7,123,106,88,70,53,36,19,2,1,107,89,71,54,37,20,3,108,90,72,55,21,38,4,109,91,73,56,22,39,5,110,92,74,57,23,40,6,111,93,75,58,24,41,7,112,94,76,59,25,42,8,113,95,77,60,26,43,9,114,96,61,78,27,44,10,115,97,62,79,28,45,11,116,98,63,80,29,46,12,117,99,64,81,30,47,13,118,100,65,82,31,48,14,119,101,66,83,32,49,15,120,102,67,84,33,50,16,121,103,68,85,34,51,17,122,104,69,86,35,52,18,123,105,87,
7,124,107,89,71,53,36,19,2,1,108,90,72,54,37,20,3,109,91,73,55,21,38,4,110,92,74,56,22,39,5,111,93,75,57,23,40,6,112,94,76,58,24,41,7,113,95,77,59,25,42,8,114,96,78,60,26,43,9,115,97,61,79,27,44,10,116,98,62,80,28,45,11,117,99,63,81,29,46,12,118,100,82,64,30,47,13,119,101,83,65,31,48,14,120,102,84,66,32,49,15,121,103,85,67,33,50,16,122,104,86,68,34,51,17,123,105,87,69,35,52,18,124,106,88,70,
7,125,108,90,72,54,36,19,2,1,109,91,73,55,37,20,3,110,92,74,56,21,38,4,111,93,75,57,22,39,5,112,94,76,58,23,40,6,113,95,77,59,24,41,7,114,96,78,60,25,42,8,115,97,79,61,26,43,9,116,98,80,62,27,44,10,117,99,81,63,28,45,11,118,100,82,64,29,46,12,119,101,83,65,30,47,13,120,102,84,66,31,48,14,121,103,85,67,32,49,15,122,104,86,68,33,50,16,123,105,87,69,34,51,17,124,106,88,70,35,52,18,125,107,89,71,53,
7,126,109,91,73,55,37,19,2,1,110,92,74,56,38,20,3,111,93,75,57,21,39,4,112,94,76,58,22,40,5,113,95,77,59,23,41,6,114,96,78,60,42,24,7,115,97,79,61,43,25,8,116,98,80,62,44,26,9,117,99,81,63,45,27,10,118,100,82,64,46,28,11,119,101,83,65,47,29,12,120,102,84,66,48,30,13,121,103,85,67,49,31,14,122,104,86,68,50,32,15,123,105,87,69,51,33,16,124,106,88,70,52,34,17,125,107,89,71,53,35,18,126,108,90,72,54,36,
7,127,110,92,74,56,38,20,2,1,111,93,75,57,39,21,3,112,94,76,58,40,22,4,113,95,77,59,41,23,5,114,96,78,60,42,24,6,115,97,79,61,43,25,7,116,98,80,62,44,26,8,117,99,81,63,45,27,9,118,100,82,64,46,28,10,119,101,83,65,47,29,11,120,102,84,66,48,30,12,121,103,85,67,49,31,13,122,104,86,68,50,32,14,123,105,87,69,51,33,15,124,106,88,70,52,34,16,125,107,89,71,53,35,17,126,108,90,72,54,36,18,127,109,91,73,55,37,19,
7,128,111,92,74,56,38,20,2,1,112,93,75,57,39,21,3,113,94,76,58,40,22,4,114,95,77,59,41,23,5,115,96,78,60,42,24,6,116,97,79,61,43,25,7,117,98,80,62,44,26,8,118,99,81,63,45,27,9,119,100,82,64,46,28,10,120,101,83,65,47,29,11,121,102,84,66,48,30,12,122,103,85,67,49,31,13,123,104,86,68,50,32,14,124,105,87,69,51,33,15,125,106,88,70,52,34,16,126,107,89,71,53,35,17,127,108,90,72,54,36,18,128,109,91,73,55,37,19,110,
7,129,111,92,74,56,38,20,2,1,112,93,75,57,39,21,3,113,94,76,58,40,22,4,114,95,77,59,41,23,5,115,96,78,60,42,24,6,116,97,79,61,43,25,7,117,98,80,62,44,26,8,118,99,81,63,45,27,9,119,100,82,64,46,28,10,120,101,83,65,47,29,11,121,102,84,66,48,30,12,122,103,85,67,49,31,13,123,104,86,68,50,32,14,124,105,87,69,51,33,15,125,106,88,70,52,34,16,126,107,89,71,53,35,17,127,108,90,72,54,36,18,128,109,91,73,55,37,19,129,110,
7,130,112,93,74,56,38,20,2,1,113,94,75,57,39,21,3,114,95,76,58,40,22,4,115,96,77,59,41,23,5,116,97,78,60,42,24,6,117,98,79,61,43,25,7,118,99,80,62,44,26,8,119,100,81,63,45,27,9,120,101,82,64,46,28,10,121,102,83,65,47,29,11,122,103,84,66,48,30,12,123,104,85,67,49,31,13,124,105,86,68,50,32,14,125,106,87,69,51,33,15,126,107,88,70,52,34,16,108,127,89,71,53,35,17,109,128,90,72,54,36,18,110,129,91,73,55,37,19,111,130,92,
7,131,113,94,75,56,38,20,2,1,114,95,76,57,39,21,3,115,96,77,58,40,22,4,116,97,78,59,41,23,5,117,98,79,60,42,24,6,118,99,80,61,43,25,7,119,100,81,62,44,26,8,120,101,82,63,45,27,9,121,102,83,64,46,28,10,122,103,84,65,47,29,11,123,104,85,66,48,30,12,124,105,86,67,49,31,13,125,106,87,68,50,32,14,126,107,88,69,51,33,15,127,108,89,70,52,34,16,128,109,90,71,53,35,17,129,110,91,72,54,36,18,130,111,92,73,55,37,19,131,112,93,74,
7,132,114,95,76,57,38,20,2,1,115,96,77,58,39,21,3,116,97,78,59,40,22,4,117,98,79,60,41,23,5,118,99,80,61,42,24,6,119,100,81,62,43,25,7,120,101,82,63,44,26,8,121,102,83,64,45,27,9,122,103,84,65,46,28,10,123,104,85,66,47,29,11,124,105,86,67,48,30,12,125,106,87,68,49,31,13,126,88,107,69,50,32,14,127,89,108,70,51,33,15,128,90,109,71,52,34,16,129,91,110,72,53,35,17,130,92,111,73,54,36,18,131,93,112,74,55,37,19,132,94,113,75,56,
7,133,115,96,77,58,39,20,2,1,116,97,78,59,40,21,3,117,98,79,60,41,22,4,118,99,80,61,42,23,5,119,100,81,62,43,24,6,120,101,82,63,44,25,7,121,102,83,64,45,26,8,122,103,84,65,46,27,9,123,104,85,66,47,28,10,124,105,86,67,48,29,11,125,106,87,68,49,30,12,126,107,88,69,50,31,13,127,108,89,70,51,32,14,128,109,90,71,52,33,15,129,110,91,72,53,34,16,130,111,92,73,54,35,17,131,112,93,74,55,36,18,132,113,94,75,56,37,19,133,114,95,76,57,38,
7,134,116,97,78,59,40,21,2,1,117,98,79,60,41,22,3,118,99,80,61,42,23,4,119,100,81,62,43,24,5,120,101,82,63,44,25,6,121,102,83,64,45,26,7,122,103,84,65,46,27,8,123,104,85,66,47,28,9,124,105,86,67,48,29,10,125,106,68,87,49,30,11,126,107,69,88,50,31,12,127,108,70,89,51,32,13,128,109,71,90,52,33,14,129,110,72,91,53,34,15,130,111,73,92,54,35,16,131,112,74,93,55,36,17,132,113,75,94,56,37,18,133,114,76,95,57,38,19,134,115,77,96,58,39,20,
7,135,117,97,78,59,40,21,2,1,118,98,79,60,41,22,3,119,99,80,61,42,23,4,120,100,81,62,43,24,5,121,101,82,63,44,25,6,122,102,83,64,45,26,7,123,103,84,65,46,27,8,124,104,85,66,47,28,9,125,105,86,67,48,29,10,126,106,68,87,49,30,11,127,107,69,88,50,31,12,128,108,70,89,51,32,13,129,109,71,90,52,33,14,130,110,72,91,53,34,15,131,111,73,92,54,35,16,132,112,74,93,55,36,17,133,113,75,94,56,37,18,134,114,76,95,57,38,19,135,115,77,96,58,39,20,116,
7,136,117,97,78,59,40,21,2,1,118,98,79,60,41,22,3,119,99,80,61,42,23,4,120,100,81,62,43,24,5,121,101,82,63,44,25,6,122,102,83,64,45,26,7,123,103,84,65,46,27,8,124,104,85,66,47,28,9,125,105,86,67,48,29,10,126,106,68,87,49,30,11,127,107,69,88,50,31,12,128,108,70,89,51,32,13,129,109,71,90,52,33,14,130,110,72,91,53,34,15,131,111,73,92,54,35,16,132,112,74,93,55,36,17,133,113,75,94,56,37,18,134,114,76,95,57,38,19,135,115,77,96,58,39,20,136,116,
7,137,118,98,78,59,40,21,2,1,119,99,79,60,41,22,3,120,100,80,61,42,23,4,121,101,81,62,43,24,5,122,102,82,63,44,25,6,123,103,83,64,45,26,7,124,104,84,65,46,27,8,125,105,85,66,47,28,9,126,106,86,67,48,29,10,127,107,68,87,49,30,11,128,108,69,88,50,31,12,129,109,70,89,51,32,13,130,110,71,90,52,33,14,131,111,72,91,53,34,15,132,112,73,92,54,35,16,133,113,74,93,55,36,17,134,114,75,94,56,37,18,135,115,76,95,57,38,19,136,116,77,96,58,39,20,137,117,97,
7,138,119,99,79,59,40,21,2,1,120,100,80,60,41,22,3,121,101,81,61,42,23,4,122,102,82,62,43,24,5,123,103,83,63,44,25,6,124,104,84,64,45,26,7,125,105,85,65,46,27,8,126,106,86,66,47,28,9,127,107,87,67,48,29,10,128,108,68,88,49,30,11,129,109,69,89,50,31,12,130,110,70,90,51,32,13,131,111,71,91,52,33,14,132,112,72,92,53,34,15,133,113,73,93,54,35,16,134,114,74,94,55,36,17,115,135,75,95,56,37,18,116,136,76,96,57,38,19,117,137,77,97,58,39,20,118,138,78,98,
7,139,120,100,80,60,40,21,2,1,121,101,81,61,41,22,3,122,102,82,62,42,23,4,123,103,83,63,43,24,5,124,104,84,64,44,25,6,125,105,85,65,45,26,7,126,106,86,66,46,27,8,127,107,87,67,47,28,9,128,108,88,68,48,29,10,129,109,89,69,49,30,11,130,110,90,70,50,31,12,131,111,91,71,51,32,13,132,112,92,72,52,33,14,133,113,93,73,53,34,15,134,114,94,74,54,35,16,135,115,95,75,55,36,17,136,116,96,76,56,37,18,137,117,97,77,57,38,19,138,118,98,78,58,39,20,139,119,99,79,59,
7,140,121,101,81,61,41,21,2,1,122,102,82,62,42,22,3,123,103,83,63,43,23,4,124,104,84,64,44,24,5,125,105,85,65,45,25,6,126,106,86,66,46,26,7,127,107,87,67,47,27,8,128,108,88,68,48,28,9,129,109,89,69,49,29,10,130,110,90,70,50,30,11,131,111,91,71,51,31,12,132,112,92,72,52,32,13,133,113,93,73,53,33,14,134,114,94,74,54,34,15,135,115,95,75,55,35,16,136,116,96,76,56,36,17,137,117,97,77,57,37,18,138,118,98,78,58,38,19,139,119,99,79,59,39,20,140,120,100,80,60,40,
7,141,122,102,82,62,42,22,2,1,123,103,83,63,43,23,3,124,104,84,64,44,24,4,125,105,85,65,45,25,5,126,106,86,66,46,26,6,127,107,87,67,47,27,7,128,108,88,48,68,28,8,129,109,89,49,69,29,9,130,110,90,50,70,30,10,131,111,91,51,71,31,11,132,112,92,52,72,32,12,133,113,93,53,73,33,13,134,114,94,54,74,34,14,135,95,115,55,75,35,15,136,96,116,56,76,36,16,137,97,117,57,77,37,17,138,98,118,58,78,38,18,139,99,119,59,79,39,19,140,100,120,60,80,40,20,141,101,121,61,81,41,21,
7,142,123,102,82,62,42,22,2,1,124,103,83,63,43,23,3,125,104,84,64,44,24,4,126,105,85,65,45,25,5,127,106,86,66,46,26,6,128,107,87,67,47,27,7,129,108,88,48,68,28,8,130,109,89,49,69,29,9,131,110,90,50,70,30,10,132,111,91,51,71,31,11,133,112,92,52,72,32,12,134,113,93,53,73,33,13,135,114,94,54,74,34,14,136,95,115,55,75,35,15,137,96,116,56,76,36,16,138,97,117,57,77,37,17,139,98,118,58,78,38,18,140,99,119,59,79,39,19,141,100,120,60,80,40,20,142,101,121,61,81,41,21,122,
7,143,123,102,82,62,42,22,2,1,124,103,83,63,43,23,3,125,104,84,64,44,24,4,126,105,85,65,45,25,5,127,106,86,66,46,26,6,128,107,87,67,47,27,7,129,108,88,48,68,28,8,130,109,89,49,69,29,9,131,110,90,50,70,30,10,132,111,91,51,71,31,11,133,112,92,52,72,32,12,134,113,93,53,73,33,13,135,114,94,54,74,34,14,136,95,115,55,75,35,15,137,96,116,56,76,36,16,138,97,117,57,77,37,17,139,98,118,58,78,38,18,140,99,119,59,79,39,19,141,100,120,60,80,40,20,142,101,121,61,81,41,21,143,122,
7,144,124,103,82,62,42,22,2,1,125,104,83,63,43,23,3,126,105,84,64,44,24,4,127,106,85,65,45,25,5,128,107,86,66,46,26,6,129,108,87,67,47,27,7,130,109,88,48,68,28,8,131,110,89,49,69,29,9,132,111,90,50,70,30,10,133,112,91,51,71,31,11,134,113,92,52,72,32,12,135,114,93,53,73,33,13,136,115,94,54,74,34,14,137,95,116,55,75,35,15,138,96,117,56,76,36,16,139,97,118,57,77,37,17,140,98,119,58,78,38,18,141,99,120,59,79,39,19,142,100,121,60,80,40,20,143,101,122,61,81,41,21,144,102,123,
7,145,125,104,83,62,42,22,2,1,126,105,84,63,43,23,3,127,106,85,64,44,24,4,128,107,86,65,45,25,5,129,108,87,66,46,26,6,130,109,88,67,47,27,7,131,110,89,48,68,28,8,132,111,90,49,69,29,9,133,112,91,50,70,30,10,134,113,92,51,71,31,11,135,114,93,52,72,32,12,136,115,94,53,73,33,13,137,116,95,54,74,34,14,138,117,96,55,75,35,15,139,118,97,56,76,36,16,140,119,98,57,77,37,17,141,120,99,58,78,38,18,142,121,100,59,79,39,19,143,122,101,60,80,40,20,144,123,102,61,81,41,21,145,124,103,82,
7,146,126,105,84,63,42,22,2,1,127,106,85,64,43,23,3,128,107,86,65,44,24,4,129,108,87,66,45,25,5,130,109,88,67,46,26,6,131,110,89,68,47,27,7,132,111,90,48,69,28,8,133,112,91,49,70,29,9,134,113,92,50,71,30,10,135,114,93,51,72,31,11,136,115,94,52,73,32,12,137,116,95,53,74,33,13,138,117,96,54,75,34,14,139,118,97,55,76,35,15,140,119,98,56,77,36,16,141,120,99,57,78,37,17,142,121,100,58,79,38,18,122,143,101,59,80,39,19,123,144,102,60,81,40,20,124,145,103,61,82,41,21,125,146,104,62,83,
7,147,127,106,85,64,43,22,2,1,128,107,86,65,44,23,3,129,108,87,66,45,24,4,130,109,88,67,46,25,5,131,110,89,68,47,26,6,132,111,90,69,48,27,7,133,112,91,70,49,28,8,134,113,92,71,50,29,9,135,114,93,72,51,30,10,136,115,94,73,52,31,11,137,116,95,74,53,32,12,138,117,96,75,54,33,13,139,118,97,76,55,34,14,140,119,98,77,56,35,15,141,120,99,78,57,36,16,142,121,100,79,58,37,17,143,122,101,80,59,38,18,144,123,102,81,60,39,19,145,124,103,82,61,40,20,146,125,104,83,62,41,21,147,126,105,84,63,42,
7,148,128,107,86,65,44,23,2,1,129,108,87,66,45,24,3,130,109,88,67,46,25,4,131,110,89,68,47,26,5,132,111,90,69,48,27,6,133,112,91,70,49,28,7,134,113,92,71,50,29,8,135,114,93,72,51,30,9,136,115,94,73,52,31,10,137,116,95,74,53,32,11,138,117,75,96,54,33,12,139,118,76,97,55,34,13,140,119,77,98,56,35,14,141,120,78,99,57,36,15,142,121,79,100,58,37,16,143,122,80,101,59,38,17,144,123,81,102,60,39,18,145,124,82,103,61,40,19,146,125,83,104,62,41,20,147,126,84,105,63,42,21,148,127,85,106,64,43,22,
7,149,129,107,86,65,44,23,2,1,130,108,87,66,45,24,3,131,109,88,67,46,25,4,132,110,89,68,47,26,5,133,111,90,69,48,27,6,134,112,91,70,49,28,7,135,113,92,71,50,29,8,136,114,93,72,51,30,9,137,115,94,73,52,31,10,138,116,95,74,53,32,11,139,117,75,96,54,33,12,140,118,76,97,55,34,13,141,119,77,98,56,35,14,142,120,78,99,57,36,15,143,121,79,100,58,37,16,144,122,80,101,59,38,17,145,123,81,102,60,39,18,146,124,82,103,61,40,19,147,125,83,104,62,41,20,148,126,84,105,63,42,21,149,127,85,106,64,43,22,128,
7,150,129,107,86,65,44,23,2,1,130,108,87,66,45,24,3,131,109,88,67,46,25,4,132,110,89,68,47,26,5,133,111,90,69,48,27,6,134,112,91,70,49,28,7,135,113,92,71,50,29,8,136,114,93,72,51,30,9,137,115,94,73,52,31,10,138,116,95,74,53,32,11,139,117,75,96,54,33,12,140,118,76,97,55,34,13,141,119,77,98,56,35,14,142,120,78,99,57,36,15,143,121,79,100,58,37,16,144,122,80,101,59,38,17,145,123,81,102,60,39,18,146,124,82,103,61,40,19,147,125,83,104,62,41,20,148,126,84,105,63,42,21,149,127,85,106,64,43,22,150,128,
7,151,130,108,86,65,44,23,2,1,131,109,87,66,45,24,3,132,110,88,67,46,25,4,133,111,89,68,47,26,5,134,112,90,69,48,27,6,135,113,91,70,49,28,7,136,114,92,71,50,29,8,137,115,93,72,51,30,9,138,116,94,73,52,31,10,139,117,95,74,53,32,11,140,118,75,96,54,33,12,141,119,76,97,55,34,13,142,120,77,98,56,35,14,143,121,78,99,57,36,15,144,122,79,100,58,37,16,145,123,80,101,59,38,17,146,124,81,102,60,39,18,147,125,82,103,61,40,19,148,126,83,104,62,41,20,149,127,84,105,63,42,21,150,128,85,106,64,43,22,151,129,107,
7,152,131,109,87,65,44,23,2,1,132,110,88,66,45,24,3,133,111,89,67,46,25,4,134,112,90,68,47,26,5,135,113,91,69,48,27,6,136,114,92,70,49,28,7,137,115,93,71,50,29,8,138,116,94,72,51,30,9,139,117,95,73,52,31,10,140,118,96,74,53,32,11,141,119,75,97,54,33,12,142,120,76,98,55,34,13,143,121,77,99,56,35,14,144,122,78,100,57,36,15,145,123,79,101,58,37,16,146,124,80,102,59,38,17,147,125,81,103,60,39,18,148,126,82,104,61,40,19,149,127,83,105,62,41,20,150,128,84,106,63,42,21,151,129,85,107,64,43,22,152,130,86,108,
7,153,132,110,88,66,44,23,2,1,133,111,89,67,45,24,3,134,112,90,68,46,25,4,135,113,91,69,47,26,5,136,114,92,70,48,27,6,137,115,93,71,49,28,7,138,116,94,72,50,29,8,139,117,95,73,51,30,9,140,118,96,74,52,31,10,141,119,97,75,53,32,11,142,120,98,76,54,33,12,143,121,99,77,55,34,13,144,122,100,78,56,35,14,145,123,101,79,57,36,15,146,102,124,80,58,37,16,147,103,125,81,59,38,17,148,104,126,82,60,39,18,149,105,127,83,61,40,19,150,106,128,84,62,41,20,151,107,129,85,63,42,21,152,108,130,86,64,43,22,153,109,131,87,65,
7,154,133,111,89,67,45,23,2,1,134,112,90,68,46,24,3,135,113,91,69,47,25,4,136,114,92,70,48,26,5,137,115,93,71,49,27,6,138,116,94,72,50,28,7,139,117,95,73,51,29,8,140,118,96,74,52,30,9,141,119,97,75,53,31,10,142,120,98,76,54,32,11,143,121,99,77,55,33,12,144,122,100,78,56,34,13,145,123,101,79,57,35,14,146,124,102,80,58,36,15,147,125,103,81,59,37,16,148,126,104,82,60,38,17,149,127,105,83,61,39,18,150,128,106,84,62,40,19,129,151,107,85,63,41,20,130,152,108,86,64,42,21,131,153,109,87,65,43,22,132,154,110,88,66,44,
7,155,134,112,90,68,46,24,2,1,135,113,91,69,47,25,3,136,114,92,70,48,26,4,137,115,93,71,49,27,5,138,116,94,72,50,28,6,139,117,95,73,51,29,7,140,118,96,74,52,30,8,141,119,97,75,53,31,9,142,120,98,76,54,32,10,143,121,99,77,55,33,11,144,122,100,78,56,34,12,145,123,101,79,57,35,13,146,124,102,80,58,36,14,147,125,103,81,59,37,15,148,126,104,82,60,38,16,149,127,105,83,61,39,17,150,128,106,84,62,40,18,151,129,107,85,63,41,19,152,130,108,86,64,42,20,153,131,109,87,65,43,21,154,132,110,88,66,44,22,155,133,111,89,67,45,23,
7,156,135,112,90,68,46,24,2,1,136,113,91,69,47,25,3,137,114,92,70,48,26,4,138,115,93,71,49,27,5,139,116,94,72,50,28,6,140,117,95,73,51,29,7,141,118,96,74,52,30,8,142,119,97,75,53,31,9,143,120,98,76,54,32,10,144,121,99,77,55,33,11,145,122,100,78,56,34,12,146,123,101,79,57,35,13,147,124,102,80,58,36,14,148,125,103,81,59,37,15,149,126,104,82,60,38,16,150,127,105,83,61,39,17,151,128,106,84,62,40,18,152,129,107,85,63,41,19,153,130,108,86,64,42,20,154,131,109,87,65,43,21,155,132,110,88,66,44,22,156,133,111,89,67,45,23,134,
7,157,135,112,90,68,46,24,2,1,136,113,91,69,47,25,3,137,114,92,70,48,26,4,138,115,93,71,49,27,5,139,116,94,72,50,28,6,140,117,95,73,51,29,7,141,118,96,74,52,30,8,142,119,97,75,53,31,9,143,120,98,76,54,32,10,144,121,99,77,55,33,11,145,122,100,78,56,34,12,146,123,101,79,57,35,13,147,124,102,80,58,36,14,148,125,103,81,59,37,15,149,126,104,82,60,38,16,150,127,105,83,61,39,17,151,128,106,84,62,40,18,152,129,107,85,63,41,19,153,130,108,86,64,42,20,154,131,109,87,65,43,21,155,132,110,88,66,44,22,156,133,111,89,67,45,23,157,134,
7,158,136,113,90,68,46,24,2,1,137,114,91,69,47,25,3,138,115,92,70,48,26,4,139,116,93,71,49,27,5,140,117,94,72,50,28,6,141,118,95,73,51,29,7,142,119,96,74,52,30,8,143,120,97,75,53,31,9,144,121,98,76,54,32,10,145,122,99,77,55,33,11,146,123,100,78,56,34,12,147,124,101,79,57,35,13,148,125,102,80,58,36,14,149,126,103,81,59,37,15,150,127,104,82,60,38,16,151,128,105,83,61,39,17,152,129,106,84,62,40,18,153,130,107,85,63,41,19,154,131,108,86,64,42,20,155,132,109,87,65,43,21,156,133,110,88,66,44,22,157,134,111,89,67,45,23,158,135,112,
7,159,137,114,91,68,46,24,2,1,138,115,92,69,47,25,3,139,116,93,70,48,26,4,140,117,94,71,49,27,5,141,118,95,72,50,28,6,142,119,96,73,51,29,7,143,120,97,74,52,30,8,144,121,98,75,53,31,9,145,122,99,76,54,32,10,146,123,100,77,55,33,11,147,124,101,78,56,34,12,148,125,102,79,57,35,13,149,126,103,80,58,36,14,150,127,104,81,59,37,15,151,128,105,82,60,38,16,152,129,106,83,61,39,17,153,130,107,84,62,40,18,154,131,108,85,63,41,19,155,132,109,86,64,42,20,156,133,110,87,65,43,21,157,134,111,88,66,44,22,158,135,112,89,67,45,23,159,136,113,90,
7,160,138,115,92,69,46,24,2,1,139,116,93,70,47,25,3,140,117,94,71,48,26,4,141,118,95,72,49,27,5,142,119,96,73,50,28,6,143,120,97,74,51,29,7,144,121,98,75,52,30,8,145,122,99,76,53,31,9,146,123,100,77,54,32,10,147,124,101,78,55,33,11,148,125,102,79,56,34,12,149,126,103,80,57,35,13,150,127,104,81,58,36,14,151,128,105,82,59,37,15,152,129,106,83,60,38,16,153,130,107,84,61,39,17,154,131,108,85,62,40,18,155,132,109,86,63,41,19,156,133,110,87,64,42,20,157,134,111,88,65,43,21,158,135,112,89,66,44,22,159,136,113,90,67,45,23,160,137,114,91,68,
7,161,139,116,93,70,47,24,2,1,140,117,94,71,48,25,3,141,118,95,72,49,26,4,142,119,96,73,50,27,5,143,120,97,74,51,28,6,144,121,98,75,52,29,7,145,122,99,76,53,30,8,146,123,100,77,54,31,9,147,124,101,78,55,32,10,148,125,102,79,56,33,11,149,126,103,80,57,34,12,150,127,104,81,58,35,13,151,128,105,82,59,36,14,152,129,106,83,60,37,15,153,130,107,84,61,38,16,154,131,108,85,62,39,17,155,132,109,86,63,40,18,156,133,110,87,64,41,19,157,134,111,88,65,42,20,158,135,112,89,66,43,21,159,136,113,90,67,44,22,160,137,114,91,68,45,23,161,138,115,92,69,46,
7,162,140,117,94,71,48,25,2,1,141,118,95,72,49,26,3,142,119,96,73,50,27,4,143,120,97,74,28,51,5,144,121,98,75,29,52,6,145,122,99,76,30,53,7,146,123,100,77,31,54,8,147,124,101,78,32,55,9,148,125,102,79,33,56,10,149,126,103,80,34,57,11,150,127,104,81,35,58,12,151,128,82,105,36,59,13,152,129,83,106,37,60,14,153,130,84,107,38,61,15,154,131,85,108,39,62,16,155,132,86,109,40,63,17,156,133,87,110,41,64,18,157,134,88,111,42,65,19,158,135,89,112,43,66,20,136,159,90,113,44,67,21,137,160,91,114,45,68,22,138,161,92,115,46,69,23,139,162,93,116,47,70,24,
7,163,141,117,94,71,48,25,2,1,142,118,95,72,49,26,3,143,119,96,73,50,27,4,144,120,97,74,28,51,5,145,121,98,75,29,52,6,146,122,99,76,30,53,7,147,123,100,77,31,54,8,148,124,101,78,32,55,9,149,125,102,79,33,56,10,150,126,103,80,34,57,11,151,127,104,81,35,58,12,152,128,82,105,36,59,13,153,129,83,106,37,60,14,154,130,84,107,38,61,15,155,131,85,108,39,62,16,156,132,86,109,40,63,17,157,133,87,110,41,64,18,158,134,88,111,42,65,19,159,135,89,112,43,66,20,136,160,90,113,44,67,21,137,161,91,114,45,68,22,138,162,92,115,46,69,23,139,163,93,116,47,70,24,140,
7,164,142,118,94,71,48,25,2,1,143,119,95,72,49,26,3,144,120,96,73,50,27,4,145,121,97,74,28,51,5,146,122,98,75,29,52,6,147,123,99,76,30,53,7,148,124,100,77,31,54,8,149,125,101,78,32,55,9,150,126,102,79,33,56,10,151,127,103,80,34,57,11,152,128,104,81,35,58,12,153,129,82,105,36,59,13,154,130,83,106,37,60,14,155,131,84,107,38,61,15,156,132,85,108,39,62,16,157,133,86,109,40,63,17,158,134,87,110,41,64,18,159,135,88,111,42,65,19,160,136,89,112,43,66,20,137,161,90,113,44,67,21,138,162,91,114,45,68,22,139,163,92,115,46,69,23,140,164,93,116,47,70,24,141,117,
7,165,142,118,94,71,48,25,2,1,143,119,95,72,49,26,3,144,120,96,73,50,27,4,145,121,97,74,28,51,5,146,122,98,75,29,52,6,147,123,99,76,30,53,7,148,124,100,77,31,54,8,149,125,101,78,32,55,9,150,126,102,79,33,56,10,151,127,103,80,34,57,11,152,128,104,81,35,58,12,153,129,82,105,36,59,13,154,130,83,106,37,60,14,155,131,84,107,38,61,15,156,132,85,108,39,62,16,157,133,86,109,40,63,17,158,134,87,110,41,64,18,159,135,88,111,42,65,19,160,136,89,112,43,66,20,161,137,90,113,44,67,21,162,138,91,114,45,68,22,163,139,92,115,46,69,23,164,140,93,116,47,70,24,165,141,117,
7,166,143,119,95,71,48,25,2,1,144,120,96,72,49,26,3,145,121,97,73,50,27,4,146,122,98,74,28,51,5,147,123,99,75,29,52,6,148,124,100,76,30,53,7,149,125,101,77,31,54,8,150,126,102,78,32,55,9,151,127,103,79,33,56,10,152,128,104,80,34,57,11,153,129,105,81,35,58,12,154,130,82,106,36,59,13,155,131,83,107,37,60,14,156,132,84,108,38,61,15,157,133,85,109,39,62,16,158,134,110,86,40,63,17,159,135,111,87,41,64,18,160,136,112,88,42,65,19,161,137,113,89,43,66,20,162,138,114,90,44,67,21,163,139,115,91,45,68,22,164,140,116,92,46,69,23,165,141,117,93,47,70,24,166,142,118,94,
7,167,144,120,96,72,48,25,2,1,145,121,97,73,49,26,3,146,122,98,74,50,27,4,147,123,99,75,28,51,5,148,124,100,76,29,52,6,149,125,101,77,30,53,7,150,126,102,78,31,54,8,151,127,103,79,32,55,9,152,128,104,80,33,56,10,153,129,105,81,34,57,11,154,130,106,82,35,58,12,155,131,107,83,36,59,13,156,132,108,84,37,60,14,157,133,109,85,38,61,15,158,134,110,86,39,62,16,159,135,111,87,40,63,17,160,136,112,88,41,64,18,161,137,113,89,42,65,19,162,138,114,90,43,66,20,163,139,115,91,44,67,21,164,140,116,92,45,68,22,165,141,117,93,46,69,23,166,142,118,94,47,70,24,167,143,119,95,71,
7,168,145,121,97,73,49,25,2,1,146,122,98,74,50,26,3,147,123,99,75,51,27,4,148,124,100,76,28,52,5,149,125,101,77,29,53,6,150,126,102,78,30,54,7,151,127,103,79,31,55,8,152,128,104,80,56,32,9,153,129,105,81,57,33,10,154,130,106,82,58,34,11,155,131,107,83,59,35,12,156,132,108,84,60,36,13,157,133,109,85,61,37,14,158,134,110,86,62,38,15,159,135,111,87,63,39,16,160,136,112,88,64,40,17,161,137,113,89,65,41,18,162,138,114,90,66,42,19,163,139,115,91,67,43,20,164,140,116,92,68,44,21,165,141,117,93,69,45,22,166,142,118,94,70,46,23,167,143,119,95,71,47,24,168,144,120,96,72,48,
7,169,146,122,98,74,50,26,2,1,147,123,99,75,51,27,3,148,124,100,76,52,28,4,149,125,101,77,53,29,5,150,126,102,78,54,30,6,151,127,103,79,55,31,7,152,128,104,80,56,32,8,153,129,105,81,57,33,9,154,130,106,82,58,34,10,155,131,107,83,59,35,11,156,132,108,84,60,36,12,157,133,109,85,61,37,13,158,134,110,86,62,38,14,159,135,111,87,63,39,15,160,136,112,88,64,40,16,161,137,113,89,65,41,17,162,138,114,90,66,42,18,163,139,115,91,67,43,19,164,140,116,92,68,44,20,165,141,117,93,69,45,21,166,142,118,94,70,46,22,167,143,119,95,71,47,23,168,144,120,96,72,48,24,169,145,121,97,73,49,25,
7,170,147,122,98,74,50,26,2,1,148,123,99,75,51,27,3,149,124,100,76,52,28,4,150,125,101,77,53,29,5,151,126,102,78,54,30,6,152,127,103,79,55,31,7,153,128,104,80,56,32,8,154,129,105,81,57,33,9,155,130,106,82,58,34,10,156,131,107,83,59,35,11,157,132,108,84,60,36,12,158,133,109,85,61,37,13,159,134,110,86,62,38,14,160,135,111,87,63,39,15,161,136,112,88,64,40,16,162,137,113,89,65,41,17,163,138,114,90,66,42,18,164,139,115,91,67,43,19,165,140,116,92,68,44,20,166,141,117,93,69,45,21,167,142,118,94,70,46,22,168,143,119,95,71,47,23,169,144,120,96,72,48,24,170,145,121,97,73,49,25,146,
7,171,147,122,98,74,50,26,2,1,148,123,99,75,51,27,3,149,124,100,76,52,28,4,150,125,101,77,53,29,5,151,126,102,78,54,30,6,152,127,103,79,55,31,7,153,128,104,80,56,32,8,154,129,105,81,57,33,9,155,130,106,82,58,34,10,156,131,107,83,59,35,11,157,132,108,84,60,36,12,158,133,109,85,61,37,13,159,134,110,86,62,38,14,160,135,111,87,63,39,15,161,136,112,88,64,40,16,162,137,113,89,65,41,17,163,138,114,90,66,42,18,164,139,115,91,67,43,19,165,140,116,92,68,44,20,166,141,117,93,69,45,21,167,142,118,94,70,46,22,168,143,119,95,71,47,23,169,144,120,96,72,48,24,170,145,121,97,73,49,25,171,146,
7,172,148,123,98,74,50,26,2,1,149,124,99,75,51,27,3,150,125,100,76,52,28,4,151,126,101,77,53,29,5,152,127,102,78,54,30,6,153,128,103,79,55,31,7,154,129,104,80,56,32,8,155,130,105,81,57,33,9,156,131,106,82,58,34,10,157,132,107,83,59,35,11,158,133,108,84,60,36,12,159,134,109,85,61,37,13,160,135,110,86,62,38,14,161,136,111,87,63,39,15,162,137,112,88,64,40,16,163,138,113,89,65,41,17,164,139,114,90,66,42,18,165,140,115,91,67,43,19,166,141,116,92,68,44,20,167,142,117,93,69,45,21,143,168,118,94,70,46,22,144,169,119,95,71,47,23,145,170,120,96,72,48,24,146,171,121,97,73,49,25,147,172,122,
7,173,149,124,99,74,50,26,2,1,150,125,100,75,51,27,3,151,126,101,76,52,28,4,152,127,102,77,53,29,5,153,128,103,78,54,30,6,154,129,104,79,55,31,7,155,130,105,80,56,32,8,156,131,106,81,57,33,9,157,132,107,82,58,34,10,158,133,108,83,59,35,11,159,134,109,84,60,36,12,160,135,110,85,61,37,13,161,136,111,86,62,38,14,162,137,112,87,63,39,15,163,138,113,88,64,40,16,164,139,114,89,65,41,17,165,140,115,90,66,42,18,166,141,116,91,67,43,19,167,142,117,92,68,44,20,168,143,118,93,69,45,21,169,144,119,94,70,46,22,170,145,120,95,71,47,23,171,146,121,96,72,48,24,172,147,122,97,73,49,25,173,148,123,98,
7,174,150,125,100,75,50,26,2,1,151,126,101,76,51,27,3,152,127,102,77,52,28,4,153,128,103,78,53,29,5,154,129,104,79,54,30,6,155,130,105,80,55,31,7,156,131,106,81,56,32,8,157,132,107,82,57,33,9,158,133,108,83,58,34,10,159,134,109,84,59,35,11,160,135,110,85,60,36,12,161,136,111,86,61,37,13,162,137,112,87,62,38,14,163,138,113,88,63,39,15,164,139,114,89,64,40,16,165,140,115,90,65,41,17,166,116,141,91,66,42,18,167,117,142,92,67,43,19,168,118,143,93,68,44,20,169,119,144,94,69,45,21,170,120,145,95,70,46,22,171,121,146,96,71,47,23,172,122,147,97,72,48,24,173,123,148,98,73,49,25,174,124,149,99,74,
7,175,151,126,101,76,51,26,2,1,152,127,102,77,52,27,3,153,128,103,78,53,28,4,154,129,104,79,54,29,5,155,130,105,80,55,30,6,156,131,106,81,56,31,7,157,132,107,82,57,32,8,158,133,108,83,58,33,9,159,134,109,84,59,34,10,160,135,110,85,60,35,11,161,136,111,86,61,36,12,162,137,112,87,62,37,13,163,138,113,88,63,38,14,164,139,114,89,64,39,15,165,140,115,90,65,40,16,166,141,116,91,66,41,17,167,142,117,92,67,42,18,168,143,118,93,68,43,19,169,144,119,94,69,44,20,170,145,120,95,70,45,21,171,146,121,96,71,46,22,172,147,122,97,72,47,23,173,148,123,98,73,48,24,174,149,124,99,74,49,25,175,150,125,100,75,50,
7,176,152,127,102,77,52,27,2,1,153,128,103,78,53,28,3,154,129,104,79,54,29,4,155,130,105,80,55,30,5,156,131,106,81,56,31,6,157,132,107,82,57,32,7,158,133,108,83,58,33,8,159,134,109,84,59,34,9,160,135,110,85,60,35,10,161,136,111,86,61,36,11,162,137,112,87,62,37,12,163,138,113,88,63,38,13,164,139,89,114,64,39,14,165,140,90,115,65,40,15,166,141,91,116,66,41,16,167,142,92,117,67,42,17,168,143,93,118,68,43,18,169,144,94,119,69,44,19,170,145,95,120,70,45,20,171,146,96,121,71,46,21,172,147,97,122,72,47,22,173,148,98,123,73,48,23,174,149,99,124,74,49,24,175,150,100,125,75,50,25,176,151,101,126,76,51,26,
7,177,153,127,102,77,52,27,2,1,154,128,103,78,53,28,3,155,129,104,79,54,29,4,156,130,105,80,55,30,5,157,131,106,81,56,31,6,158,132,107,82,57,32,7,159,133,108,83,58,33,8,160,134,109,84,59,34,9,161,135,110,85,60,35,10,162,136,111,86,61,36,11,163,137,112,87,62,37,12,164,138,113,88,63,38,13,165,139,89,114,64,39,14,166,140,90,115,65,40,15,167,141,91,116,66,41,16,168,142,92,117,67,42,17,169,143,93,118,68,43,18,170,144,94,119,69,44,19,171,145,95,120,70,45,20,172,146,96,121,71,46,21,173,147,97,122,72,47,22,174,148,98,123,73,48,23,175,149,99,124,74,49,24,176,150,100,125,75,50,25,177,151,101,126,76,51,26,152,
7,178,153,127,102,77,52,27,2,1,154,128,103,78,53,28,3,155,129,104,79,54,29,4,156,130,105,80,55,30,5,157,131,106,81,56,31,6,158,132,107,82,57,32,7,159,133,108,83,58,33,8,160,134,109,84,59,34,9,161,135,110,85,60,35,10,162,136,111,86,61,36,11,163,137,112,87,62,37,12,164,138,113,88,63,38,13,165,139,89,114,64,39,14,166,140,90,115,65,40,15,167,141,91,116,66,41,16,168,142,92,117,67,42,17,169,143,93,118,68,43,18,170,144,94,119,69,44,19,171,145,95,120,70,45,20,172,146,96,121,71,46,21,173,147,97,122,72,47,22,174,148,98,123,73,48,23,175,149,99,124,74,49,24,176,150,100,125,75,50,25,177,151,101,126,76,51,26,178,152,
7,179,154,128,102,77,52,27,2,1,155,129,103,78,53,28,3,156,130,104,79,54,29,4,157,131,105,80,55,30,5,158,132,106,81,56,31,6,159,133,107,82,57,32,7,160,134,108,83,58,33,8,161,135,109,84,59,34,9,162,136,110,85,60,35,10,163,137,111,86,61,36,11,164,138,112,87,62,37,12,165,139,113,88,63,38,13,166,140,89,114,64,39,14,167,141,90,115,65,40,15,168,142,91,116,66,41,16,169,143,92,117,67,42,17,170,144,93,118,68,43,18,171,145,94,119,69,44,19,172,146,95,120,70,45,20,173,147,96,121,71,46,21,174,148,97,122,72,47,22,175,149,98,123,73,48,23,176,150,99,124,74,49,24,177,151,100,125,75,50,25,178,152,101,126,76,51,26,179,153,127,
7,180,155,129,103,77,52,27,2,1,156,130,104,78,53,28,3,157,131,105,79,54,29,4,158,132,106,80,55,30,5,159,133,107,81,56,31,6,160,134,108,82,57,32,7,161,135,109,83,58,33,8,162,136,110,84,59,34,9,163,137,111,85,60,35,10,164,138,112,86,61,36,11,165,139,113,87,62,37,12,166,140,114,88,63,38,13,167,141,89,115,64,39,14,168,142,90,116,65,40,15,169,143,91,117,66,41,16,170,144,92,118,67,42,17,171,145,93,119,68,43,18,172,146,94,120,69,44,19,173,147,95,121,70,45,20,174,148,96,122,71,46,21,175,149,97,123,72,47,22,150,176,98,124,73,48,23,151,177,99,125,74,49,24,152,178,100,126,75,50,25,153,179,101,127,76,51,26,154,180,102,128,
7,181,156,130,104,78,52,27,2,1,157,131,105,79,53,28,3,158,132,106,80,54,29,4,159,133,107,81,55,30,5,160,134,108,82,56,31,6,161,135,109,83,57,32,7,162,136,110,84,58,33,8,163,137,111,85,59,34,9,164,138,112,86,60,35,10,165,139,113,87,61,36,11,166,140,114,88,62,37,12,167,141,115,89,63,38,13,168,142,116,90,64,39,14,169,143,117,91,65,40,15,170,144,118,92,66,41,16,171,145,119,93,67,42,17,172,146,120,94,68,43,18,173,147,121,95,69,44,19,174,148,122,96,70,45,20,175,149,123,97,71,46,21,176,150,124,98,72,47,22,177,151,125,99,73,48,23,178,152,126,100,74,49,24,179,153,127,101,75,50,25,180,154,128,102,76,51,26,181,155,129,103,77,
7,182,157,131,105,79,53,27,2,1,158,132,106,80,54,28,3,159,133,107,81,55,29,4,160,134,108,82,56,30,5,161,135,109,83,57,31,6,162,136,110,84,58,32,7,163,137,111,85,59,33,8,164,138,112,86,60,34,9,165,139,113,87,61,35,10,166,140,114,88,62,36,11,167,141,115,89,63,37,12,168,142,116,90,64,38,13,169,143,117,91,65,39,14,170,144,118,92,66,40,15,171,145,119,93,67,41,16,172,146,120,94,68,42,17,173,147,121,95,69,43,18,174,148,122,96,70,44,19,175,149,123,97,71,45,20,176,150,124,98,72,46,21,177,151,125,99,73,47,22,178,152,126,100,74,48,23,179,153,127,101,75,49,24,180,154,128,102,76,50,25,181,155,129,103,77,51,26,182,156,130,104,78,52,
7,183,158,132,106,80,54,28,2,1,159,133,107,81,55,29,3,160,134,108,82,56,30,4,161,135,109,83,57,31,5,162,136,110,84,58,32,6,163,137,111,85,59,33,7,164,138,112,86,60,34,8,165,139,113,87,61,35,9,166,140,114,62,88,36,10,167,141,115,63,89,37,11,168,142,116,64,90,38,12,169,143,117,65,91,39,13,170,144,118,66,92,40,14,171,145,119,67,93,41,15,172,146,120,68,94,42,16,173,147,121,69,95,43,17,174,148,122,70,96,44,18,175,123,149,71,97,45,19,176,124,150,72,98,46,20,177,125,151,73,99,47,21,178,126,152,74,100,48,22,179,127,153,75,101,49,23,180,128,154,76,102,50,24,181,129,155,77,103,51,25,182,130,156,78,104,52,26,183,131,157,79,105,53,27,
7,184,159,132,106,80,54,28,2,1,160,133,107,81,55,29,3,161,134,108,82,56,30,4,162,135,109,83,57,31,5,163,136,110,84,58,32,6,164,137,111,85,59,33,7,165,138,112,86,60,34,8,166,139,113,87,61,35,9,167,140,114,62,88,36,10,168,141,115,63,89,37,11,169,142,116,64,90,38,12,170,143,117,65,91,39,13,171,144,118,66,92,40,14,172,145,119,67,93,41,15,173,146,120,68,94,42,16,174,147,121,69,95,43,17,175,148,122,70,96,44,18,176,123,149,71,97,45,19,177,124,150,72,98,46,20,178,125,151,73,99,47,21,179,126,152,74,100,48,22,180,127,153,75,101,49,23,181,128,154,76,102,50,24,182,129,155,77,103,51,25,183,130,156,78,104,52,26,184,131,157,79,105,53,27,158,
7,185,159,132,106,80,54,28,2,1,160,133,107,81,55,29,3,161,134,108,82,56,30,4,162,135,109,83,57,31,5,163,136,110,84,58,32,6,164,137,111,85,59,33,7,165,138,112,86,60,34,8,166,139,113,87,61,35,9,167,140,114,62,88,36,10,168,141,115,63,89,37,11,169,142,116,64,90,38,12,170,143,117,65,91,39,13,171,144,118,66,92,40,14,172,145,119,67,93,41,15,173,146,120,68,94,42,16,174,147,121,69,95,43,17,175,148,122,70,96,44,18,176,123,149,71,97,45,19,177,124,150,72,98,46,20,178,125,151,73,99,47,21,179,126,152,74,100,48,22,180,127,153,75,101,49,23,181,128,154,76,102,50,24,182,129,155,77,103,51,25,183,130,156,78,104,52,26,184,131,157,79,105,53,27,185,158,
7,186,160,133,106,80,54,28,2,1,161,134,107,81,55,29,3,162,135,108,82,56,30,4,163,136,109,83,57,31,5,164,137,110,84,58,32,6,165,138,111,85,59,33,7,166,139,112,86,60,34,8,167,140,113,87,61,35,9,168,141,114,62,88,36,10,169,142,115,63,89,37,11,170,143,116,64,90,38,12,171,144,117,65,91,39,13,172,145,118,66,92,40,14,173,146,119,67,93,41,15,174,147,120,68,94,42,16,175,148,121,69,95,43,17,176,149,122,70,96,44,18,177,123,150,71,97,45,19,178,124,151,72,98,46,20,179,125,152,73,99,47,21,180,126,153,74,100,48,22,181,127,154,75,101,49,23,182,128,155,76,102,50,24,183,129,156,77,103,51,25,184,130,157,78,104,52,26,185,131,158,79,105,53,27,186,132,159,
7,187,161,134,107,80,54,28,2,1,162,135,108,81,55,29,3,163,136,109,82,56,30,4,164,137,110,83,57,31,5,165,138,111,84,58,32,6,166,139,112,85,59,33,7,167,140,113,86,60,34,8,168,141,114,87,61,35,9,169,142,115,62,88,36,10,170,143,116,63,89,37,11,171,144,117,64,90,38,12,172,145,118,65,91,39,13,173,146,119,66,92,40,14,174,147,120,67,93,41,15,175,148,121,68,94,42,16,176,149,122,69,95,43,17,177,150,123,70,96,44,18,178,151,124,71,97,45,19,179,152,125,72,98,46,20,180,153,126,73,99,47,21,181,154,127,74,100,48,22,182,155,128,75,101,49,23,183,156,129,76,102,50,24,184,157,130,77,103,51,25,185,158,131,78,104,52,26,186,159,132,79,105,53,27,187,160,133,106,
7,188,162,135,108,81,54,28,2,1,163,136,109,82,55,29,3,164,137,110,83,56,30,4,165,138,111,84,57,31,5,166,139,112,85,58,32,6,167,140,113,86,59,33,7,168,141,114,87,60,34,8,169,142,115,88,61,35,9,170,143,116,62,89,36,10,171,144,117,63,90,37,11,172,145,118,64,91,38,12,173,146,119,65,92,39,13,174,147,120,66,93,40,14,175,148,121,67,94,41,15,176,149,122,68,95,42,16,177,150,123,69,96,43,17,178,151,124,70,97,44,18,179,152,125,71,98,45,19,180,153,126,72,99,46,20,181,154,127,73,100,47,21,182,155,128,74,101,48,22,183,156,129,75,102,49,23,157,184,130,76,103,50,24,158,185,131,77,104,51,25,159,186,132,78,105,52,26,160,187,133,79,106,53,27,161,188,134,80,107,
7,189,163,136,109,82,55,28,2,1,164,137,110,83,56,29,3,165,138,111,84,57,30,4,166,139,112,85,58,31,5,167,140,113,86,59,32,6,168,141,114,87,60,33,7,169,142,115,88,61,34,8,170,143,116,89,62,35,9,171,144,117,90,63,36,10,172,145,118,91,64,37,11,173,146,119,92,65,38,12,174,147,120,93,66,39,13,175,148,121,94,67,40,14,176,149,122,95,68,41,15,177,150,123,96,69,42,16,178,151,124,97,70,43,17,179,152,125,98,71,44,18,180,153,126,99,72,45,19,181,154,127,100,73,46,20,182,155,128,101,74,47,21,183,156,129,102,75,48,22,184,157,130,103,76,49,23,185,158,131,104,77,50,24,186,159,132,105,78,51,25,187,160,133,106,79,52,26,188,161,134,107,80,53,27,189,162,135,108,81,54,
7,190,164,137,110,83,56,29,2,1,165,138,111,84,57,30,3,166,139,112,85,58,31,4,167,140,113,86,59,32,5,168,141,114,87,60,33,6,169,142,115,88,61,34,7,170,143,116,89,62,35,8,171,144,117,90,63,36,9,172,145,118,91,64,37,10,173,146,119,92,65,38,11,174,147,120,93,66,39,12,175,148,121,94,67,40,13,176,149,122,95,68,41,14,177,150,96,123,69,42,15,178,151,97,124,70,43,16,179,152,98,125,71,44,17,180,153,99,126,72,45,18,181,154,100,127,73,46,19,182,155,101,128,74,47,20,183,156,102,129,75,48,21,184,157,103,130,76,49,22,185,158,104,131,77,50,23,186,159,105,132,78,51,24,187,160,106,133,79,52,25,188,161,107,134,80,53,26,189,162,108,135,81,54,27,190,163,109,136,82,55,28,
7,191,165,137,110,83,56,29,2,1,166,138,111,84,57,30,3,167,139,112,85,58,31,4,168,140,113,86,59,32,5,169,141,114,87,60,33,6,170,142,115,88,61,34,7,171,143,116,89,62,35,8,172,144,117,90,63,36,9,173,145,118,91,64,37,10,174,146,119,92,65,38,11,175,147,120,93,66,39,12,176,148,121,94,67,40,13,177,149,122,95,68,41,14,178,150,96,123,69,42,15,179,151,97,124,70,43,16,180,152,98,125,71,44,17,181,153,99,126,72,45,18,182,154,100,127,73,46,19,183,155,101,128,74,47,20,184,156,102,129,75,48,21,185,157,103,130,76,49,22,186,158,104,131,77,50,23,187,159,105,132,78,51,24,188,160,106,133,79,52,25,189,161,107,134,80,53,26,190,162,108,135,81,54,27,191,163,109,136,82,55,28,164,
7,192,165,137,110,83,56,29,2,1,166,138,111,84,57,30,3,167,139,112,85,58,31,4,168,140,113,86,59,32,5,169,141,114,87,60,33,6,170,142,115,88,61,34,7,171,143,116,89,62,35,8,172,144,117,90,63,36,9,173,145,118,91,64,37,10,174,146,119,92,65,38,11,175,147,120,93,66,39,12,176,148,121,94,67,40,13,177,149,122,95,68,41,14,178,150,96,123,69,42,15,179,151,97,124,70,43,16,180,152,98,125,71,44,17,181,153,99,126,72,45,18,182,154,100,127,73,46,19,183,155,101,128,74,47,20,184,156,102,129,75,48,21,185,157,103,130,76,49,22,186,158,104,131,77,50,23,187,159,105,132,78,51,24,188,160,106,133,79,52,25,189,161,107,134,80,53,26,190,162,108,135,81,54,27,191,163,109,136,82,55,28,192,164,
7,193,166,138,110,83,56,29,2,1,167,139,111,84,57,30,3,168,140,112,85,58,31,4,169,141,113,86,59,32,5,170,142,114,87,60,33,6,171,143,115,88,61,34,7,172,144,116,89,62,35,8,173,145,117,90,63,36,9,174,146,118,91,64,37,10,175,147,119,92,65,38,11,176,148,120,93,66,39,12,177,149,121,94,67,40,13,178,150,122,95,68,41,14,179,151,96,123,69,42,15,180,152,97,124,70,43,16,181,153,98,125,71,44,17,182,154,99,126,72,45,18,183,155,100,127,73,46,19,184,156,101,128,74,47,20,185,157,102,129,75,48,21,186,158,103,130,76,49,22,187,159,104,131,77,50,23,188,160,105,132,78,51,24,189,161,106,133,79,52,25,190,162,107,134,80,53,26,191,163,108,135,81,54,27,192,164,109,136,82,55,28,193,165,137,
7,194,167,139,111,83,56,29,2,1,168,140,112,84,57,30,3,169,141,113,85,58,31,4,170,142,114,86,59,32,5,171,143,115,87,60,33,6,172,144,116,88,61,34,7,173,145,117,89,62,35,8,174,146,118,90,63,36,9,175,147,119,91,64,37,10,176,148,120,92,65,38,11,177,149,121,93,66,39,12,178,150,122,94,67,40,13,179,151,123,95,68,41,14,180,152,96,124,69,42,15,181,153,97,125,70,43,16,182,154,98,126,71,44,17,183,155,99,127,72,45,18,184,156,100,128,73,46,19,185,157,101,129,74,47,20,186,158,102,130,75,48,21,187,159,103,131,76,49,22,188,160,104,132,77,50,23,189,161,105,133,78,51,24,190,162,106,134,79,52,25,191,163,107,135,80,53,26,192,164,108,136,81,54,27,193,165,109,137,82,55,28,194,166,110,138,
7,195,168,140,112,84,56,29,2,1,169,141,113,85,57,30,3,170,142,114,86,58,31,4,171,143,115,87,59,32,5,172,144,116,88,60,33,6,173,145,117,89,61,34,7,174,146,118,90,62,35,8,175,147,119,91,63,36,9,176,148,120,92,64,37,10,177,149,121,93,65,38,11,178,150,122,94,66,39,12,179,151,123,95,67,40,13,180,152,124,96,68,41,14,181,153,125,97,69,42,15,182,154,126,98,70,43,16,183,155,127,99,71,44,17,184,156,128,100,72,45,18,185,157,129,101,73,46,19,186,130,158,102,74,47,20,187,131,159,103,75,48,21,188,132,160,104,76,49,22,189,133,161,105,77,50,23,190,134,162,106,78,51,24,191,135,163,107,79,52,25,192,136,164,108,80,53,26,193,137,165,109,81,54,27,194,138,166,110,82,55,28,195,139,167,111,83,
7,196,169,141,113,85,57,29,2,1,170,142,114,86,58,30,3,171,143,115,87,59,31,4,172,144,116,88,60,32,5,173,145,117,89,61,33,6,174,146,118,90,62,34,7,175,147,119,91,63,35,8,176,148,120,92,64,36,9,177,149,121,93,65,37,10,178,150,122,94,66,38,11,179,151,123,95,67,39,12,180,152,124,96,68,40,13,181,153,125,97,69,41,14,182,154,126,98,70,42,15,183,155,127,99,71,43,16,184,156,128,100,72,44,17,185,157,129,101,73,45,18,186,158,130,102,74,46,19,187,159,131,103,75,47,20,188,160,132,104,76,48,21,189,161,133,105,77,49,22,190,162,134,106,78,50,23,191,163,135,107,79,51,24,164,192,136,108,80,52,25,165,193,137,109,81,53,26,166,194,138,110,82,54,27,167,195,139,111,83,55,28,168,196,140,112,84,56,
7,197,170,142,114,86,58,30,2,1,171,143,115,87,59,31,3,172,144,116,88,60,32,4,173,145,117,89,61,33,5,174,146,118,90,62,34,6,175,147,119,91,63,35,7,176,148,120,92,64,36,8,177,149,121,93,65,37,9,178,150,122,94,66,38,10,179,151,123,95,67,39,11,180,152,124,96,68,40,12,181,153,125,97,69,41,13,182,154,126,98,70,42,14,183,155,127,99,71,43,15,184,156,128,100,72,44,16,185,157,129,101,73,45,17,186,158,130,102,74,46,18,187,159,131,103,75,47,19,188,160,132,104,76,48,20,189,161,133,105,77,49,21,190,162,134,106,78,50,22,191,163,135,107,79,51,23,192,164,136,108,80,52,24,193,165,137,109,81,53,25,194,166,138,110,82,54,26,195,167,139,111,83,55,27,196,168,140,112,84,56,28,197,169,141,113,85,57,29,
7,198,171,142,114,86,58,30,2,1,172,143,115,87,59,31,3,173,144,116,88,60,32,4,174,145,117,89,61,33,5,175,146,118,90,62,34,6,176,147,119,91,63,35,7,177,148,120,92,64,36,8,178,149,121,93,65,37,9,179,150,122,94,66,38,10,180,151,123,95,67,39,11,181,152,124,96,68,40,12,182,153,125,97,69,41,13,183,154,126,98,70,42,14,184,155,127,99,71,43,15,185,156,128,100,72,44,16,186,157,129,101,73,45,17,187,158,130,102,74,46,18,188,159,131,103,75,47,19,189,160,132,104,76,48,20,190,161,133,105,77,49,21,191,162,134,106,78,50,22,192,163,135,107,79,51,23,193,164,136,108,80,52,24,194,165,137,109,81,53,25,195,166,138,110,82,54,26,196,167,139,111,83,55,27,197,168,140,112,84,56,28,198,169,141,113,85,57,29,170,
7,199,171,142,114,86,58,30,2,1,172,143,115,87,59,31,3,173,144,116,88,60,32,4,174,145,117,89,61,33,5,175,146,118,90,62,34,6,176,147,119,91,63,35,7,177,148,120,92,64,36,8,178,149,121,93,65,37,9,179,150,122,94,66,38,10,180,151,123,95,67,39,11,181,152,124,96,68,40,12,182,153,125,97,69,41,13,183,154,126,98,70,42,14,184,155,127,99,71,43,15,185,156,128,100,72,44,16,186,157,129,101,73,45,17,187,158,130,102,74,46,18,188,159,131,103,75,47,19,189,160,132,104,76,48,20,190,161,133,105,77,49,21,191,162,134,106,78,50,22,192,163,135,107,79,51,23,193,164,136,108,80,52,24,194,165,137,109,81,53,25,195,166,138,110,82,54,26,196,167,139,111,83,55,27,197,168,140,112,84,56,28,198,169,141,113,85,57,29,199,170,
7,200,172,143,114,86,58,30,2,1,173,144,115,87,59,31,3,174,145,116,88,60,32,4,175,146,117,89,61,33,5,176,147,118,90,62,34,6,177,148,119,91,63,35,7,178,149,120,92,64,36,8,179,150,121,93,65,37,9,180,151,122,94,66,38,10,181,152,123,95,67,39,11,182,153,124,96,68,40,12,183,154,125,97,69,41,13,184,155,126,98,70,42,14,185,156,127,99,71,43,15,186,157,128,100,72,44,16,187,158,129,101,73,45,17,188,159,130,102,74,46,18,189,160,131,103,75,47,19,190,161,132,104,76,48,20,191,162,133,105,77,49,21,192,163,134,106,78,50,22,193,164,135,107,79,51,23,194,165,136,108,80,52,24,195,166,137,109,81,53,25,196,167,138,110,82,54,26,197,168,139,111,83,55,27,198,169,140,112,84,56,28,199,170,141,113,85,57,29,200,171,142,
