53 11
57 12
61 13
65 14
69 15
73 16
77 17
81 18
85 19
89 20
93 21
97 22
101 23
105 24
109 25
113 26
117 27
121 28
125 29
129 30
133 31
137 32
141 33
145 34
149 35
153 36
157 37
161 38
165 39
169 40
173 41
177 42
181 43
185 44
189 45
193 46
197 47
201 48
205 49
209 50
213 51
217 52
221 53
225 54
229 55
233 56
237 57
241 58
245 59
249 60
253 61
257 62
261 63
265 64
269 65
273 66
277 67
281 68
285 69
289 70
293 71
297 72
301 73
305 74
309 75
313 76
317 77
321 78
325 79
329 80
333 81
337 82
341 83
345 84
349 85
353 86
357 87
361 88
365 89
369 90
373 91
377 92
381 93
385 94
389 95
393 96
397 97
401 98
405 99
409 100
413 101
417 102
421 103
425 104
429 105
433 106
437 107
441 108
445 109
449 110
453 111
457 112
461 113
465 114
469 115
473 116
477 117
481 118
485 119
489 120
493 121
497 122
501 123
505 124
509 125
513 126
517 127
521 128
525 129
529 130
533 131
537 132
541 133
545 134
549 135
553 136
557 137
561 138
565 139
569 140
573 141
577 142
581 143
585 144
589 145
593 146
597 147
601 148
605 149
609 150
613 151
617 152
621 153
625 154
629 155
633 156
637 157
641 158
645 159
649 160
653 161
657 162
661 163
665 164
669 165
673 166
677 167
681 168
685 169
689 170
693 171
697 172
701 173
705 174
709 175
713 176
717 177
721 178
725 179
729 180
733 181
737 182
741 183
745 184
749 185
753 186
757 187
761 188
765 189
769 190
773 191
777 192
781 193
785 194
789 195
793 196
797 197
801 198
805 199
809 200
813 201
817 202
821 203
825 204
829 205
833 206
837 207
841 208
845 209
849 210
853 211
857 212
861 213
865 214
869 215
873 216
877 217
881 218
885 219
889 220
893 221
897 222
901 223
905 224
909 225
913 226
917 227
921 228
925 229
929 230
933 231
937 232
941 233
945 234
949 235
953 236
957 237
961 238
965 239
969 240
973 241
977 242
981 243
985 244
989 245
993 246
997 247
1001 248
1005 249
1009 250
1013 251
1017 252
1021 253
1025 254
1029 255
1033 256
1037 257
1041 258
1045 259
1049 260
1053 261
1057 262
1061 263
1065 264
1069 265
1073 266
1077 267
1081 268
1085 269
1089 270
1093 271
1097 272
1101 273
1105 274
1109 275
1113 276
1117 277
1121 278
1125 279
1129 280
1133 281
1137 282
1141 283
1145 284
1149 285
1153 286
1157 287
1161 288
1165 289
1169 290
1173 291
1177 292
1181 293
1185 294
1189 295
1193 296
1197 297
1201 298
1205 299
1209 300
1213 301
1217 302
1221 303
1225 304
1229 305
1233 306
1237 307
1241 308
1245 309
1249 310
1253 311
1257 312
1261 313
1265 314
1269 315
1273 316
1277 317
1281 318
1285 319
1289 320
1293 321
1297 322
1301 323
1305 324
1309 325
1313 326
1317 327
1321 328
1325 329
1329 330
1333 331
1337 332
1341 333
1345 334
1349 335
1353 336
1357 337
1361 338
1365 339
1369 340
1373 341
1377 342
1381 343
1385 344
1389 345
1393 346
1397 347
1401 348
1405 349
1409 350
1413 351
1417 352
1421 353
1425 354
1429 355
1433 356
1437 357
1441 358
1445 359
1449 360
1453 361
1457 362
1461 363
1465 364
1469 365
1473 366
1477 367
1481 368
1485 369
1489 370
1493 371
1497 372
1501 373
1505 374
1509 375
1513 376
1517 377
1521 378
1525 379
1529 380
1533 381
1537 382
1541 383
1545 384
1549 385
1553 386
1557 387
1561 388
1565 389
1569 390
1573 391
1577 392
1581 393
1585 394
1589 395
1593 396
1597 397
1601 398
1605 399
1609 400
1613 401
1617 402
1621 403
1625 404
1629 405
1633 406
1637 407
1641 408
1645 409
1649 410
1653 411
1657 412
1661 413
1665 414
1669 415
1673 416
1677 417
1681 418
1685 419
1689 420
1693 421
1697 422
1701 423
1705 424
1709 425
1713 426
1717 427
1721 428
1725 429
1729 430
1733 431
1737 432
1741 433
1745 434
1749 435
1753 436
1757 437
1761 438
1765 439
1769 440
1773 441
1777 442
1781 443
1785 444
1789 445
1793 446
1797 447
1801 448
1805 449
1809 450
1813 451
1817 452
1821 453
1825 454
1829 455
1833 456
1837 457
1841 458
1845 459
1849 460
1853 461
1857 462
1861 463
1865 464
1869 465
1873 466
1877 467
1881 468
1885 469
1889 470
1893 471
1897 472
1901 473
1905 474
1909 475
1913 476
1917 477
1921 478
1925 479
1929 480
1933 481
1937 482
1941 483
1945 484
1949 485
1953 486
1957 487
1961 488
1965 489
1969 490
1973 491
1977 492
1981 493
1985 494
1989 495
1993 496
1997 497
2001 498
2005 499
2009 500
2013 501
2017 502
2021 503
2025 504
2029 505
2033 506
2037 507
2041 508
2045 509
2049 510
2053 511
2057 512
2061 513
2065 514
2069 515
2073 516
2077 517
2081 518
2085 519
2089 520
2093 521
2097 522
2101 523
2105 524
2109 525
2113 526
2117 527
2121 528
2125 529
2129 530
2133 531
2137 532
2141 533
2145 534
2149 535
2153 536
2157 537
2161 538
2165 539
2169 540
2173 541
2177 542
2181 543
2185 544
2189 545
2193 546
2197 547
2201 548
2205 549
2209 550
2213 551
2217 552
2221 553
2225 554
2229 555
2233 556
2237 557
2241 558
2245 559
2249 560
2253 561
2257 562
2261 563
2265 564
2269 565
2273 566
2277 567
2281 568
2285 569
2289 570
2293 571
2297 572
2301 573
2305 574
2309 575
2313 576
2317 577
2321 578
2325 579
2329 580
2333 581
2337 582
2341 583
2345 584
2349 585
2353 586
2357 587
2361 588
2365 589
2369 590
2373 591
2377 592
2381 593
2385 594
2389 595
2393 596
2397 597
2401 598
2405 599
2409 600
2413 601
2417 602
2421 603
2425 604
2429 605
2433 606
2437 607
2441 608
2445 609
2449 610
2453 611
2457 612
2461 613
2465 614
2469 615
2473 616
2477 617
2481 618
2485 619
2489 620
2493 621
2497 622
2501 623
2505 624
2509 625
2513 626
2517 627
2521 628
2525 629
2529 630
2533 631
2537 632
2541 633
2545 634
2549 635
2553 636
2557 637
2561 638
2565 639
2569 640
2573 641
2577 642
2581 643
2585 644
2589 645
2593 646
2597 647
2601 648
2605 649
2609 650
2613 651
2617 652
2621 653
2625 654
2629 655
2633 656
2637 657
2641 658
2645 659
2649 660
2653 661
2657 662
2661 663
2665 664
2669 665
2673 666
2677 667
2681 668
2685 669
2689 670
2693 671
2697 672
2701 673
2705 674
2709 675
2713 676
2717 677
2721 678
2725 679
2729 680
2733 681
2737 682
2741 683
2745 684
2749 685
2753 686
2757 687
2761 688
2765 689
2769 690
2773 691
2777 692
2781 693
2785 694
2789 695
2793 696
2797 697
2801 698
2805 699
2809 700
2813 701
2817 702
2821 703
2825 704
2829 705
2833 706
2837 707
2841 708
2845 709
2849 710
2853 711
2857 712
2861 713
2865 714
2869 715
2873 716
2877 717
2881 718
2885 719
2889 720
2893 721
2897 722
2901 723
2905 724
2909 725
2913 726
2917 727
2921 728
2925 729
2929 730
2933 731
2937 732
2941 733
2945 734
2949 735
2953 736
2957 737
2961 738
2965 739
2969 740
2973 741
2977 742
2981 743
2985 744
2989 745
2993 746
2997 747
3001 748
3005 749
3009 750
3013 751
3017 752
3021 753
3025 754
3029 755
3033 756
3037 757
3041 758
3045 759
3049 760
3053 761
3057 762
3061 763
3065 764
3069 765
3073 766
3077 767
3081 768
3085 769
3089 770
3093 771
3097 772
3101 773
3105 774
3109 775
3113 776
3117 777
3121 778
3125 779
3129 780
3133 781
3137 782
3141 783
3145 784
3149 785
3153 786
3157 787
3161 788
3165 789
3169 790
3173 791
3177 792
3181 793
3185 794
3189 795
3193 796
3197 797
3201 798
3205 799
3209 800
3213 801
3217 802
3221 803
3225 804
3229 805
3233 806
3237 807
3241 808
3245 809
3249 810
3253 811
3257 812
3261 813
3265 814
3269 815
3273 816
3277 817
3281 818
3285 819
3289 820
3293 821
3297 822
3301 823
3305 824
3309 825
3313 826
3317 827
3321 828
3325 829
3329 830
3333 831
3337 832
3341 833
3345 834
3349 835
3353 836
3357 837
3361 838
3365 839
3369 840
3373 841
3377 842
3381 843
3385 844
3389 845
3393 846
3397 847
3401 848
3405 849
3409 850
3413 851
3417 852
3421 853
3425 854
3429 855
3433 856
3437 857
3441 858
3445 859
3449 860
3453 861
3457 862
3461 863
3465 864
3469 865
3473 866
3477 867
3481 868
3485 869
3489 870
3493 871
3497 872
3501 873
3505 874
3509 875
3513 876
3517 877
3521 878
3525 879
3529 880
3533 881
3537 882
3541 883
3545 884
3549 885
3553 886
3557 887
3561 888
3565 889
3569 890
3573 891
3577 892
3581 893
3585 894
3589 895
3593 896
3597 897
3601 898
3605 899
3609 900
3613 901
3617 902
3621 903
3625 904
3629 905
3633 906
3637 907
3641 908
3645 909
3649 910
3653 911
3657 912
3661 913
3665 914
3669 915
3673 916
3677 917
3681 918
3685 919
3689 920
3693 921
3697 922
3701 923
3705 924
3709 925
3713 926
3717 927
3721 928
3725 929
3729 930
3733 931
3737 932
3741 933
3745 934
3749 935
3753 936
3757 937
3761 938
3765 939
3769 940
3773 941
3777 942
3781 943
3785 944
3789 945
3793 946
3797 947
3801 948
3805 949
3809 950
3813 951
3817 952
3821 953
3825 954
3829 955
3833 956
3837 957
3841 958
3845 959
3849 960
3853 961
3857 962
3861 963
3865 964
3869 965
3873 966
3877 967
3881 968
3885 969
3889 970
3893 971
3897 972
3901 973
3905 974
3909 975
3913 976
3917 977
3921 978
3925 979
3929 980
3933 981
3937 982
3941 983
3945 984
3949 985
3953 986
3957 987
3961 988
3965 989
3969 990
3973 991
3977 992
3981 993
3985 994
3989 995
3993 996
3997 997
4001 998
4005 999
4009 1000
4013 1001
4017 1002
4021 1003
4025 1004
4029 1005
4033 1006
4037 1007
4041 1008
4045 1009
4049 1010
4053 1011
4057 1012
4061 1013
4065 1014
4069 1015
4073 1016
4077 1017
4081 1018
4085 1019
4089 1020
4093 1021
4097 1022
4101 1023
4105 1024
4109 1025
4113 1026
4117 1027
4121 1028
4125 1029
4129 1030
4133 1031
4137 1032
4141 1033
4145 1034
4149 1035
4153 1036
4157 1037
4161 1038
4165 1039
4169 1040
4173 1041
4177 1042
4181 1043
4185 1044
4189 1045
4193 1046
4197 1047
4201 1048
4205 1049
4209 1050
4213 1051
4217 1052
4221 1053
4225 1054
4229 1055
4233 1056
4237 1057
4241 1058
4245 1059
4249 1060
4253 1061
4257 1062
4261 1063
4265 1064
4269 1065
4273 1066
4277 1067
4281 1068
4285 1069
4289 1070
4293 1071
4297 1072
4301 1073
4305 1074
4309 1075
4313 1076
4317 1077
4321 1078
4325 1079
4329 1080
4333 1081
4337 1082
4341 1083
4345 1084
4349 1085
4353 1086
4357 1087
4361 1088
4365 1089
4369 1090
4373 1091
4377 1092
4381 1093
4385 1094
4389 1095
4393 1096
4397 1097
4401 1098
4405 1099
4409 1100
4413 1101
4417 1102
4421 1103
4425 1104
4429 1105
4433 1106
4437 1107
4441 1108
4445 1109
4449 1110
4453 1111
4457 1112
4461 1113
4465 1114
4469 1115
4473 1116
4477 1117
4481 1118
4485 1119
4489 1120
4493 1121
4497 1122
4501 1123
4505 1124
4509 1125
4513 1126
4517 1127
4521 1128
4525 1129
4529 1130
4533 1131
4537 1132
4541 1133
4545 1134
4549 1135
4553 1136
4557 1137
4561 1138
4565 1139
4569 1140
4573 1141
4577 1142
4581 1143
4585 1144
4589 1145
4593 1146
4597 1147
4601 1148
4605 1149
4609 1150
4613 1151
4617 1152
4621 1153
4625 1154
4629 1155
4633 1156
4637 1157
4641 1158
4645 1159
4649 1160
4653 1161
4657 1162
4661 1163
4665 1164
4669 1165
4673 1166
4677 1167
4681 1168
4685 1169
4689 1170
4693 1171
4697 1172
4701 1173
4705 1174
4709 1175
4713 1176
4717 1177
4721 1178
4725 1179
4729 1180
4733 1181
4737 1182
4741 1183
4745 1184
4749 1185
4753 1186
4757 1187
4761 1188
4765 1189
4769 1190
4773 1191
4777 1192
4781 1193
4785 1194
4789 1195
4793 1196
4797 1197
4801 1198
4805 1199
4809 1200
4813 1201
4817 1202
4821 1203
4825 1204
4829 1205
4833 1206
4837 1207
4841 1208
4845 1209
4849 1210
4853 1211
4857 1212
4861 1213
4865 1214
4869 1215
4873 1216
4877 1217
4881 1218
4885 1219
4889 1220
4893 1221
4897 1222
4901 1223
4905 1224
4909 1225
4913 1226
4917 1227
4921 1228
4925 1229
4929 1230
4933 1231
4937 1232
4941 1233
4945 1234
4949 1235
4953 1236
4957 1237
4961 1238
4965 1239
4969 1240
4973 1241
4977 1242
4981 1243
4985 1244
4989 1245
4993 1246
4997 1247
5001 1248
5005 1249
5009 1250
5013 1251
5017 1252
5021 1253
5025 1254
5029 1255
5033 1256
5037 1257
5041 1258
5045 1259
5049 1260
5053 1261
5057 1262
5061 1263
5065 1264
5069 1265
5073 1266
5077 1267
5081 1268
5085 1269
5089 1270
5093 1271
5097 1272
5101 1273
5105 1274
5109 1275
5113 1276
5117 1277
5121 1278
5125 1279
5129 1280
5133 1281
5137 1282
5141 1283
5145 1284
5149 1285
5153 1286
5157 1287
5161 1288
5165 1289
5169 1290
5173 1291
5177 1292
5181 1293
5185 1294
5189 1295
5193 1296
5197 1297
5201 1298
5205 1299
5209 1300
5213 1301
5217 1302
5221 1303
5225 1304
5229 1305
5233 1306
5237 1307
5241 1308
5245 1309
5249 1310
5253 1311
5257 1312
5261 1313
5265 1314
5269 1315
5273 1316
5277 1317
5281 1318
5285 1319
5289 1320
5293 1321
5297 1322
5301 1323
5305 1324
5309 1325
5313 1326
5317 1327
5321 1328
5325 1329
5329 1330
5333 1331
5337 1332
5341 1333
5345 1334
5349 1335
5353 1336
5357 1337
5361 1338
5365 1339
5369 1340
5373 1341
5377 1342
5381 1343
5385 1344
5389 1345
5393 1346
5397 1347
5401 1348
5405 1349
5409 1350
5413 1351
5417 1352
5421 1353
5425 1354
5429 1355
5433 1356
5437 1357
5441 1358
5445 1359
5449 1360
5453 1361
5457 1362
5461 1363
5465 1364
5469 1365
5473 1366
5477 1367
5481 1368
5485 1369
5489 1370
5493 1371
5497 1372
5501 1373
5505 1374
5509 1375
5513 1376
5517 1377
5521 1378
5525 1379
5529 1380
5533 1381
5537 1382
5541 1383
5545 1384
5549 1385
5553 1386
5557 1387
5561 1388
5565 1389
5569 1390
5573 1391
5577 1392
5581 1393
5585 1394
5589 1395
5593 1396
5597 1397
5601 1398
5605 1399
5609 1400
5613 1401
5617 1402
5621 1403
5625 1404
5629 1405
5633 1406
5637 1407
5641 1408
5645 1409
5649 1410
5653 1411
5657 1412
5661 1413
5665 1414
5669 1415
5673 1416
5677 1417
5681 1418
5685 1419
5689 1420
5693 1421
5697 1422
5701 1423
5705 1424
5709 1425
5713 1426
5717 1427
5721 1428
5725 1429
5729 1430
5733 1431
5737 1432
5741 1433
5745 1434
5749 1435
5753 1436
5757 1437
5761 1438
5765 1439
5769 1440
5773 1441
5777 1442
5781 1443
5785 1444
5789 1445
5793 1446
5797 1447
5801 1448
5805 1449
5809 1450
5813 1451
5817 1452
5821 1453
5825 1454
5829 1455
5833 1456
5837 1457
5841 1458
5845 1459
5849 1460
5853 1461
5857 1462
5861 1463
5865 1464
5869 1465
5873 1466
5877 1467
5881 1468
5885 1469
5889 1470
5893 1471
5897 1472
5901 1473
5905 1474
5909 1475
5913 1476
5917 1477
5921 1478
5925 1479
5929 1480
5933 1481
5937 1482
5941 1483
5945 1484
5949 1485
5953 1486
5957 1487
5961 1488
5965 1489
5969 1490
5973 1491
5977 1492
5981 1493
5985 1494
5989 1495
5993 1496
5997 1497
6001 1498
6005 1499
6009 1500
6013 1501
6017 1502
6021 1503
6025 1504
6029 1505
6033 1506
6037 1507
6041 1508
6045 1509
6049 1510
6053 1511
6057 1512
6061 1513
6065 1514
6069 1515
6073 1516
6077 1517
6081 1518
6085 1519
6089 1520
6093 1521
6097 1522
6101 1523
6105 1524
6109 1525
6113 1526
6117 1527
6121 1528
6125 1529
6129 1530
6133 1531
6137 1532
6141 1533
6145 1534
6149 1535
6153 1536
6157 1537
6161 1538
6165 1539
6169 1540
6173 1541
6177 1542
6181 1543
6185 1544
6189 1545
6193 1546
6197 1547
6201 1548
6205 1549
6209 1550
6213 1551
6217 1552
6221 1553
6225 1554
6229 1555
6233 1556
6237 1557
6241 1558
6245 1559
6249 1560
6253 1561
6257 1562
6261 1563
6265 1564
6269 1565
6273 1566
6277 1567
6281 1568
6285 1569
6289 1570
6293 1571
6297 1572
6301 1573
6305 1574
6309 1575
6313 1576
6317 1577
6321 1578
6325 1579
6329 1580
6333 1581
6337 1582
6341 1583
6345 1584
6349 1585
6353 1586
6357 1587
6361 1588
6365 1589
6369 1590
6373 1591
6377 1592
6381 1593
6385 1594
6389 1595
6393 1596
6397 1597
6401 1598
6405 1599
6409 1600
6413 1601
6417 1602
6421 1603
6425 1604
6429 1605
6433 1606
6437 1607
6441 1608
6445 1609
6449 1610
6453 1611
6457 1612
6461 1613
6465 1614
6469 1615
6473 1616
6477 1617
6481 1618
6485 1619
6489 1620
6493 1621
6497 1622
6501 1623
6505 1624
6509 1625
6513 1626
6517 1627
6521 1628
6525 1629
6529 1630
6533 1631
6537 1632
6541 1633
6545 1634
6549 1635
6553 1636
6557 1637
6561 1638
6565 1639
6569 1640
6573 1641
6577 1642
6581 1643
6585 1644
6589 1645
6593 1646
6597 1647
6601 1648
6605 1649
6609 1650
6613 1651
6617 1652
6621 1653
6625 1654
6629 1655
6633 1656
6637 1657
6641 1658
6645 1659
6649 1660
6653 1661
6657 1662
6661 1663
6665 1664
6669 1665
6673 1666
6677 1667
6681 1668
6685 1669
6689 1670
6693 1671
6697 1672
6701 1673
6705 1674
6709 1675
6713 1676
6717 1677
6721 1678
6725 1679
6729 1680
6733 1681
6737 1682
6741 1683
6745 1684
6749 1685
6753 1686
6757 1687
6761 1688
6765 1689
6769 1690
6773 1691
6777 1692
6781 1693
6785 1694
6789 1695
6793 1696
6797 1697
6801 1698
6805 1699
6809 1700
6813 1701
6817 1702
6821 1703
6825 1704
6829 1705
6833 1706
6837 1707
6841 1708
6845 1709
6849 1710
6853 1711
6857 1712
6861 1713
6865 1714
6869 1715
6873 1716
6877 1717
6881 1718
6885 1719
6889 1720
6893 1721
6897 1722
6901 1723
6905 1724
6909 1725
6913 1726
6917 1727
6921 1728
6925 1729
6929 1730
6933 1731
6937 1732
6941 1733
6945 1734
6949 1735
6953 1736
6957 1737
6961 1738
6965 1739
6969 1740
6973 1741
6977 1742
6981 1743
6985 1744
6989 1745
6993 1746
6997 1747
7001 1748
7005 1749
7009 1750
7013 1751
7017 1752
7021 1753
7025 1754
7029 1755
7033 1756
7037 1757
7041 1758
7045 1759
7049 1760
7053 1761
7057 1762
7061 1763
7065 1764
7069 1765
7073 1766
7077 1767
7081 1768
7085 1769
7089 1770
7093 1771
7097 1772
7101 1773
7105 1774
7109 1775
7113 1776
7117 1777
7121 1778
7125 1779
7129 1780
7133 1781
7137 1782
7141 1783
7145 1784
7149 1785
7153 1786
7157 1787
7161 1788
7165 1789
7169 1790
7173 1791
7177 1792
7181 1793
7185 1794
7189 1795
7193 1796
7197 1797
7201 1798
7205 1799
7209 1800
7213 1801
7217 1802
7221 1803
7225 1804
7229 1805
7233 1806
7237 1807
7241 1808
7245 1809
7249 1810
7253 1811
7257 1812
7261 1813
7265 1814
7269 1815
7273 1816
7277 1817
7281 1818
7285 1819
7289 1820
7293 1821
7297 1822
7301 1823
7305 1824
7309 1825
7313 1826
7317 1827
7321 1828
7325 1829
7329 1830
7333 1831
7337 1832
7341 1833
7345 1834
7349 1835
7353 1836
7357 1837
7361 1838
7365 1839
7369 1840
7373 1841
7377 1842
7381 1843
7385 1844
7389 1845
7393 1846
7397 1847
7401 1848
7405 1849
7409 1850
7413 1851
7417 1852
7421 1853
7425 1854
7429 1855
7433 1856
7437 1857
7441 1858
7445 1859
7449 1860
7453 1861
7457 1862
7461 1863
7465 1864
7469 1865
7473 1866
7477 1867
7481 1868
7485 1869
7489 1870
7493 1871
7497 1872
7501 1873
7505 1874
7509 1875
7513 1876
7517 1877
7521 1878
7525 1879
7529 1880
7533 1881
7537 1882
7541 1883
7545 1884
7549 1885
7553 1886
7557 1887
7561 1888
7565 1889
7569 1890
7573 1891
7577 1892
7581 1893
7585 1894
7589 1895
7593 1896
7597 1897
7601 1898
7605 1899
7609 1900
7613 1901
7617 1902
7621 1903
7625 1904
7629 1905
7633 1906
7637 1907
7641 1908
7645 1909
7649 1910
7653 1911
7657 1912
7661 1913
7665 1914
7669 1915
7673 1916
7677 1917
7681 1918
7685 1919
7689 1920
7693 1921
7697 1922
7701 1923
7705 1924
7709 1925
7713 1926
7717 1927
7721 1928
7725 1929
7729 1930
7733 1931
7737 1932
7741 1933
7745 1934
7749 1935
7753 1936
7757 1937
7761 1938
7765 1939
7769 1940
7773 1941
7777 1942
7781 1943
7785 1944
7789 1945
7793 1946
7797 1947
7801 1948
7805 1949
7809 1950
7813 1951
7817 1952
7821 1953
7825 1954
7829 1955
7833 1956
7837 1957
7841 1958
7845 1959
7849 1960
7853 1961
7857 1962
7861 1963
7865 1964
7869 1965
7873 1966
7877 1967
7881 1968
7885 1969
7889 1970
7893 1971
7897 1972
7901 1973
7905 1974
7909 1975
7913 1976
7917 1977
7921 1978
7925 1979
7929 1980
7933 1981
7937 1982
7941 1983
7945 1984
7949 1985
7953 1986
7957 1987
7961 1988
7965 1989
7969 1990
7973 1991
7977 1992
7981 1993
7985 1994
7989 1995
7993 1996
7997 1997
8001 1998
8005 1999
8009 2000
