40 11
43 12
46 13
49 14
52 15
55 16
58 17
61 18
64 19
67 20
70 21
73 22
76 23
79 24
82 25
85 26
88 27
91 28
94 29
97 30
100 31
103 32
106 33
109 34
112 35
115 36
118 37
121 38
124 39
127 40
130 41
133 42
136 43
139 44
142 45
145 46
148 47
151 48
154 49
157 50
160 51
163 52
166 53
169 54
172 55
175 56
178 57
181 58
184 59
187 60
190 61
193 62
196 63
199 64
202 65
205 66
208 67
211 68
214 69
217 70
220 71
223 72
226 73
229 74
232 75
235 76
238 77
241 78
244 79
247 80
250 81
253 82
256 83
259 84
262 85
265 86
268 87
271 88
274 89
277 90
280 91
283 92
286 93
289 94
292 95
295 96
298 97
301 98
304 99
307 100
310 101
313 102
316 103
319 104
322 105
325 106
328 107
331 108
334 109
337 110
340 111
343 112
346 113
349 114
352 115
355 116
358 117
361 118
364 119
367 120
370 121
373 122
376 123
379 124
382 125
385 126
388 127
391 128
394 129
397 130
400 131
403 132
406 133
409 134
412 135
415 136
418 137
421 138
424 139
427 140
430 141
433 142
436 143
439 144
442 145
445 146
448 147
451 148
454 149
457 150
460 151
463 152
466 153
469 154
472 155
475 156
478 157
481 158
484 159
487 160
490 161
493 162
496 163
499 164
502 165
505 166
508 167
511 168
514 169
517 170
520 171
523 172
526 173
529 174
532 175
535 176
538 177
541 178
544 179
547 180
550 181
553 182
556 183
559 184
562 185
565 186
568 187
571 188
574 189
577 190
580 191
583 192
586 193
589 194
592 195
595 196
598 197
601 198
604 199
607 200
610 201
613 202
616 203
619 204
622 205
625 206
628 207
631 208
634 209
637 210
640 211
643 212
646 213
649 214
652 215
655 216
658 217
661 218
664 219
667 220
670 221
673 222
676 223
679 224
682 225
685 226
688 227
691 228
694 229
697 230
700 231
703 232
706 233
709 234
712 235
715 236
718 237
721 238
724 239
727 240
730 241
733 242
736 243
739 244
742 245
745 246
748 247
751 248
754 249
757 250
760 251
763 252
766 253
769 254
772 255
775 256
778 257
781 258
784 259
787 260
790 261
793 262
796 263
799 264
802 265
805 266
808 267
811 268
814 269
817 270
820 271
823 272
826 273
829 274
832 275
835 276
838 277
841 278
844 279
847 280
850 281
853 282
856 283
859 284
862 285
865 286
868 287
871 288
874 289
877 290
880 291
883 292
886 293
889 294
892 295
895 296
898 297
901 298
904 299
907 300
910 301
913 302
916 303
919 304
922 305
925 306
928 307
931 308
934 309
937 310
940 311
943 312
946 313
949 314
952 315
955 316
958 317
961 318
964 319
967 320
970 321
973 322
976 323
979 324
982 325
985 326
988 327
991 328
994 329
997 330
1000 331
1003 332
1006 333
1009 334
1012 335
1015 336
1018 337
1021 338
1024 339
1027 340
1030 341
1033 342
1036 343
1039 344
1042 345
1045 346
1048 347
1051 348
1054 349
1057 350
1060 351
1063 352
1066 353
1069 354
1072 355
1075 356
1078 357
1081 358
1084 359
1087 360
1090 361
1093 362
1096 363
1099 364
1102 365
1105 366
1108 367
1111 368
1114 369
1117 370
1120 371
1123 372
1126 373
1129 374
1132 375
1135 376
1138 377
1141 378
1144 379
1147 380
1150 381
1153 382
1156 383
1159 384
1162 385
1165 386
1168 387
1171 388
1174 389
1177 390
1180 391
1183 392
1186 393
1189 394
1192 395
1195 396
1198 397
1201 398
1204 399
1207 400
1210 401
1213 402
1216 403
1219 404
1222 405
1225 406
1228 407
1231 408
1234 409
1237 410
1240 411
1243 412
1246 413
1249 414
1252 415
1255 416
1258 417
1261 418
1264 419
1267 420
1270 421
1273 422
1276 423
1279 424
1282 425
1285 426
1288 427
1291 428
1294 429
1297 430
1300 431
1303 432
1306 433
1309 434
1312 435
1315 436
1318 437
1321 438
1324 439
1327 440
1330 441
1333 442
1336 443
1339 444
1342 445
1345 446
1348 447
1351 448
1354 449
1357 450
1360 451
1363 452
1366 453
1369 454
1372 455
1375 456
1378 457
1381 458
1384 459
1387 460
1390 461
1393 462
1396 463
1399 464
1402 465
1405 466
1408 467
1411 468
1414 469
1417 470
1420 471
1423 472
1426 473
1429 474
1432 475
1435 476
1438 477
1441 478
1444 479
1447 480
1450 481
1453 482
1456 483
1459 484
1462 485
1465 486
1468 487
1471 488
1474 489
1477 490
1480 491
1483 492
1486 493
1489 494
1492 495
1495 496
1498 497
1501 498
1504 499
1507 500
1510 501
1513 502
1516 503
1519 504
1522 505
1525 506
1528 507
1531 508
1534 509
1537 510
1540 511
1543 512
1546 513
1549 514
1552 515
1555 516
1558 517
1561 518
1564 519
1567 520
1570 521
1573 522
1576 523
1579 524
1582 525
1585 526
1588 527
1591 528
1594 529
1597 530
1600 531
1603 532
1606 533
1609 534
1612 535
1615 536
1618 537
1621 538
1624 539
1627 540
1630 541
1633 542
1636 543
1639 544
1642 545
1645 546
1648 547
1651 548
1654 549
1657 550
1660 551
1663 552
1666 553
1669 554
1672 555
1675 556
1678 557
1681 558
1684 559
1687 560
1690 561
1693 562
1696 563
1699 564
1702 565
1705 566
1708 567
1711 568
1714 569
1717 570
1720 571
1723 572
1726 573
1729 574
1732 575
1735 576
1738 577
1741 578
1744 579
1747 580
1750 581
1753 582
1756 583
1759 584
1762 585
1765 586
1768 587
1771 588
1774 589
1777 590
1780 591
1783 592
1786 593
1789 594
1792 595
1795 596
1798 597
1801 598
1804 599
1807 600
1810 601
1813 602
1816 603
1819 604
1822 605
1825 606
1828 607
1831 608
1834 609
1837 610
1840 611
1843 612
1846 613
1849 614
1852 615
1855 616
1858 617
1861 618
1864 619
1867 620
1870 621
1873 622
1876 623
1879 624
1882 625
1885 626
1888 627
1891 628
1894 629
1897 630
1900 631
1903 632
1906 633
1909 634
1912 635
1915 636
1918 637
1921 638
1924 639
1927 640
1930 641
1933 642
1936 643
1939 644
1942 645
1945 646
1948 647
1951 648
1954 649
1957 650
1960 651
1963 652
1966 653
1969 654
1972 655
1975 656
1978 657
1981 658
1984 659
1987 660
1990 661
1993 662
1996 663
1999 664
2002 665
2005 666
2008 667
2011 668
2014 669
2017 670
2020 671
2023 672
2026 673
2029 674
2032 675
2035 676
2038 677
2041 678
2044 679
2047 680
2050 681
2053 682
2056 683
2059 684
2062 685
2065 686
2068 687
2071 688
2074 689
2077 690
2080 691
2083 692
2086 693
2089 694
2092 695
2095 696
2098 697
2101 698
2104 699
2107 700
2110 701
2113 702
2116 703
2119 704
2122 705
2125 706
2128 707
2131 708
2134 709
2137 710
2140 711
2143 712
2146 713
2149 714
2152 715
2155 716
2158 717
2161 718
2164 719
2167 720
2170 721
2173 722
2176 723
2179 724
2182 725
2185 726
2188 727
2191 728
2194 729
2197 730
2200 731
2203 732
2206 733
2209 734
2212 735
2215 736
2218 737
2221 738
2224 739
2227 740
2230 741
2233 742
2236 743
2239 744
2242 745
2245 746
2248 747
2251 748
2254 749
2257 750
2260 751
2263 752
2266 753
2269 754
2272 755
2275 756
2278 757
2281 758
2284 759
2287 760
2290 761
2293 762
2296 763
2299 764
2302 765
2305 766
2308 767
2311 768
2314 769
2317 770
2320 771
2323 772
2326 773
2329 774
2332 775
2335 776
2338 777
2341 778
2344 779
2347 780
2350 781
2353 782
2356 783
2359 784
2362 785
2365 786
2368 787
2371 788
2374 789
2377 790
2380 791
2383 792
2386 793
2389 794
2392 795
2395 796
2398 797
2401 798
2404 799
2407 800
2410 801
2413 802
2416 803
2419 804
2422 805
2425 806
2428 807
2431 808
2434 809
2437 810
2440 811
2443 812
2446 813
2449 814
2452 815
2455 816
2458 817
2461 818
2464 819
2467 820
2470 821
2473 822
2476 823
2479 824
2482 825
2485 826
2488 827
2491 828
2494 829
2497 830
2500 831
2503 832
2506 833
2509 834
2512 835
2515 836
2518 837
2521 838
2524 839
2527 840
2530 841
2533 842
2536 843
2539 844
2542 845
2545 846
2548 847
2551 848
2554 849
2557 850
2560 851
2563 852
2566 853
2569 854
2572 855
2575 856
2578 857
2581 858
2584 859
2587 860
2590 861
2593 862
2596 863
2599 864
2602 865
2605 866
2608 867
2611 868
2614 869
2617 870
2620 871
2623 872
2626 873
2629 874
2632 875
2635 876
2638 877
2641 878
2644 879
2647 880
2650 881
2653 882
2656 883
2659 884
2662 885
2665 886
2668 887
2671 888
2674 889
2677 890
2680 891
2683 892
2686 893
2689 894
2692 895
2695 896
2698 897
2701 898
2704 899
2707 900
2710 901
2713 902
2716 903
2719 904
2722 905
2725 906
2728 907
2731 908
2734 909
2737 910
2740 911
2743 912
2746 913
2749 914
2752 915
2755 916
2758 917
2761 918
2764 919
2767 920
2770 921
2773 922
2776 923
2779 924
2782 925
2785 926
2788 927
2791 928
2794 929
2797 930
2800 931
2803 932
2806 933
2809 934
2812 935
2815 936
2818 937
2821 938
2824 939
2827 940
2830 941
2833 942
2836 943
2839 944
2842 945
2845 946
2848 947
2851 948
2854 949
2857 950
2860 951
2863 952
2866 953
2869 954
2872 955
2875 956
2878 957
2881 958
2884 959
2887 960
2890 961
2893 962
2896 963
2899 964
2902 965
2905 966
2908 967
2911 968
2914 969
2917 970
2920 971
2923 972
2926 973
2929 974
2932 975
2935 976
2938 977
2941 978
2944 979
2947 980
2950 981
2953 982
2956 983
2959 984
2962 985
2965 986
2968 987
2971 988
2974 989
2977 990
2980 991
2983 992
2986 993
2989 994
2992 995
2995 996
2998 997
3001 998
3004 999
3007 1000
3010 1001
3013 1002
3016 1003
3019 1004
3022 1005
3025 1006
3028 1007
3031 1008
3034 1009
3037 1010
3040 1011
3043 1012
3046 1013
3049 1014
3052 1015
3055 1016
3058 1017
3061 1018
3064 1019
3067 1020
3070 1021
3073 1022
3076 1023
3079 1024
3082 1025
3085 1026
3088 1027
3091 1028
3094 1029
3097 1030
3100 1031
3103 1032
3106 1033
3109 1034
3112 1035
3115 1036
3118 1037
3121 1038
3124 1039
3127 1040
3130 1041
3133 1042
3136 1043
3139 1044
3142 1045
3145 1046
3148 1047
3151 1048
3154 1049
3157 1050
3160 1051
3163 1052
3166 1053
3169 1054
3172 1055
3175 1056
3178 1057
3181 1058
3184 1059
3187 1060
3190 1061
3193 1062
3196 1063
3199 1064
3202 1065
3205 1066
3208 1067
3211 1068
3214 1069
3217 1070
3220 1071
3223 1072
3226 1073
3229 1074
3232 1075
3235 1076
3238 1077
3241 1078
3244 1079
3247 1080
3250 1081
3253 1082
3256 1083
3259 1084
3262 1085
3265 1086
3268 1087
3271 1088
3274 1089
3277 1090
3280 1091
3283 1092
3286 1093
3289 1094
3292 1095
3295 1096
3298 1097
3301 1098
3304 1099
3307 1100
3310 1101
3313 1102
3316 1103
3319 1104
3322 1105
3325 1106
3328 1107
3331 1108
3334 1109
3337 1110
3340 1111
3343 1112
3346 1113
3349 1114
3352 1115
3355 1116
3358 1117
3361 1118
3364 1119
3367 1120
3370 1121
3373 1122
3376 1123
3379 1124
3382 1125
3385 1126
3388 1127
3391 1128
3394 1129
3397 1130
3400 1131
3403 1132
3406 1133
3409 1134
3412 1135
3415 1136
3418 1137
3421 1138
3424 1139
3427 1140
3430 1141
3433 1142
3436 1143
3439 1144
3442 1145
3445 1146
3448 1147
3451 1148
3454 1149
3457 1150
3460 1151
3463 1152
3466 1153
3469 1154
3472 1155
3475 1156
3478 1157
3481 1158
3484 1159
3487 1160
3490 1161
3493 1162
3496 1163
3499 1164
3502 1165
3505 1166
3508 1167
3511 1168
3514 1169
3517 1170
3520 1171
3523 1172
3526 1173
3529 1174
3532 1175
3535 1176
3538 1177
3541 1178
3544 1179
3547 1180
3550 1181
3553 1182
3556 1183
3559 1184
3562 1185
3565 1186
3568 1187
3571 1188
3574 1189
3577 1190
3580 1191
3583 1192
3586 1193
3589 1194
3592 1195
3595 1196
3598 1197
3601 1198
3604 1199
3607 1200
3610 1201
3613 1202
3616 1203
3619 1204
3622 1205
3625 1206
3628 1207
3631 1208
3634 1209
3637 1210
3640 1211
3643 1212
3646 1213
3649 1214
3652 1215
3655 1216
3658 1217
3661 1218
3664 1219
3667 1220
3670 1221
3673 1222
3676 1223
3679 1224
3682 1225
3685 1226
3688 1227
3691 1228
3694 1229
3697 1230
3700 1231
3703 1232
3706 1233
3709 1234
3712 1235
3715 1236
3718 1237
3721 1238
3724 1239
3727 1240
3730 1241
3733 1242
3736 1243
3739 1244
3742 1245
3745 1246
3748 1247
3751 1248
3754 1249
3757 1250
3760 1251
3763 1252
3766 1253
3769 1254
3772 1255
3775 1256
3778 1257
3781 1258
3784 1259
3787 1260
3790 1261
3793 1262
3796 1263
3799 1264
3802 1265
3805 1266
3808 1267
3811 1268
3814 1269
3817 1270
3820 1271
3823 1272
3826 1273
3829 1274
3832 1275
3835 1276
3838 1277
3841 1278
3844 1279
3847 1280
3850 1281
3853 1282
3856 1283
3859 1284
3862 1285
3865 1286
3868 1287
3871 1288
3874 1289
3877 1290
3880 1291
3883 1292
3886 1293
3889 1294
3892 1295
3895 1296
3898 1297
3901 1298
3904 1299
3907 1300
3910 1301
3913 1302
3916 1303
3919 1304
3922 1305
3925 1306
3928 1307
3931 1308
3934 1309
3937 1310
3940 1311
3943 1312
3946 1313
3949 1314
3952 1315
3955 1316
3958 1317
3961 1318
3964 1319
3967 1320
3970 1321
3973 1322
3976 1323
3979 1324
3982 1325
3985 1326
3988 1327
3991 1328
3994 1329
3997 1330
4000 1331
4003 1332
4006 1333
4009 1334
4012 1335
4015 1336
4018 1337
4021 1338
4024 1339
4027 1340
4030 1341
4033 1342
4036 1343
4039 1344
4042 1345
4045 1346
4048 1347
4051 1348
4054 1349
4057 1350
4060 1351
4063 1352
4066 1353
4069 1354
4072 1355
4075 1356
4078 1357
4081 1358
4084 1359
4087 1360
4090 1361
4093 1362
4096 1363
4099 1364
4102 1365
4105 1366
4108 1367
4111 1368
4114 1369
4117 1370
4120 1371
4123 1372
4126 1373
4129 1374
4132 1375
4135 1376
4138 1377
4141 1378
4144 1379
4147 1380
4150 1381
4153 1382
4156 1383
4159 1384
4162 1385
4165 1386
4168 1387
4171 1388
4174 1389
4177 1390
4180 1391
4183 1392
4186 1393
4189 1394
4192 1395
4195 1396
4198 1397
4201 1398
4204 1399
4207 1400
4210 1401
4213 1402
4216 1403
4219 1404
4222 1405
4225 1406
4228 1407
4231 1408
4234 1409
4237 1410
4240 1411
4243 1412
4246 1413
4249 1414
4252 1415
4255 1416
4258 1417
4261 1418
4264 1419
4267 1420
4270 1421
4273 1422
4276 1423
4279 1424
4282 1425
4285 1426
4288 1427
4291 1428
4294 1429
4297 1430
4300 1431
4303 1432
4306 1433
4309 1434
4312 1435
4315 1436
4318 1437
4321 1438
4324 1439
4327 1440
4330 1441
4333 1442
4336 1443
4339 1444
4342 1445
4345 1446
4348 1447
4351 1448
4354 1449
4357 1450
4360 1451
4363 1452
4366 1453
4369 1454
4372 1455
4375 1456
4378 1457
4381 1458
4384 1459
4387 1460
4390 1461
4393 1462
4396 1463
4399 1464
4402 1465
4405 1466
4408 1467
4411 1468
4414 1469
4417 1470
4420 1471
4423 1472
4426 1473
4429 1474
4432 1475
4435 1476
4438 1477
4441 1478
4444 1479
4447 1480
4450 1481
4453 1482
4456 1483
4459 1484
4462 1485
4465 1486
4468 1487
4471 1488
4474 1489
4477 1490
4480 1491
4483 1492
4486 1493
4489 1494
4492 1495
4495 1496
4498 1497
4501 1498
4504 1499
4507 1500
4510 1501
4513 1502
4516 1503
4519 1504
4522 1505
4525 1506
4528 1507
4531 1508
4534 1509
4537 1510
4540 1511
4543 1512
4546 1513
4549 1514
4552 1515
4555 1516
4558 1517
4561 1518
4564 1519
4567 1520
4570 1521
4573 1522
4576 1523
4579 1524
4582 1525
4585 1526
4588 1527
4591 1528
4594 1529
4597 1530
4600 1531
4603 1532
4606 1533
4609 1534
4612 1535
4615 1536
4618 1537
4621 1538
4624 1539
4627 1540
4630 1541
4633 1542
4636 1543
4639 1544
4642 1545
4645 1546
4648 1547
4651 1548
4654 1549
4657 1550
4660 1551
4663 1552
4666 1553
4669 1554
4672 1555
4675 1556
4678 1557
4681 1558
4684 1559
4687 1560
4690 1561
4693 1562
4696 1563
4699 1564
4702 1565
4705 1566
4708 1567
4711 1568
4714 1569
4717 1570
4720 1571
4723 1572
4726 1573
4729 1574
4732 1575
4735 1576
4738 1577
4741 1578
4744 1579
4747 1580
4750 1581
4753 1582
4756 1583
4759 1584
4762 1585
4765 1586
4768 1587
4771 1588
4774 1589
4777 1590
4780 1591
4783 1592
4786 1593
4789 1594
4792 1595
4795 1596
4798 1597
4801 1598
4804 1599
4807 1600
4810 1601
4813 1602
4816 1603
4819 1604
4822 1605
4825 1606
4828 1607
4831 1608
4834 1609
4837 1610
4840 1611
4843 1612
4846 1613
4849 1614
4852 1615
4855 1616
4858 1617
4861 1618
4864 1619
4867 1620
4870 1621
4873 1622
4876 1623
4879 1624
4882 1625
4885 1626
4888 1627
4891 1628
4894 1629
4897 1630
4900 1631
4903 1632
4906 1633
4909 1634
4912 1635
4915 1636
4918 1637
4921 1638
4924 1639
4927 1640
4930 1641
4933 1642
4936 1643
4939 1644
4942 1645
4945 1646
4948 1647
4951 1648
4954 1649
4957 1650
4960 1651
4963 1652
4966 1653
4969 1654
4972 1655
4975 1656
4978 1657
4981 1658
4984 1659
4987 1660
4990 1661
4993 1662
4996 1663
4999 1664
5002 1665
5005 1666
5008 1667
5011 1668
5014 1669
5017 1670
5020 1671
5023 1672
5026 1673
5029 1674
5032 1675
5035 1676
5038 1677
5041 1678
5044 1679
5047 1680
5050 1681
5053 1682
5056 1683
5059 1684
5062 1685
5065 1686
5068 1687
5071 1688
5074 1689
5077 1690
5080 1691
5083 1692
5086 1693
5089 1694
5092 1695
5095 1696
5098 1697
5101 1698
5104 1699
5107 1700
5110 1701
5113 1702
5116 1703
5119 1704
5122 1705
5125 1706
5128 1707
5131 1708
5134 1709
5137 1710
5140 1711
5143 1712
5146 1713
5149 1714
5152 1715
5155 1716
5158 1717
5161 1718
5164 1719
5167 1720
5170 1721
5173 1722
5176 1723
5179 1724
5182 1725
5185 1726
5188 1727
5191 1728
5194 1729
5197 1730
5200 1731
5203 1732
5206 1733
5209 1734
5212 1735
5215 1736
5218 1737
5221 1738
5224 1739
5227 1740
5230 1741
5233 1742
5236 1743
5239 1744
5242 1745
5245 1746
5248 1747
5251 1748
5254 1749
5257 1750
5260 1751
5263 1752
5266 1753
5269 1754
5272 1755
5275 1756
5278 1757
5281 1758
5284 1759
5287 1760
5290 1761
5293 1762
5296 1763
5299 1764
5302 1765
5305 1766
5308 1767
5311 1768
5314 1769
5317 1770
5320 1771
5323 1772
5326 1773
5329 1774
5332 1775
5335 1776
5338 1777
5341 1778
5344 1779
5347 1780
5350 1781
5353 1782
5356 1783
5359 1784
5362 1785
5365 1786
5368 1787
5371 1788
5374 1789
5377 1790
5380 1791
5383 1792
5386 1793
5389 1794
5392 1795
5395 1796
5398 1797
5401 1798
5404 1799
5407 1800
5410 1801
5413 1802
5416 1803
5419 1804
5422 1805
5425 1806
5428 1807
5431 1808
5434 1809
5437 1810
5440 1811
5443 1812
5446 1813
5449 1814
5452 1815
5455 1816
5458 1817
5461 1818
5464 1819
5467 1820
5470 1821
5473 1822
5476 1823
5479 1824
5482 1825
5485 1826
5488 1827
5491 1828
5494 1829
5497 1830
5500 1831
5503 1832
5506 1833
5509 1834
5512 1835
5515 1836
5518 1837
5521 1838
5524 1839
5527 1840
5530 1841
5533 1842
5536 1843
5539 1844
5542 1845
5545 1846
5548 1847
5551 1848
5554 1849
5557 1850
5560 1851
5563 1852
5566 1853
5569 1854
5572 1855
5575 1856
5578 1857
5581 1858
5584 1859
5587 1860
5590 1861
5593 1862
5596 1863
5599 1864
5602 1865
5605 1866
5608 1867
5611 1868
5614 1869
5617 1870
5620 1871
5623 1872
5626 1873
5629 1874
5632 1875
5635 1876
5638 1877
5641 1878
5644 1879
5647 1880
5650 1881
5653 1882
5656 1883
5659 1884
5662 1885
5665 1886
5668 1887
5671 1888
5674 1889
5677 1890
5680 1891
5683 1892
5686 1893
5689 1894
5692 1895
5695 1896
5698 1897
5701 1898
5704 1899
5707 1900
5710 1901
5713 1902
5716 1903
5719 1904
5722 1905
5725 1906
5728 1907
5731 1908
5734 1909
5737 1910
5740 1911
5743 1912
5746 1913
5749 1914
5752 1915
5755 1916
5758 1917
5761 1918
5764 1919
5767 1920
5770 1921
5773 1922
5776 1923
5779 1924
5782 1925
5785 1926
5788 1927
5791 1928
5794 1929
5797 1930
5800 1931
5803 1932
5806 1933
5809 1934
5812 1935
5815 1936
5818 1937
5821 1938
5824 1939
5827 1940
5830 1941
5833 1942
5836 1943
5839 1944
5842 1945
5845 1946
5848 1947
5851 1948
5854 1949
5857 1950
5860 1951
5863 1952
5866 1953
5869 1954
5872 1955
5875 1956
5878 1957
5881 1958
5884 1959
5887 1960
5890 1961
5893 1962
5896 1963
5899 1964
5902 1965
5905 1966
5908 1967
5911 1968
5914 1969
5917 1970
5920 1971
5923 1972
5926 1973
5929 1974
5932 1975
5935 1976
5938 1977
5941 1978
5944 1979
5947 1980
5950 1981
5953 1982
5956 1983
5959 1984
5962 1985
5965 1986
5968 1987
5971 1988
5974 1989
5977 1990
5980 1991
5983 1992
5986 1993
5989 1994
5992 1995
5995 1996
5998 1997
6001 1998
6004 1999
6007 2000
