4,11,2,1,2,3,3,4,4,3,1,4,0,
4,12,2,4,2,1,3,1,2,3,3,4,4,0,
4,13,1,3,2,1,3,1,4,2,4,2,3,4,0,
4,14,1,4,3,2,1,3,1,4,2,4,2,3,4,0,
4,15,1,3,3,2,1,3,4,4,2,3,1,4,2,4,0,
4,16,1,2,2,3,3,2,4,3,4,4,2,1,3,1,4,0,
4,17,1,1,2,2,1,3,2,3,3,1,4,2,4,3,4,4,0,
4,18,4,1,1,2,2,1,3,2,3,3,1,4,2,4,3,4,4,0,
4,19,3,4,4,1,1,2,2,1,3,2,3,3,1,4,2,4,3,4,0,
4,20,3,2,4,3,4,4,1,1,2,2,1,3,2,3,3,1,4,2,4,0,
4,21,2,3,3,1,4,2,4,3,4,4,1,1,2,2,1,3,2,3,1,4,0,
4,22,2,3,3,4,1,4,2,4,3,4,4,1,1,2,2,1,3,2,3,1,4,0,
4,23,1,3,2,3,3,4,4,1,1,4,2,1,2,2,4,3,1,3,2,3,4,4,0,
4,24,2,3,2,4,1,3,4,4,1,1,4,2,1,2,2,3,3,2,4,3,1,3,4,0,
4,25,3,3,1,4,1,2,2,4,1,1,3,2,3,3,4,4,2,1,4,3,1,2,2,4,0,
4,26,3,4,3,1,4,1,2,2,4,1,1,3,2,3,3,4,4,2,1,4,3,1,2,2,4,0,
4,27,1,2,2,3,3,3,4,4,1,4,1,1,3,2,4,2,1,2,2,3,3,4,4,3,1,4,0,
4,28,1,3,2,4,1,2,2,3,3,4,4,1,1,4,3,2,4,2,1,3,1,2,2,3,3,4,4,0,
4,29,3,2,1,3,1,4,2,4,1,2,2,3,3,4,4,1,1,4,3,2,4,2,1,3,1,2,3,4,0,
4,30,4,3,2,1,3,1,4,2,4,1,2,2,3,3,4,4,1,1,4,3,2,4,2,1,3,1,2,3,4,0,
4,31,3,3,2,1,3,4,4,2,3,3,1,4,1,2,2,4,3,4,4,1,1,3,2,1,4,2,3,1,2,4,0,
4,32,2,2,3,3,2,1,2,2,4,3,1,3,2,3,3,4,4,1,4,2,4,3,4,4,1,1,2,1,3,1,4,0,
4,33,1,1,2,2,1,3,2,3,3,1,4,2,4,3,4,4,1,1,2,2,1,3,2,3,3,1,4,2,4,3,4,4,0,
4,34,1,1,2,2,1,3,2,3,3,4,1,4,2,4,3,4,4,1,1,2,2,1,3,2,3,3,1,4,2,4,3,4,4,0,
4,35,1,1,2,2,3,1,3,2,3,3,4,4,1,4,2,4,3,4,4,1,1,2,2,1,3,2,3,3,1,4,2,4,3,4,0,
4,36,1,3,2,1,2,2,4,3,1,3,2,3,3,4,4,1,4,2,4,3,4,4,1,1,2,2,1,3,2,3,3,1,4,2,4,0,
4,37,2,3,3,1,1,4,2,1,2,2,4,3,1,3,2,3,3,4,4,1,4,2,4,3,4,4,1,1,2,2,1,3,2,3,1,4,0,
4,38,2,3,3,4,1,1,4,2,1,2,2,4,3,1,3,2,3,3,4,4,1,4,2,4,3,4,4,1,1,2,2,1,3,2,3,1,4,0,
4,39,1,1,3,2,3,3,4,4,2,1,4,3,1,2,2,4,1,3,2,3,3,4,4,1,1,4,2,1,2,2,4,3,1,3,2,3,4,4,0,
4,40,2,3,2,4,1,1,3,4,4,2,1,2,2,3,3,1,4,3,2,4,1,3,4,4,1,1,4,2,1,2,2,3,3,2,4,3,1,3,4,0,
4,41,3,3,1,4,1,1,2,2,1,3,2,4,2,3,3,4,4,3,1,4,1,2,2,4,1,1,3,2,3,3,4,4,2,1,4,3,1,2,2,4,0,
4,42,3,4,3,1,4,1,1,2,2,1,3,2,4,2,3,3,4,4,3,1,4,1,2,2,4,1,1,3,2,3,3,4,4,2,1,4,3,1,2,2,4,0,
4,43,1,2,2,3,3,3,4,4,1,1,3,2,1,4,2,3,3,1,2,2,4,3,4,4,1,4,1,1,3,2,4,2,1,2,2,3,3,4,4,3,1,4,0,
4,44,1,3,2,4,1,1,2,2,3,3,4,4,3,2,1,3,1,4,2,4,1,2,2,3,3,4,4,1,1,4,3,2,4,2,1,3,1,2,2,3,3,4,4,0,
4,45,3,2,1,3,1,4,2,4,1,1,2,2,3,3,4,4,3,2,1,3,1,4,2,4,1,2,2,3,3,4,4,1,1,4,3,2,4,2,1,3,1,2,3,4,0,
4,46,4,3,2,1,3,1,4,2,4,1,1,2,2,3,3,4,4,3,2,1,3,1,4,2,4,1,2,2,3,3,4,4,1,1,4,3,2,4,2,1,3,1,2,3,4,0,
4,47,3,3,2,1,3,4,4,2,3,3,1,4,1,1,2,2,4,3,2,1,3,4,4,2,3,3,1,4,1,2,2,4,3,4,4,1,1,3,2,1,4,2,3,1,2,4,0,
4,48,2,2,3,3,2,1,2,2,4,3,1,3,2,3,3,4,4,1,1,4,2,1,2,2,4,3,1,3,2,3,3,4,4,1,4,2,4,3,4,4,1,1,2,1,3,1,4,0,
4,49,1,1,2,2,1,3,2,3,3,1,1,4,2,1,2,2,4,3,1,3,2,3,3,4,4,1,4,2,4,3,4,4,1,1,2,2,1,3,2,3,3,1,4,2,4,3,4,4,0,
4,50,1,1,2,2,1,3,2,3,3,4,1,1,4,2,1,2,2,4,3,1,3,2,3,3,4,4,1,4,2,4,3,4,4,1,1,2,2,1,3,2,3,3,1,4,2,4,3,4,4,0,
4,51,1,1,2,2,3,1,3,2,3,3,4,4,1,1,4,2,1,2,2,4,3,1,3,2,3,3,4,4,1,4,2,4,3,4,4,1,1,2,2,1,3,2,3,3,1,4,2,4,3,4,0,
4,52,1,3,2,1,2,2,4,3,1,3,2,3,3,4,4,1,1,4,2,1,2,2,4,3,1,3,2,3,3,4,4,1,4,2,4,3,4,4,1,1,2,2,1,3,2,3,3,1,4,2,4,0,
4,53,2,3,3,1,1,4,2,1,2,2,4,3,1,3,2,3,3,4,4,1,1,4,2,1,2,2,4,3,1,3,2,3,3,4,4,1,4,2,4,3,4,4,1,1,2,2,1,3,2,3,1,4,0,
4,54,2,3,3,4,1,1,4,2,1,2,2,4,3,1,3,2,3,3,4,4,1,1,4,2,1,2,2,4,3,1,3,2,3,3,4,4,1,4,2,4,3,4,4,1,1,2,2,1,3,2,3,1,4,0,
4,55,1,1,3,2,3,3,4,4,2,1,4,3,1,2,2,4,1,1,3,2,3,3,4,4,2,1,4,3,1,2,2,4,1,3,2,3,3,4,4,1,1,4,2,1,2,2,4,3,1,3,2,3,4,4,0,
4,56,2,3,2,4,1,1,3,4,4,2,1,2,2,3,3,1,4,3,2,4,1,1,3,4,4,2,1,2,2,3,3,1,4,3,2,4,1,3,4,4,1,1,4,2,1,2,2,3,3,2,4,3,1,3,4,0,
4,57,3,3,1,4,1,1,2,2,1,3,2,4,2,3,3,4,4,3,1,4,1,1,2,2,1,3,2,4,2,3,3,4,4,3,1,4,1,2,2,4,1,1,3,2,3,3,4,4,2,1,4,3,1,2,2,4,0,
4,58,3,4,3,1,4,1,1,2,2,1,3,2,4,2,3,3,4,4,3,1,4,1,1,2,2,1,3,2,4,2,3,3,4,4,3,1,4,1,2,2,4,1,1,3,2,3,3,4,4,2,1,4,3,1,2,2,4,0,
4,59,1,2,2,3,3,3,4,4,1,1,3,2,1,4,2,3,3,1,2,2,4,3,4,4,1,1,3,2,1,4,2,3,3,1,2,2,4,3,4,4,1,4,1,1,3,2,4,2,1,2,2,3,3,4,4,3,1,4,0,
4,60,1,3,2,4,1,1,2,2,3,3,4,4,3,2,1,3,1,4,2,4,1,1,2,2,3,3,4,4,3,2,1,3,1,4,2,4,1,2,2,3,3,4,4,1,1,4,3,2,4,2,1,3,1,2,2,3,3,4,4,0,
4,61,3,2,1,3,1,4,2,4,1,1,2,2,3,3,4,4,3,2,1,3,1,4,2,4,1,1,2,2,3,3,4,4,3,2,1,3,1,4,2,4,1,2,2,3,3,4,4,1,1,4,3,2,4,2,1,3,1,2,3,4,0,
4,62,4,3,2,1,3,1,4,2,4,1,1,2,2,3,3,4,4,3,2,1,3,1,4,2,4,1,1,2,2,3,3,4,4,3,2,1,3,1,4,2,4,1,2,2,3,3,4,4,1,1,4,3,2,4,2,1,3,1,2,3,4,0,
4,63,3,3,2,1,3,4,4,2,3,3,1,4,1,1,2,2,4,3,2,1,3,4,4,2,3,3,1,4,1,1,2,2,4,3,2,1,3,4,4,2,3,3,1,4,1,2,2,4,3,4,4,1,1,3,2,1,4,2,3,1,2,4,0,
4,64,2,2,3,3,2,1,2,2,4,3,1,3,2,3,3,4,4,1,1,4,2,1,2,2,4,3,1,3,2,3,3,4,4,1,1,4,2,1,2,2,4,3,1,3,2,3,3,4,4,1,4,2,4,3,4,4,1,1,2,1,3,1,4,0,
4,65,1,1,2,2,1,3,2,3,3,1,1,4,2,1,2,2,4,3,1,3,2,3,3,4,4,1,1,4,2,1,2,2,4,3,1,3,2,3,3,4,4,1,4,2,4,3,4,4,1,1,2,2,1,3,2,3,3,1,4,2,4,3,4,4,0,
4,66,1,1,2,2,1,3,2,3,3,4,1,1,4,2,1,2,2,4,3,1,3,2,3,3,4,4,1,1,4,2,1,2,2,4,3,1,3,2,3,3,4,4,1,4,2,4,3,4,4,1,1,2,2,1,3,2,3,3,1,4,2,4,3,4,4,0,
4,67,1,1,2,2,3,1,3,2,3,3,4,4,1,1,4,2,1,2,2,4,3,1,3,2,3,3,4,4,1,1,4,2,1,2,2,4,3,1,3,2,3,3,4,4,1,4,2,4,3,4,4,1,1,2,2,1,3,2,3,3,1,4,2,4,3,4,0,
4,68,1,3,2,1,2,2,4,3,1,3,2,3,3,4,4,1,1,4,2,1,2,2,4,3,1,3,2,3,3,4,4,1,1,4,2,1,2,2,4,3,1,3,2,3,3,4,4,1,4,2,4,3,4,4,1,1,2,2,1,3,2,3,3,1,4,2,4,0,
4,69,2,3,3,1,1,4,2,1,2,2,4,3,1,3,2,3,3,4,4,1,1,4,2,1,2,2,4,3,1,3,2,3,3,4,4,1,1,4,2,1,2,2,4,3,1,3,2,3,3,4,4,1,4,2,4,3,4,4,1,1,2,2,1,3,2,3,1,4,0,
4,70,2,3,3,4,1,1,4,2,1,2,2,4,3,1,3,2,3,3,4,4,1,1,4,2,1,2,2,4,3,1,3,2,3,3,4,4,1,1,4,2,1,2,2,4,3,1,3,2,3,3,4,4,1,4,2,4,3,4,4,1,1,2,2,1,3,2,3,1,4,0,
4,71,1,1,3,2,3,3,4,4,2,1,4,3,1,2,2,4,1,1,3,2,3,3,4,4,2,1,4,3,1,2,2,4,1,1,3,2,3,3,4,4,2,1,4,3,1,2,2,4,1,3,2,3,3,4,4,1,1,4,2,1,2,2,4,3,1,3,2,3,4,4,0,
4,72,2,3,2,4,1,1,3,4,4,2,1,2,2,3,3,1,4,3,2,4,1,1,3,4,4,2,1,2,2,3,3,1,4,3,2,4,1,1,3,4,4,2,1,2,2,3,3,1,4,3,2,4,1,3,4,4,1,1,4,2,1,2,2,3,3,2,4,3,1,3,4,0,
4,73,3,3,1,4,1,1,2,2,1,3,2,4,2,3,3,4,4,3,1,4,1,1,2,2,1,3,2,4,2,3,3,4,4,3,1,4,1,1,2,2,1,3,2,4,2,3,3,4,4,3,1,4,1,2,2,4,1,1,3,2,3,3,4,4,2,1,4,3,1,2,2,4,0,
4,74,3,4,3,1,4,1,1,2,2,1,3,2,4,2,3,3,4,4,3,1,4,1,1,2,2,1,3,2,4,2,3,3,4,4,3,1,4,1,1,2,2,1,3,2,4,2,3,3,4,4,3,1,4,1,2,2,4,1,1,3,2,3,3,4,4,2,1,4,3,1,2,2,4,0,
4,75,1,2,2,3,3,3,4,4,1,1,3,2,1,4,2,3,3,1,2,2,4,3,4,4,1,1,3,2,1,4,2,3,3,1,2,2,4,3,4,4,1,1,3,2,1,4,2,3,3,1,2,2,4,3,4,4,1,4,1,1,3,2,4,2,1,2,2,3,3,4,4,3,1,4,0,
4,76,1,3,2,4,1,1,2,2,3,3,4,4,3,2,1,3,1,4,2,4,1,1,2,2,3,3,4,4,3,2,1,3,1,4,2,4,1,1,2,2,3,3,4,4,3,2,1,3,1,4,2,4,1,2,2,3,3,4,4,1,1,4,3,2,4,2,1,3,1,2,2,3,3,4,4,0,
4,77,3,2,1,3,1,4,2,4,1,1,2,2,3,3,4,4,3,2,1,3,1,4,2,4,1,1,2,2,3,3,4,4,3,2,1,3,1,4,2,4,1,1,2,2,3,3,4,4,3,2,1,3,1,4,2,4,1,2,2,3,3,4,4,1,1,4,3,2,4,2,1,3,1,2,3,4,0,
4,78,4,3,2,1,3,1,4,2,4,1,1,2,2,3,3,4,4,3,2,1,3,1,4,2,4,1,1,2,2,3,3,4,4,3,2,1,3,1,4,2,4,1,1,2,2,3,3,4,4,3,2,1,3,1,4,2,4,1,2,2,3,3,4,4,1,1,4,3,2,4,2,1,3,1,2,3,4,0,
4,79,3,3,2,1,3,4,4,2,3,3,1,4,1,1,2,2,4,3,2,1,3,4,4,2,3,3,1,4,1,1,2,2,4,3,2,1,3,4,4,2,3,3,1,4,1,1,2,2,4,3,2,1,3,4,4,2,3,3,1,4,1,2,2,4,3,4,4,1,1,3,2,1,4,2,3,1,2,4,0,
4,80,2,2,3,3,2,1,2,2,4,3,1,3,2,3,3,4,4,1,1,4,2,1,2,2,4,3,1,3,2,3,3,4,4,1,1,4,2,1,2,2,4,3,1,3,2,3,3,4,4,1,1,4,2,1,2,2,4,3,1,3,2,3,3,4,4,1,4,2,4,3,4,4,1,1,2,1,3,1,4,0,
4,81,1,1,2,2,1,3,2,3,3,1,1,4,2,1,2,2,4,3,1,3,2,3,3,4,4,1,1,4,2,1,2,2,4,3,1,3,2,3,3,4,4,1,1,4,2,1,2,2,4,3,1,3,2,3,3,4,4,1,4,2,4,3,4,4,1,1,2,2,1,3,2,3,3,1,4,2,4,3,4,4,0,
4,82,1,1,2,2,1,3,2,3,3,4,1,1,4,2,1,2,2,4,3,1,3,2,3,3,4,4,1,1,4,2,1,2,2,4,3,1,3,2,3,3,4,4,1,1,4,2,1,2,2,4,3,1,3,2,3,3,4,4,1,4,2,4,3,4,4,1,1,2,2,1,3,2,3,3,1,4,2,4,3,4,4,0,
4,83,1,1,2,2,3,1,3,2,3,3,4,4,1,1,4,2,1,2,2,4,3,1,3,2,3,3,4,4,1,1,4,2,1,2,2,4,3,1,3,2,3,3,4,4,1,1,4,2,1,2,2,4,3,1,3,2,3,3,4,4,1,4,2,4,3,4,4,1,1,2,2,1,3,2,3,3,1,4,2,4,3,4,0,
4,84,1,3,2,1,2,2,4,3,1,3,2,3,3,4,4,1,1,4,2,1,2,2,4,3,1,3,2,3,3,4,4,1,1,4,2,1,2,2,4,3,1,3,2,3,3,4,4,1,1,4,2,1,2,2,4,3,1,3,2,3,3,4,4,1,4,2,4,3,4,4,1,1,2,2,1,3,2,3,3,1,4,2,4,0,
4,85,2,3,3,1,1,4,2,1,2,2,4,3,1,3,2,3,3,4,4,1,1,4,2,1,2,2,4,3,1,3,2,3,3,4,4,1,1,4,2,1,2,2,4,3,1,3,2,3,3,4,4,1,1,4,2,1,2,2,4,3,1,3,2,3,3,4,4,1,4,2,4,3,4,4,1,1,2,2,1,3,2,3,1,4,0,
4,86,2,3,3,4,1,1,4,2,1,2,2,4,3,1,3,2,3,3,4,4,1,1,4,2,1,2,2,4,3,1,3,2,3,3,4,4,1,1,4,2,1,2,2,4,3,1,3,2,3,3,4,4,1,1,4,2,1,2,2,4,3,1,3,2,3,3,4,4,1,4,2,4,3,4,4,1,1,2,2,1,3,2,3,1,4,0,
4,87,1,1,3,2,3,3,4,4,2,1,4,3,1,2,2,4,1,1,3,2,3,3,4,4,2,1,4,3,1,2,2,4,1,1,3,2,3,3,4,4,2,1,4,3,1,2,2,4,1,1,3,2,3,3,4,4,2,1,4,3,1,2,2,4,1,3,2,3,3,4,4,1,1,4,2,1,2,2,4,3,1,3,2,3,4,4,0,
4,88,2,3,2,4,1,1,3,4,4,2,1,2,2,3,3,1,4,3,2,4,1,1,3,4,4,2,1,2,2,3,3,1,4,3,2,4,1,1,3,4,4,2,1,2,2,3,3,1,4,3,2,4,1,1,3,4,4,2,1,2,2,3,3,1,4,3,2,4,1,3,4,4,1,1,4,2,1,2,2,3,3,2,4,3,1,3,4,0,
4,89,3,3,1,4,1,1,2,2,1,3,2,4,2,3,3,4,4,3,1,4,1,1,2,2,1,3,2,4,2,3,3,4,4,3,1,4,1,1,2,2,1,3,2,4,2,3,3,4,4,3,1,4,1,1,2,2,1,3,2,4,2,3,3,4,4,3,1,4,1,2,2,4,1,1,3,2,3,3,4,4,2,1,4,3,1,2,2,4,0,
4,90,3,4,3,1,4,1,1,2,2,1,3,2,4,2,3,3,4,4,3,1,4,1,1,2,2,1,3,2,4,2,3,3,4,4,3,1,4,1,1,2,2,1,3,2,4,2,3,3,4,4,3,1,4,1,1,2,2,1,3,2,4,2,3,3,4,4,3,1,4,1,2,2,4,1,1,3,2,3,3,4,4,2,1,4,3,1,2,2,4,0,
4,91,1,2,2,3,3,3,4,4,1,1,3,2,1,4,2,3,3,1,2,2,4,3,4,4,1,1,3,2,1,4,2,3,3,1,2,2,4,3,4,4,1,1,3,2,1,4,2,3,3,1,2,2,4,3,4,4,1,1,3,2,1,4,2,3,3,1,2,2,4,3,4,4,1,4,1,1,3,2,4,2,1,2,2,3,3,4,4,3,1,4,0,
4,92,1,3,2,4,1,1,2,2,3,3,4,4,3,2,1,3,1,4,2,4,1,1,2,2,3,3,4,4,3,2,1,3,1,4,2,4,1,1,2,2,3,3,4,4,3,2,1,3,1,4,2,4,1,1,2,2,3,3,4,4,3,2,1,3,1,4,2,4,1,2,2,3,3,4,4,1,1,4,3,2,4,2,1,3,1,2,2,3,3,4,4,0,
4,93,3,2,1,3,1,4,2,4,1,1,2,2,3,3,4,4,3,2,1,3,1,4,2,4,1,1,2,2,3,3,4,4,3,2,1,3,1,4,2,4,1,1,2,2,3,3,4,4,3,2,1,3,1,4,2,4,1,1,2,2,3,3,4,4,3,2,1,3,1,4,2,4,1,2,2,3,3,4,4,1,1,4,3,2,4,2,1,3,1,2,3,4,0,
4,94,4,3,2,1,3,1,4,2,4,1,1,2,2,3,3,4,4,3,2,1,3,1,4,2,4,1,1,2,2,3,3,4,4,3,2,1,3,1,4,2,4,1,1,2,2,3,3,4,4,3,2,1,3,1,4,2,4,1,1,2,2,3,3,4,4,3,2,1,3,1,4,2,4,1,2,2,3,3,4,4,1,1,4,3,2,4,2,1,3,1,2,3,4,0,
4,95,3,3,2,1,3,4,4,2,3,3,1,4,1,1,2,2,4,3,2,1,3,4,4,2,3,3,1,4,1,1,2,2,4,3,2,1,3,4,4,2,3,3,1,4,1,1,2,2,4,3,2,1,3,4,4,2,3,3,1,4,1,1,2,2,4,3,2,1,3,4,4,2,3,3,1,4,1,2,2,4,3,4,4,1,1,3,2,1,4,2,3,1,2,4,0,
4,96,2,2,3,3,2,1,2,2,4,3,1,3,2,3,3,4,4,1,1,4,2,1,2,2,4,3,1,3,2,3,3,4,4,1,1,4,2,1,2,2,4,3,1,3,2,3,3,4,4,1,1,4,2,1,2,2,4,3,1,3,2,3,3,4,4,1,1,4,2,1,2,2,4,3,1,3,2,3,3,4,4,1,4,2,4,3,4,4,1,1,2,1,3,1,4,0,
4,97,1,1,2,2,1,3,2,3,3,1,1,4,2,1,2,2,4,3,1,3,2,3,3,4,4,1,1,4,2,1,2,2,4,3,1,3,2,3,3,4,4,1,1,4,2,1,2,2,4,3,1,3,2,3,3,4,4,1,1,4,2,1,2,2,4,3,1,3,2,3,3,4,4,1,4,2,4,3,4,4,1,1,2,2,1,3,2,3,3,1,4,2,4,3,4,4,0,
4,98,1,1,2,2,1,3,2,3,3,4,1,1,4,2,1,2,2,4,3,1,3,2,3,3,4,4,1,1,4,2,1,2,2,4,3,1,3,2,3,3,4,4,1,1,4,2,1,2,2,4,3,1,3,2,3,3,4,4,1,1,4,2,1,2,2,4,3,1,3,2,3,3,4,4,1,4,2,4,3,4,4,1,1,2,2,1,3,2,3,3,1,4,2,4,3,4,4,0,
4,99,1,1,2,2,3,1,3,2,3,3,4,4,1,1,4,2,1,2,2,4,3,1,3,2,3,3,4,4,1,1,4,2,1,2,2,4,3,1,3,2,3,3,4,4,1,1,4,2,1,2,2,4,3,1,3,2,3,3,4,4,1,1,4,2,1,2,2,4,3,1,3,2,3,3,4,4,1,4,2,4,3,4,4,1,1,2,2,1,3,2,3,3,1,4,2,4,3,4,0,
4,100,1,3,2,1,2,2,4,3,1,3,2,3,3,4,4,1,1,4,2,1,2,2,4,3,1,3,2,3,3,4,4,1,1,4,2,1,2,2,4,3,1,3,2,3,3,4,4,1,1,4,2,1,2,2,4,3,1,3,2,3,3,4,4,1,1,4,2,1,2,2,4,3,1,3,2,3,3,4,4,1,4,2,4,3,4,4,1,1,2,2,1,3,2,3,3,1,4,2,4,0,
