49 10
57 11
61 12
58 13
63 14
72 15
77 16
74 17
83 18
83 19
92 20
84 21
93 22
97 23
101 24
99 25
107 26
116 27
117 28
116 29
125 30
131 31
136 32
135 33
145 34
151 35
157 36
152 37
165 38
166 39
173 40
165 41
177 42
185 43
184 44
181 45
191 46
197 47
199 48
197 49
209 50
212 51
217 52
208 53
221 54
227 55
226 56
230 57
237 58
245 59
253 60
250 61
257 62
254 63
265 64
256 65
269 66
277 67
284 68
275 69
289 70
295 71
287 72
291 73
307 74
306 75
305 76
306 77
321 78
327 79
326 80
321 81
335 82
335 83
333 84
336 85
349 86
356 87
353 88
355 89
371 90
373 91
374 92
369 93
383 94
389 95
389 96
384 97
401 98
402 99
401 100
400 101
417 102
415 103
422 104
402 105
415 106
433 107
439 108
436 109
451 110
450 111
455 112
449 113
465 114
473 115
470 116
459 117
475 118
481 119
489 120
479 121
495 122
492 123
501 124
500 125
509 126
515 127
516 128
515 129
529 130
531 131
527 132
526 133
545 134
546 135
555 136
545 137
563 138
567 139
572 140
563 141
579 142
573 143
579 144
560 145
577 146
590 147
597 148
592 149
611 150
611 151
606 152
608 153
625 154
627 155
631 156
628 157
645 158
644 159
641 160
640 161
659 162
661 163
658 164
645 165
661 166
669 167
681 168
673 169
691 170
688 171
697 172
682 173
699 174
713 175
706 176
696 177
713 178
719 179
733 180
718 181
735 182
742 183
737 184
733 185
751 186
753 187
748 188
745 189
761 190
767 191
779 192
766 193
783 194
786 195
793 196
782 197
801 198
803 199
802 200
796 201
815 202
815 203
809 204
808 205
827 206
838 207
831 208
829 209
847 210
853 211
854 212
843 213
863 214
867 215
847 216
857 217
877 218
880 219
863 220
878 221
897 222
901 223
896 224
887 225
907 226
905 227
925 228
906 229
927 230
926 231
931 232
921 233
941 234
953 235
946 236
939 237
957 238
967 239
955 240
955 241
975 242
978 243
973 244
968 245
989 246
995 247
998 248
1002 249
1009 250
1013 251
1009 252
1018 253
1025 254
1012 255
1019 256
1028 257
1041 258
1041 259
1048 260
1033 261
1055 262
1049 263
1055 264
1043 265
1063 266
1074 267
1077 268
1060 269
1079 270
1079 271
1080 272
1073 273
1091 274
1101 275
1117 276
1096 277
1117 278
1126 279
1129 280
1115 281
1137 282
1143 283
1132 284
1123 285
1143 286
1149 287
1157 288
1144 289
1165 290
1174 291
1177 292
1154 293
1177 294
1187 295
1186 296
1178 297
1199 298
1205 299
1179 300
1194 301
1215 302
1216 303
1217 304
1211 305
1233 306
1237 307
1238 308
1223 309
1245 310
1249 311
1259 312
1235 313
1257 314
1254 315
1273 316
1268 317
1283 318
1287 319
1280 320
1275 321
1295 322
1291 323
1283 324
1286 325
1309 326
1316 327
1313 328
1299 329
1319 330
1331 331
1332 332
1317 333
1337 334
1345 335
1339 336
1340 337
1361 338
1354 339
1323 340
1336 341
1357 342
1375 343
1376 344
1362 345
1379 346
1395 347
1405 348
1388 349
1407 350
1408 351
1415 352
1392 353
1415 354
1423 355
1416 356
1411 357
1433 358
1439 359
1441 360
1429 361
1451 362
1454 363
1439 364
1448 365
1469 366
1475 367
1476 368
1458 369
1475 370
1491 371
1501 372
1484 373
1507 374
1504 375
1499 376
1497 377
1519 378
1519 379
1512 380
1511 381
1531 382
1537 383
1519 384
1522 385
1543 386
1554 387
1559 388
1546 389
1569 390
1573 391
1572 392
1552 393
1573 394
1579 395
1565 396
1574 397
1595 398
1598 399
1611 400
1590 401
1613 402
1617 403
1618 404
1597 405
1619 406
1631 407
1639 408
1617 409
1639 410
1650 411
1655 412
1638 413
1659 414
1663 415
1672 416
1659 417
1681 418
1683 419
1693 420
1670 421
1693 422
1694 423
1657 424
1677 425
1699 426
1705 427
1722 428
1703 429
1721 430
1721 431
1729 432
1721 433
1743 434
1742 435
1745 436
1734 437
1757 438
1767 439
1752 440
1756 441
1771 442
1775 443
1759 444
1770 445
1785 446
1794 447
1801 448
1788 449
1809 450
1807 451
1810 452
1801 453
1823 454
1829 455
1829 456
1809 457
1831 458
1838 459
1849 460
1830 461
1851 462
1853 463
1848 464
1832 465
1853 466
1869 467
1869 468
1864 469
1887 470
1892 471
1873 472
1877 473
1899 474
1911 475
1912 476
1887 477
1907 478
1925 479
1911 480
1910 481
1933 482
1934 483
1921 484
1928 485
1949 486
1947 487
1954 488
1940 489
1961 490
1965 491
1951 492
1960 493
1979 494
1982 495
1983 496
1971 497
1993 498
2007 499
2012 500
1989 501
2011 502
2019 503
2013 504
2001 505
2023 506
2038 507
2041 508
2030 509
2039 510
2051 511
2034 512
2043 513
2061 514
2067 515
2067 516
2056 517
2081 518
2080 519
2089 520
2069 521
2093 522
2089 523
2084 524
2071 525
2093 526
2113 527
2117 528
2106 529
2127 530
2130 531
2127 532
2116 533
2141 534
2145 535
2148 536
2126 537
2149 538
2157 539
2173 540
2150 541
2173 542
2172 543
2153 544
2166 545
2191 546
2189 547
2194 548
2177 549
2199 550
2209 551
2203 552
2195 553
2219 554
2226 555
2233 556
2210 557
2233 558
2239 559
2238 560
2228 561
2251 562
2251 563
2229 564
2246 565
2271 566
2272 567
2283 568
2263 569
2287 570
2291 571
2296 572
2273 573
2295 574
2307 575
2311 576
2300 577
2323 578
2324 579
2325 580
2306 581
2331 582
2341 583
2316 584
2320 585
2341 586
2357 587
2341 588
2344 589
2367 590
2374 591
2379 592
2356 593
2379 594
2385 595
2390 596
2369 597
2391 598
2403 599
2381 600
2389 601
2413 602
2410 603
2411 604
2408 605
2429 606
2427 607
2430 608
2411 609
2435 610
2449 611
2461 612
2440 613
2465 614
2468 615
2473 616
2459 617
2483 618
2479 619
2480 620
2463 621
2483 622
2497 623
2497 624
2479 625
2503 626
2508 627
2495 628
2492 629
2517 630
2525 631
2532 632
2520 633
2537 634
2543 635
2523 636
2532 637
2549 638
2566 639
2555 640
2550 641
2573 642
2581 643
2576 644
2553 645
2573 646
2589 647
2589 648
2585 649
2609 650
2606 651
2617 652
2596 653
2619 654
2609 655
2610 656
2609 657
2633 658
2639 659
2653 660
2626 661
2651 662
2650 663
2603 664
2639 665
2663 666
2669 667
2682 668
2667 669
2689 670
2689 671
2671 672
2676 673
2701 674
2702 675
2713 676
2694 677
2719 678
2725 679
2718 680
2708 681
2731 682
2735 683
2723 684
2728 685
2751 686
2754 687
2753 688
2743 689
2767 690
2767 691
2758 692
2749 693
2773 694
2781 695
2749 696
2771 697
2795 698
2796 699
2805 700
2798 701
2815 702
2811 703
2818 704
2797 705
2819 706
2831 707
2845 708
2826 709
2851 710
2838 711
2839 712
2831 713
2853 714
2859 715
2864 716
2843 717
2865 718
2875 719
2871 720
2861 721
2885 722
2898 723
2883 724
2886 725
2911 726
2915 727
2922 728
2902 729
2925 730
2929 731
2935 732
2924 733
2947 734
2944 735
2949 736
2938 737
2961 738
2963 739
2956 740
2949 741
2973 742
2975 743
2971 744
2963 745
2987 746
2988 747
2997 748
2980 749
3003 750
3007 751
3012 752
3008 753
3025 754
3025 755
3037 756
3010 757
3035 758
3042 759
3051 760
3025 761
3049 762
3053 763
3020 764
3025 765
3047 766
3073 767
3079 768
3070 769
3087 770
3090 771
3097 772
3074 773
3099 774
3093 775
3098 776
3088 777
3113 778
3125 779
3109 780
3112 781
3137 782
3134 783
3121 784
3126 785
3149 786
3151 787
3160 788
3135 789
3161 790
3171 791
3153 792
3155 793
3181 794
3184 795
3195 796
3174 797
3199 798
3199 799
3198 800
3187 801
3213 802
3211 803
3187 804
3190 805
3217 806
3238 807
3245 808
3219 809
3245 810
3247 811
3252 812
3239 813
3263 814
3261 815
3251 816
3253 817
3279 818
3270 819
3285 820
3264 821
3291 822
3297 823
3292 824
3276 825
3295 826
3311 827
3325 828
3302 829
3319 830
3328 831
3305 832
3308 833
3333 834
3339 835
3340 836
3321 837
3347 838
3363 839
3363 840
3341 841
3367 842
3370 843
3365 844
3356 845
3381 846
3395 847
3396 848
3378 849
3401 850
3403 851
3421 852
3400 853
3421 854
3420 855
3437 856
3407 857
3433 858
3441 859
3434 860
3419 861
3443 862
3443 863
3457 864
3440 865
3467 866
3470 867
3471 868
3460 869
3487 870
3495 871
3488 872
3478 873
3503 874
3503 875
3517 876
3488 877
3513 878
3524 879
3513 880
3509 881
3535 882
3539 883
3536 884
3523 885
3547 886
3541 887
3507 888
3529 889
3555 890
3566 891
3567 892
3562 893
3581 894
3573 895
3578 896
3565 897
3587 898
3599 899
3585 900
3582 901
3609 902
3608 903
3621 904
3593 905
3619 906
3641 907
3638 908
3627 909
3651 910
3649 911
3649 912
3628 913
3655 914
3662 915
3671 916
3650 917
3677 918
3679 919
3686 920
3668 921
3693 922
3689 923
3679 924
3686 925
3711 926
3712 927
3723 928
3700 929
3727 930
3729 931
3730 932
3711 933
3737 934
3737 935
3749 936
3729 937
3755 938
3762 939
3769 940
3742 941
3767 942
3779 943
3758 944
3744 945
3769 946
3785 947
3747 948
3770 949
3797 950
3808 951
3791 952
3797 953
3823 954
3823 955
3824 956
3815 957
3839 958
3839 959
3835 960
3818 961
3843 962
3856 963
3845 964
3842 965
3869 966
3877 967
3868 968
3854 969
3879 970
3885 971
3887 972
3876 973
3901 974
3894 975
3917 976
3889 977
3915 978
3923 979
3928 980
3903 981
3929 982
3931 983
3939 984
3917 985
3943 986
3950 987
3945 988
3936 989
3961 990
3971 991
3970 992
3945 993
3971 994
3975 995
3989 996
3966 997
3993 998
4006 999
3955 1000
3977 1001
4003 1002
4011 1003
4008 1004
4003 1005
4027 1006
4025 1007
4035 1008
4021 1009
4047 1010
4050 1011
4039 1012
4030 1013
4057 1014
4069 1015
4056 1016
4060 1017
4067 1018
4081 1019
4087 1020
4078 1021
4085 1022
4030 1023
4039 1024
4094 1025
4107 1026
4107 1027
4108 1028
4099 1029
4127 1030
4129 1031
4133 1032
4115 1033
4143 1034
4140 1035
4127 1036
4128 1037
4155 1038
4163 1039
4164 1040
4143 1041
4167 1042
4173 1043
4155 1044
4166 1045
4195 1046
4196 1047
4199 1048
4177 1049
4205 1050
4215 1051
4202 1052
4193 1053
4219 1054
4211 1055
4179 1056
4204 1057
4233 1058
4238 1059
4245 1060
4228 1061
4257 1062
4259 1063
4248 1064
4238 1065
4265 1066
4277 1067
4283 1068
4266 1069
4293 1070
4280 1071
4285 1072
4273 1073
4301 1074
4313 1075
4304 1076
4283 1077
4311 1078
4321 1079
4321 1080
4299 1081
4327 1082
4338 1083
4273 1084
4324 1085
4345 1086
4343 1087
4340 1088
4341 1089
4367 1090
4371 1091
4373 1092
4344 1093
4373 1094
4386 1095
4393 1096
4363 1097
4391 1098
4399 1099
4398 1100
4381 1101
4407 1102
4409 1103
4323 1104
4386 1105
4411 1106
4430 1107
4441 1108
4412 1109
4441 1110
4445 1111
4450 1112
4434 1113
4461 1114
4465 1115
4477 1116
4456 1117
4483 1118
4480 1119
4481 1120
4466 1121
4495 1122
4489 1123
4492 1124
4465 1125
4493 1126
4511 1127
4519 1128
4501 1129
4529 1130
4532 1131
4533 1132
4512 1133
4539 1134
4551 1135
4540 1136
4530 1137
4557 1138
4559 1139
4553 1140
4540 1141
4569 1142
4578 1143
4551 1144
4559 1145
4587 1146
4597 1147
4590 1148
4577 1149
4603 1150
4603 1151
4615 1152
4588 1153
4615 1154
4626 1155
4603 1156
4596 1157
4625 1158
4631 1159
4642 1160
4622 1161
4649 1162
4657 1163
4641 1164
4632 1165
4659 1166
4678 1167
4675 1168
4658 1169
4687 1170
4683 1171
4690 1172
4665 1173
4691 1174
4705 1175
4707 1176
4687 1177
4715 1178
4716 1179
4723 1180
4706 1181
4733 1182
4729 1183
4736 1184
4711 1185
4739 1186
4735 1187
4739 1188
4738 1189
4767 1190
4762 1191
4779 1192
4747 1193
4775 1194
4763 1195
4756 1196
4759 1197
4785 1198
4799 1199
4803 1200
4783 1201
4811 1202
4808 1203
4717 1204
4790 1205
4819 1206
4835 1207
4822 1208
4810 1209
4831 1210
4845 1211
4861 1212
4840 1213
4861 1214
4864 1215
4855 1216
4852 1217
4879 1218
4877 1219
4876 1220
4859 1221
4887 1222
4895 1223
4875 1224
4875 1225
4903 1226
4914 1227
4919 1228
4894 1229
4921 1230
4931 1231
4928 1232
4908 1233
4935 1234
4939 1235
4957 1236
4928 1237
4957 1238
4950 1239
4919 1240
4937 1241
4965 1242
4983 1243
4968 1244
4947 1245
4973 1246
4989 1247
4993 1248
4970 1249
4999 1250
5010 1251
5015 1252
4988 1253
5017 1254
5021 1255
5028 1256
5004 1257
5031 1258
5041 1259
4997 1260
5026 1261
5053 1262
5058 1263
5031 1264
5043 1265
5071 1266
5071 1267
5078 1268
5051 1269
5079 1270
5083 1271
5081 1272
5075 1273
5103 1274
5090 1275
5115 1276
5096 1277
5111 1278
5111 1279
5112 1280
5101 1281
5127 1282
5117 1283
4985 1284
5088 1285
5117 1286
5150 1287
5159 1288
5135 1289
5163 1290
5165 1291
5172 1292
5157 1293
5183 1294
5179 1295
5195 1296
5164 1297
5191 1298
5206 1299
5209 1300
5172 1301
5201 1302
5213 1303
5214 1304
5190 1305
5217 1306
5225 1307
5183 1308
5218 1309
5245 1310
5246 1311
5251 1312
5232 1313
5261 1314
5261 1315
5264 1316
5247 1317
5275 1318
5281 1319
5245 1320
5263 1321
5291 1322
5290 1323
5273 1324
5282 1325
5309 1326
5315 1327
5320 1328
5296 1329
5323 1330
5317 1331
5279 1332
5304 1333
5333 1334
5346 1335
5343 1336
5321 1337
5349 1338
5359 1339
5362 1340
5339 1341
5365 1342
5381 1343
5373 1344
5366 1345
5393 1346
5392 1347
5387 1348
5384 1349
5413 1350
5397 1351
5392 1352
5380 1353
5407 1354
5423 1355
5427 1356
5410 1357
5437 1358
5444 1359
5449 1360
5416 1361
5443 1362
5401 1363
5390 1364
5421 1365
5445 1366
5469 1367
5481 1368
5459 1369
5487 1370
5480 1371
5497 1372
5476 1373
5503 1374
5505 1375
5502 1376
5487 1377
5515 1378
5517 1379
5533 1380
5500 1381
5529 1382
5532 1383
5517 1384
5519 1385
5547 1386
5551 1387
5552 1388
5529 1389
5555 1390
5567 1391
5559 1392
5551 1393
5579 1394
5578 1395
5529 1396
5558 1397
5587 1398
5599 1399
5598 1400
5590 1401
5611 1402
5603 1403
5599 1404
5608 1405
5629 1406
5628 1407
5645 1408
5612 1409
5639 1410
5645 1411
5648 1412
5627 1413
5655 1414
5667 1415
5603 1416
5651 1417
5679 1418
5678 1419
5631 1420
5670 1421
5697 1422
5699 1423
5692 1424
5671 1425
5699 1426
5709 1427
5675 1428
5690 1429
5719 1430
5724 1431
5729 1432
5709 1433
5737 1434
5745 1435
5750 1436
5725 1437
5751 1438
5763 1439
5745 1440
5734 1441
5763 1442
5766 1443
5733 1444
5744 1445
5773 1446
5793 1447
5782 1448
5760 1449
5785 1450
5799 1451
5821 1452
5798 1453
5825 1454
5822 1455
5809 1456
5807 1457
5835 1458
5835 1459
5840 1460
5829 1461
5857 1462
5849 1463
5855 1464
5835 1465
5863 1466
5876 1467
5833 1468
5860 1469
5881 1470
5889 1471
5892 1472
5871 1473
5897 1474
5901 1475
5895 1476
5880 1477
5909 1478
5922 1479
5927 1480
5899 1481
5927 1482
5933 1483
5932 1484
5917 1485
5943 1486
5957 1487
5959 1488
5933 1489
5961 1490
5968 1491
5977 1492
5946 1493
5973 1494
5983 1495
5990 1496
5968 1497
5995 1498
6001 1499
5995 1500
5986 1501
6013 1502
6018 1503
5947 1504
5998 1505
6027 1506
6035 1507
6034 1508
6011 1509
6039 1510
6041 1511
6001 1512
6035 1513
6063 1514
6054 1515
6043 1516
6052 1517
6079 1518
6085 1519
6080 1520
6070 1521
6091 1522
6091 1523
6055 1524
6082 1525
6111 1526
6106 1527
6111 1528
6095 1529
6123 1530
6101 1531
6114 1532
6113 1533
6139 1534
6141 1535
6139 1536
6134 1537
6155 1538
6158 1539
6113 1540
6144 1541
6173 1542
6179 1543
6168 1544
6146 1545
6173 1546
6187 1547
6205 1548
6174 1549
6201 1550
6212 1551
6209 1552
6196 1553
6223 1554
6229 1555
6228 1556
6197 1557
6225 1558
6243 1559
6229 1560
6227 1561
6255 1562
6252 1563
6247 1564
6236 1565
6263 1566
6271 1567
6272 1568
6251 1569
6279 1570
6285 1571
6281 1572
6272 1573
6301 1574
6298 1575
6305 1576
6279 1577
6307 1578
6323 1579
6316 1580
6301 1581
6327 1582
6337 1583
6335 1584
6317 1585
6345 1586
6356 1587
6357 1588
6332 1589
6361 1590
6371 1591
6370 1592
6354 1593
6375 1594
6387 1595
6387 1596
6372 1597
6393 1598
6400 1599
6409 1600
6394 1601
6421 1602
6421 1603
6416 1604
6391 1605
6419 1606
6429 1607
6431 1608
6405 1609
6433 1610
6454 1611
6391 1612
6428 1613
6455 1614
6455 1615
6448 1616
6443 1617
6471 1618
6473 1619
6493 1620
6464 1621
6493 1622
6492 1623
6463 1624
6479 1625
6507 1626
6505 1627
6510 1628
6487 1629
6513 1630
6527 1631
6529 1632
6512 1633
6541 1634
6546 1635
6555 1636
6520 1637
6549 1638
6565 1639
6562 1640
6538 1641
6565 1642
6567 1643
6543 1644
6562 1645
6589 1646
6588 1647
6529 1648
6575 1649
6603 1650
6607 1651
6614 1652
6593 1653
6621 1654
6621 1655
6595 1656
6611 1657
6639 1658
6634 1659
6523 1660
6632 1661
6653 1662
6653 1663
6654 1664
6633 1665
6659 1666
6661 1667
6685 1668
6658 1669
6687 1670
6686 1671
6687 1672
6671 1673
6699 1674
6697 1675
6704 1676
6685 1677
6711 1678
6719 1679
6725 1680
6702 1681
6731 1682
6740 1683
6685 1684
6712 1685
6741 1686
6755 1687
6754 1688
6730 1689
6757 1690
6763 1691
6781 1692
6752 1693
6779 1694
6774 1695
6793 1696
6766 1697
6795 1698
6795 1699
6792 1700
6771 1701
6799 1702
6801 1703
6629 1704
6759 1705
6787 1706
6828 1707
6831 1708
6822 1709
6849 1710
6851 1711
6856 1712
6818 1713
6845 1714
6851 1715
6847 1716
6838 1717
6867 1718
6884 1719
6883 1720
6853 1721
6881 1722
6893 1723
6896 1724
6873 1725
6899 1726
6909 1727
6809 1728
6894 1729
6921 1730
6926 1731
6937 1732
6912 1733
6941 1734
6947 1735
6944 1736
6920 1737
6947 1738
6963 1739
6973 1740
6942 1741
6969 1742
6964 1743
6983 1744
6945 1745
6973 1746
6997 1747
6994 1748
6975 1749
7003 1750
7001 1751
6989 1752
6991 1753
7019 1754
7014 1755
7005 1756
7006 1757
7033 1758
7043 1759
7040 1760
7019 1761
7047 1762
7053 1763
7019 1764
7040 1765
7069 1766
7074 1767
7069 1768
7051 1769
7079 1770
7091 1771
7092 1772
7071 1773
7097 1774
7103 1775
7055 1776
7089 1777
7117 1778
7122 1779
7105 1780
7108 1781
7137 1782
7119 1783
7096 1784
7102 1785
7117 1786
7143 1787
7161 1788
7154 1789
7169 1790
7164 1791
7173 1792
7154 1793
7175 1794
7183 1795
7192 1796
7159 1797
7187 1798
7201 1799
7149 1800
7183 1801
7211 1802
7218 1803
7207 1804
7202 1805
7229 1806
7235 1807
7234 1808
7215 1809
7241 1810
7249 1811
7221 1812
7232 1813
7261 1814
7262 1815
7267 1816
7239 1817
7267 1818
7269 1819
7288 1820
7253 1821
7279 1822
7291 1823
7247 1824
7274 1825
7303 1826
7308 1827
7301 1828
7292 1829
7321 1830
7319 1831
7318 1832
7314 1833
7341 1834
7343 1835
7347 1836
7328 1837
7355 1838
7362 1839
7363 1840
7343 1841
7371 1842
7371 1843
7362 1844
7351 1845
7379 1846
7397 1847
7391 1848
7371 1849
7399 1850
7410 1851
7361 1852
7398 1853
7419 1854
7413 1855
7430 1856
7403 1857
7429 1858
7431 1859
7453 1860
7418 1861
7447 1862
7446 1863
7463 1864
7437 1865
7465 1866
7469 1867
7472 1868
7459 1869
7485 1870
7483 1871
7495 1872
7473 1873
7501 1874
7500 1875
7513 1876
7490 1877
7519 1878
7511 1879
7516 1880
7508 1881
7535 1882
7529 1883
7485 1884
7510 1885
7537 1886
7554 1887
7555 1888
7542 1889
7571 1890
7563 1891
7576 1892
7549 1893
7577 1894
7583 1895
7575 1896
7571 1897
7599 1898
7598 1899
7605 1900
7586 1901
7613 1902
7615 1903
7598 1904
7594 1905
7621 1906
7623 1907
7635 1908
7604 1909
7633 1910
7646 1911
7649 1912
7631 1913
7659 1914
7655 1915
7666 1916
7641 1917
7667 1918
7679 1919
7603 1920
7650 1921
7677 1922
7698 1923
7601 1924
7676 1925
7705 1926
7703 1927
7722 1928
7700 1929
7727 1930
7729 1931
7735 1932
7712 1933
7739 1934
7736 1935
7739 1936
7726 1937
7755 1938
7761 1939
7762 1940
7743 1941
7771 1942
7769 1943
7773 1944
7759 1945
7787 1946
7790 1947
7793 1948
7780 1949
7807 1950
7807 1951
7784 1952
7769 1953
7797 1954
7819 1955
7821 1956
7810 1957
7839 1958
7840 1959
7839 1960
7827 1961
7855 1962
7855 1963
7850 1964
7839 1965
7865 1966
7865 1967
7873 1968
7853 1969
7881 1970
7888 1971
7899 1972
7876 1973
7905 1974
7899 1975
7906 1976
7892 1977
7913 1978
7917 1979
7913 1980
7908 1981
7929 1982
7936 1983
7869 1984
7918 1985
7945 1986
7955 1987
7930 1988
7931 1989
7959 1990
7965 1991
7979 1992
7951 1993
7979 1994
7982 1995
7993 1996
7974 1997
8001 1998
8001 1999
