49 10
50 11
43 12
48 13
48 14
58 15
56 16
62 17
70 18
67 19
72 20
83 21
74 22
83 23
86 24
85 25
80 26
80 27
91 28
90 29
91 30
97 31
72 32
83 33
90 34
99 35
106 36
105 37
104 38
110 39
117 40
118 41
119 42
117 43
110 44
110 45
113 46
117 47
114 48
111 49
112 50
121 51
124 52
121 53
122 54
126 55
133 56
134 57
135 58
133 59
126 60
126 61
129 62
133 63
132 64
127 65
128 66
137 67
140 68
137 69
138 70
142 71
149 72
150 73
151 74
149 75
142 76
142 77
145 78
149 79
148 80
143 81
144 82
153 83
156 84
153 85
154 86
158 87
165 88
166 89
167 90
165 91
158 92
158 93
161 94
165 95
164 96
159 97
160 98
169 99
172 100
169 101
170 102
174 103
181 104
182 105
183 106
181 107
174 108
174 109
177 110
181 111
180 112
175 113
176 114
185 115
188 116
185 117
186 118
190 119
197 120
198 121
199 122
197 123
190 124
190 125
193 126
197 127
196 128
191 129
192 130
201 131
204 132
201 133
202 134
206 135
213 136
214 137
215 138
213 139
206 140
206 141
209 142
213 143
212 144
207 145
208 146
217 147
220 148
217 149
218 150
222 151
229 152
230 153
231 154
229 155
222 156
222 157
225 158
229 159
228 160
223 161
224 162
233 163
236 164
233 165
234 166
238 167
245 168
246 169
247 170
245 171
238 172
238 173
241 174
245 175
244 176
239 177
240 178
249 179
252 180
249 181
250 182
254 183
261 184
262 185
263 186
261 187
254 188
254 189
257 190
261 191
260 192
255 193
256 194
265 195
268 196
265 197
266 198
270 199
277 200
278 201
279 202
277 203
270 204
270 205
273 206
277 207
276 208
271 209
272 210
281 211
284 212
281 213
282 214
286 215
293 216
294 217
295 218
293 219
286 220
286 221
289 222
293 223
292 224
287 225
288 226
297 227
300 228
297 229
298 230
302 231
309 232
310 233
311 234
309 235
302 236
302 237
305 238
309 239
308 240
303 241
304 242
313 243
316 244
313 245
314 246
318 247
325 248
326 249
327 250
325 251
318 252
318 253
321 254
325 255
324 256
319 257
320 258
329 259
332 260
329 261
330 262
334 263
341 264
342 265
343 266
341 267
334 268
334 269
337 270
341 271
340 272
335 273
336 274
345 275
348 276
345 277
346 278
350 279
357 280
358 281
359 282
357 283
350 284
350 285
353 286
357 287
356 288
351 289
352 290
361 291
364 292
361 293
362 294
366 295
373 296
374 297
375 298
373 299
366 300
366 301
369 302
373 303
372 304
367 305
368 306
377 307
380 308
377 309
378 310
382 311
389 312
390 313
391 314
389 315
382 316
382 317
385 318
389 319
388 320
383 321
384 322
393 323
396 324
393 325
394 326
398 327
405 328
406 329
407 330
405 331
398 332
398 333
401 334
405 335
404 336
399 337
400 338
409 339
412 340
409 341
410 342
414 343
421 344
422 345
423 346
421 347
414 348
414 349
417 350
421 351
420 352
415 353
416 354
425 355
428 356
425 357
426 358
430 359
437 360
438 361
439 362
437 363
430 364
430 365
433 366
437 367
436 368
431 369
432 370
441 371
444 372
441 373
442 374
446 375
453 376
454 377
455 378
453 379
446 380
446 381
449 382
453 383
452 384
447 385
448 386
457 387
460 388
457 389
458 390
462 391
469 392
470 393
471 394
469 395
462 396
462 397
465 398
469 399
468 400
463 401
464 402
473 403
476 404
473 405
474 406
478 407
485 408
486 409
487 410
485 411
478 412
478 413
481 414
485 415
484 416
479 417
480 418
489 419
492 420
489 421
490 422
494 423
501 424
502 425
503 426
501 427
494 428
494 429
497 430
501 431
500 432
495 433
496 434
505 435
508 436
505 437
506 438
510 439
517 440
518 441
519 442
517 443
510 444
510 445
513 446
517 447
516 448
511 449
512 450
521 451
524 452
521 453
522 454
526 455
533 456
534 457
535 458
533 459
526 460
526 461
529 462
533 463
532 464
527 465
528 466
537 467
540 468
537 469
538 470
542 471
549 472
550 473
551 474
549 475
542 476
542 477
545 478
549 479
548 480
543 481
544 482
553 483
556 484
553 485
554 486
558 487
565 488
566 489
567 490
565 491
558 492
558 493
561 494
565 495
564 496
559 497
560 498
569 499
572 500
569 501
570 502
574 503
581 504
582 505
583 506
581 507
574 508
574 509
577 510
581 511
580 512
575 513
576 514
585 515
588 516
585 517
586 518
590 519
597 520
598 521
599 522
597 523
590 524
590 525
593 526
597 527
596 528
591 529
592 530
601 531
604 532
601 533
602 534
606 535
613 536
614 537
615 538
613 539
606 540
606 541
609 542
613 543
612 544
607 545
608 546
617 547
620 548
617 549
618 550
622 551
629 552
630 553
631 554
629 555
622 556
622 557
625 558
629 559
628 560
623 561
624 562
633 563
636 564
633 565
634 566
638 567
645 568
646 569
647 570
645 571
638 572
638 573
641 574
645 575
644 576
639 577
640 578
649 579
652 580
649 581
650 582
654 583
661 584
662 585
663 586
661 587
654 588
654 589
657 590
661 591
660 592
655 593
656 594
665 595
668 596
665 597
666 598
670 599
677 600
678 601
679 602
677 603
670 604
670 605
673 606
677 607
676 608
671 609
672 610
681 611
684 612
681 613
682 614
686 615
693 616
694 617
695 618
693 619
686 620
686 621
689 622
693 623
692 624
687 625
688 626
697 627
700 628
697 629
698 630
702 631
709 632
710 633
711 634
709 635
702 636
702 637
705 638
709 639
708 640
703 641
704 642
713 643
716 644
713 645
714 646
718 647
725 648
726 649
727 650
725 651
718 652
718 653
721 654
725 655
724 656
719 657
720 658
729 659
732 660
729 661
730 662
734 663
741 664
742 665
743 666
741 667
734 668
734 669
737 670
741 671
740 672
735 673
736 674
745 675
748 676
745 677
746 678
750 679
757 680
758 681
759 682
757 683
750 684
750 685
753 686
757 687
756 688
751 689
752 690
761 691
764 692
761 693
762 694
766 695
773 696
774 697
775 698
773 699
766 700
766 701
769 702
773 703
772 704
767 705
768 706
777 707
780 708
777 709
778 710
782 711
789 712
790 713
791 714
789 715
782 716
782 717
785 718
789 719
788 720
783 721
784 722
793 723
796 724
793 725
794 726
798 727
805 728
806 729
807 730
805 731
798 732
798 733
801 734
805 735
804 736
799 737
800 738
809 739
812 740
809 741
810 742
814 743
821 744
822 745
823 746
821 747
814 748
814 749
817 750
821 751
820 752
815 753
816 754
825 755
828 756
825 757
826 758
830 759
837 760
838 761
839 762
837 763
830 764
830 765
833 766
837 767
836 768
831 769
832 770
841 771
844 772
841 773
842 774
846 775
853 776
854 777
855 778
853 779
846 780
846 781
849 782
853 783
852 784
847 785
848 786
857 787
860 788
857 789
858 790
862 791
869 792
870 793
871 794
869 795
862 796
862 797
865 798
869 799
868 800
863 801
864 802
873 803
876 804
873 805
874 806
878 807
885 808
886 809
887 810
885 811
878 812
878 813
881 814
885 815
884 816
879 817
880 818
889 819
892 820
889 821
890 822
894 823
901 824
902 825
903 826
901 827
894 828
894 829
897 830
901 831
900 832
895 833
896 834
905 835
908 836
905 837
906 838
910 839
917 840
918 841
919 842
917 843
910 844
910 845
913 846
917 847
916 848
911 849
912 850
921 851
924 852
921 853
922 854
926 855
933 856
934 857
935 858
933 859
926 860
926 861
929 862
933 863
932 864
927 865
928 866
937 867
940 868
937 869
938 870
942 871
949 872
950 873
951 874
949 875
942 876
942 877
945 878
949 879
948 880
943 881
944 882
953 883
956 884
953 885
954 886
958 887
965 888
966 889
967 890
965 891
958 892
958 893
961 894
965 895
964 896
959 897
960 898
969 899
972 900
969 901
970 902
974 903
981 904
982 905
983 906
981 907
974 908
974 909
977 910
981 911
980 912
975 913
976 914
985 915
988 916
985 917
986 918
990 919
997 920
998 921
999 922
997 923
990 924
990 925
993 926
997 927
996 928
991 929
992 930
1001 931
1004 932
1001 933
1002 934
1006 935
1013 936
1014 937
1015 938
1013 939
1006 940
1006 941
1009 942
1013 943
1012 944
1007 945
1008 946
1017 947
1020 948
1017 949
1018 950
1022 951
1029 952
1030 953
1031 954
1029 955
1022 956
1022 957
1025 958
1029 959
1028 960
1023 961
1024 962
1033 963
1036 964
1033 965
1034 966
1038 967
1045 968
1046 969
1047 970
1045 971
1038 972
1038 973
1041 974
1045 975
1044 976
1039 977
1040 978
1049 979
1052 980
1049 981
1050 982
1054 983
1061 984
1062 985
1063 986
1061 987
1054 988
1054 989
1057 990
1061 991
1060 992
1055 993
1056 994
1065 995
1068 996
1065 997
1066 998
1070 999
1077 1000
1078 1001
1079 1002
1077 1003
1070 1004
1070 1005
1073 1006
1077 1007
1076 1008
1071 1009
1072 1010
1081 1011
1084 1012
1081 1013
1082 1014
1086 1015
1093 1016
1094 1017
1095 1018
1093 1019
1086 1020
1086 1021
1089 1022
1093 1023
1092 1024
1087 1025
1088 1026
1097 1027
1100 1028
1097 1029
1098 1030
1102 1031
1109 1032
1110 1033
1111 1034
1109 1035
1102 1036
1102 1037
1105 1038
1109 1039
1108 1040
1103 1041
1104 1042
1113 1043
1116 1044
1113 1045
1114 1046
1118 1047
1125 1048
1126 1049
1127 1050
1125 1051
1118 1052
1118 1053
1121 1054
1125 1055
1124 1056
1119 1057
1120 1058
1129 1059
1132 1060
1129 1061
1130 1062
1134 1063
1141 1064
1142 1065
1143 1066
1141 1067
1134 1068
1134 1069
1137 1070
1141 1071
1140 1072
1135 1073
1136 1074
1145 1075
1148 1076
1145 1077
1146 1078
1150 1079
1157 1080
1158 1081
1159 1082
1157 1083
1150 1084
1150 1085
1153 1086
1157 1087
1156 1088
1151 1089
1152 1090
1161 1091
1164 1092
1161 1093
1162 1094
1166 1095
1173 1096
1174 1097
1175 1098
1173 1099
1166 1100
1166 1101
1169 1102
1173 1103
1172 1104
1167 1105
1168 1106
1177 1107
1180 1108
1177 1109
1178 1110
1182 1111
1189 1112
1190 1113
1191 1114
1189 1115
1182 1116
1182 1117
1185 1118
1189 1119
1188 1120
1183 1121
1184 1122
1193 1123
1196 1124
1193 1125
1194 1126
1198 1127
1205 1128
1206 1129
1207 1130
1205 1131
1198 1132
1198 1133
1201 1134
1205 1135
1204 1136
1199 1137
1200 1138
1209 1139
1212 1140
1209 1141
1210 1142
1214 1143
1221 1144
1222 1145
1223 1146
1221 1147
1214 1148
1214 1149
1217 1150
1221 1151
1220 1152
1215 1153
1216 1154
1225 1155
1228 1156
1225 1157
1226 1158
1230 1159
1237 1160
1238 1161
1239 1162
1237 1163
1230 1164
1230 1165
1233 1166
1237 1167
1236 1168
1231 1169
1232 1170
1241 1171
1244 1172
1241 1173
1242 1174
1246 1175
1253 1176
1254 1177
1255 1178
1253 1179
1246 1180
1246 1181
1249 1182
1253 1183
1252 1184
1247 1185
1248 1186
1257 1187
1260 1188
1257 1189
1258 1190
1262 1191
1269 1192
1270 1193
1271 1194
1269 1195
1262 1196
1262 1197
1265 1198
1269 1199
1268 1200
1263 1201
1264 1202
1273 1203
1276 1204
1273 1205
1274 1206
1278 1207
1285 1208
1286 1209
1287 1210
1285 1211
1278 1212
1278 1213
1281 1214
1285 1215
1284 1216
1279 1217
1280 1218
1289 1219
1292 1220
1289 1221
1290 1222
1294 1223
1301 1224
1302 1225
1303 1226
1301 1227
1294 1228
1294 1229
1297 1230
1301 1231
1300 1232
1295 1233
1296 1234
1305 1235
1308 1236
1305 1237
1306 1238
1310 1239
1317 1240
1318 1241
1319 1242
1317 1243
1310 1244
1310 1245
1313 1246
1317 1247
1316 1248
1311 1249
1312 1250
1321 1251
1324 1252
1321 1253
1322 1254
1326 1255
1333 1256
1334 1257
1335 1258
1333 1259
1326 1260
1326 1261
1329 1262
1333 1263
1332 1264
1327 1265
1328 1266
1337 1267
1340 1268
1337 1269
1338 1270
1342 1271
1349 1272
1350 1273
1351 1274
1349 1275
1342 1276
1342 1277
1345 1278
1349 1279
1348 1280
1343 1281
1344 1282
1353 1283
1356 1284
1353 1285
1354 1286
1358 1287
1365 1288
1366 1289
1367 1290
1365 1291
1358 1292
1358 1293
1361 1294
1365 1295
1364 1296
1359 1297
1360 1298
1369 1299
1372 1300
1369 1301
1370 1302
1374 1303
1381 1304
1382 1305
1383 1306
1381 1307
1374 1308
1374 1309
1377 1310
1381 1311
1380 1312
1375 1313
1376 1314
1385 1315
1388 1316
1385 1317
1386 1318
1390 1319
1397 1320
1398 1321
1399 1322
1397 1323
1390 1324
1390 1325
1393 1326
1397 1327
1396 1328
1391 1329
1392 1330
1401 1331
1404 1332
1401 1333
1402 1334
1406 1335
1413 1336
1414 1337
1415 1338
1413 1339
1406 1340
1406 1341
1409 1342
1413 1343
1412 1344
1407 1345
1408 1346
1417 1347
1420 1348
1417 1349
1418 1350
1422 1351
1429 1352
1430 1353
1431 1354
1429 1355
1422 1356
1422 1357
1425 1358
1429 1359
1428 1360
1423 1361
1424 1362
1433 1363
1436 1364
1433 1365
1434 1366
1438 1367
1445 1368
1446 1369
1447 1370
1445 1371
1438 1372
1438 1373
1441 1374
1445 1375
1444 1376
1439 1377
1440 1378
1449 1379
1452 1380
1449 1381
1450 1382
1454 1383
1461 1384
1462 1385
1463 1386
1461 1387
1454 1388
1454 1389
1457 1390
1461 1391
1460 1392
1455 1393
1456 1394
1465 1395
1468 1396
1465 1397
1466 1398
1470 1399
1477 1400
1478 1401
1479 1402
1477 1403
1470 1404
1470 1405
1473 1406
1477 1407
1476 1408
1471 1409
1472 1410
1481 1411
1484 1412
1481 1413
1482 1414
1486 1415
1493 1416
1494 1417
1495 1418
1493 1419
1486 1420
1486 1421
1489 1422
1493 1423
1492 1424
1487 1425
1488 1426
1497 1427
1500 1428
1497 1429
1498 1430
1502 1431
1509 1432
1510 1433
1511 1434
1509 1435
1502 1436
1502 1437
1505 1438
1509 1439
1508 1440
1503 1441
1504 1442
1513 1443
1516 1444
1513 1445
1514 1446
1518 1447
1525 1448
1526 1449
1527 1450
1525 1451
1518 1452
1518 1453
1521 1454
1525 1455
1524 1456
1519 1457
1520 1458
1529 1459
1532 1460
1529 1461
1530 1462
1534 1463
1541 1464
1542 1465
1543 1466
1541 1467
1534 1468
1534 1469
1537 1470
1541 1471
1540 1472
1535 1473
1536 1474
1545 1475
1548 1476
1545 1477
1546 1478
1550 1479
1557 1480
1558 1481
1559 1482
1557 1483
1550 1484
1550 1485
1553 1486
1557 1487
1556 1488
1551 1489
1552 1490
1561 1491
1564 1492
1561 1493
1562 1494
1566 1495
1573 1496
1574 1497
1575 1498
1573 1499
1566 1500
1566 1501
1569 1502
1573 1503
1572 1504
1567 1505
1568 1506
1577 1507
1580 1508
1577 1509
1578 1510
1582 1511
1589 1512
1590 1513
1591 1514
1589 1515
1582 1516
1582 1517
1585 1518
1589 1519
1588 1520
1583 1521
1584 1522
1593 1523
1596 1524
1593 1525
1594 1526
1598 1527
1605 1528
1606 1529
1607 1530
1605 1531
1598 1532
1598 1533
1601 1534
1605 1535
1604 1536
1599 1537
1600 1538
1609 1539
1612 1540
1609 1541
1610 1542
1614 1543
1621 1544
1622 1545
1623 1546
1621 1547
1614 1548
1614 1549
1617 1550
1621 1551
1620 1552
1615 1553
1616 1554
1625 1555
1628 1556
1625 1557
1626 1558
1630 1559
1637 1560
1638 1561
1639 1562
1637 1563
1630 1564
1630 1565
1633 1566
1637 1567
1636 1568
1631 1569
1632 1570
1641 1571
1644 1572
1641 1573
1642 1574
1646 1575
1653 1576
1654 1577
1655 1578
1653 1579
1646 1580
1646 1581
1649 1582
1653 1583
1652 1584
1647 1585
1648 1586
1657 1587
1660 1588
1657 1589
1658 1590
1662 1591
1669 1592
1670 1593
1671 1594
1669 1595
1662 1596
1662 1597
1665 1598
1669 1599
1668 1600
1663 1601
1664 1602
1673 1603
1676 1604
1673 1605
1674 1606
1678 1607
1685 1608
1686 1609
1687 1610
1685 1611
1678 1612
1678 1613
1681 1614
1685 1615
1684 1616
1679 1617
1680 1618
1689 1619
1692 1620
1689 1621
1690 1622
1694 1623
1701 1624
1702 1625
1703 1626
1701 1627
1694 1628
1694 1629
1697 1630
1701 1631
1700 1632
1695 1633
1696 1634
1705 1635
1708 1636
1705 1637
1706 1638
1710 1639
1717 1640
1718 1641
1719 1642
1717 1643
1710 1644
1710 1645
1713 1646
1717 1647
1716 1648
1711 1649
1712 1650
1721 1651
1724 1652
1721 1653
1722 1654
1726 1655
1733 1656
1734 1657
1735 1658
1733 1659
1726 1660
1726 1661
1729 1662
1733 1663
1732 1664
1727 1665
1728 1666
1737 1667
1740 1668
1737 1669
1738 1670
1742 1671
1749 1672
1750 1673
1751 1674
1749 1675
1742 1676
1742 1677
1745 1678
1749 1679
1748 1680
1743 1681
1744 1682
1753 1683
1756 1684
1753 1685
1754 1686
1758 1687
1765 1688
1766 1689
1767 1690
1765 1691
1758 1692
1758 1693
1761 1694
1765 1695
1764 1696
1759 1697
1760 1698
1769 1699
1772 1700
1769 1701
1770 1702
1774 1703
1781 1704
1782 1705
1783 1706
1781 1707
1774 1708
1774 1709
1777 1710
1781 1711
1780 1712
1775 1713
1776 1714
1785 1715
1788 1716
1785 1717
1786 1718
1790 1719
1797 1720
1798 1721
1799 1722
1797 1723
1790 1724
1790 1725
1793 1726
1797 1727
1796 1728
1791 1729
1792 1730
1801 1731
1804 1732
1801 1733
1802 1734
1806 1735
1813 1736
1814 1737
1815 1738
1813 1739
1806 1740
1806 1741
1809 1742
1813 1743
1812 1744
1807 1745
1808 1746
1817 1747
1820 1748
1817 1749
1818 1750
1822 1751
1829 1752
1830 1753
1831 1754
1829 1755
1822 1756
1822 1757
1825 1758
1829 1759
1828 1760
1823 1761
1824 1762
1833 1763
1836 1764
1833 1765
1834 1766
1838 1767
1845 1768
1846 1769
1847 1770
1845 1771
1838 1772
1838 1773
1841 1774
1845 1775
1844 1776
1839 1777
1840 1778
1849 1779
1852 1780
1849 1781
1850 1782
1854 1783
1861 1784
1862 1785
1863 1786
1861 1787
1854 1788
1854 1789
1857 1790
1861 1791
1860 1792
1855 1793
1856 1794
1865 1795
1868 1796
1865 1797
1866 1798
1870 1799
1877 1800
1878 1801
1879 1802
1877 1803
1870 1804
1870 1805
1873 1806
1877 1807
1876 1808
1871 1809
1872 1810
1881 1811
1884 1812
1881 1813
1882 1814
1886 1815
1893 1816
1894 1817
1895 1818
1893 1819
1886 1820
1886 1821
1889 1822
1893 1823
1892 1824
1887 1825
1888 1826
1897 1827
1900 1828
1897 1829
1898 1830
1902 1831
1909 1832
1910 1833
1911 1834
1909 1835
1902 1836
1902 1837
1905 1838
1909 1839
1908 1840
1903 1841
1904 1842
1913 1843
1916 1844
1913 1845
1914 1846
1918 1847
1925 1848
1926 1849
1927 1850
1925 1851
1918 1852
1918 1853
1921 1854
1925 1855
1924 1856
1919 1857
1920 1858
1929 1859
1932 1860
1929 1861
1930 1862
1934 1863
1941 1864
1942 1865
1943 1866
1941 1867
1934 1868
1934 1869
1937 1870
1941 1871
1940 1872
1935 1873
1936 1874
1945 1875
1948 1876
1945 1877
1946 1878
1950 1879
1957 1880
1958 1881
1959 1882
1957 1883
1950 1884
1950 1885
1953 1886
1957 1887
1956 1888
1951 1889
1952 1890
1961 1891
1964 1892
1961 1893
1962 1894
1966 1895
1973 1896
1974 1897
1975 1898
1973 1899
1966 1900
1966 1901
1969 1902
1973 1903
1972 1904
1967 1905
1968 1906
1977 1907
1980 1908
1977 1909
1978 1910
1982 1911
1989 1912
1990 1913
1991 1914
1989 1915
1982 1916
1982 1917
1985 1918
1989 1919
1988 1920
1983 1921
1984 1922
1993 1923
1996 1924
1993 1925
1994 1926
1998 1927
2005 1928
2006 1929
2007 1930
2005 1931
1998 1932
1998 1933
2001 1934
2005 1935
2004 1936
1999 1937
2000 1938
2009 1939
2012 1940
2009 1941
2010 1942
2014 1943
2021 1944
2022 1945
2023 1946
2021 1947
2014 1948
2014 1949
2017 1950
2021 1951
2020 1952
2015 1953
2016 1954
2025 1955
2028 1956
2025 1957
2026 1958
2030 1959
2037 1960
2038 1961
2039 1962
2037 1963
2030 1964
2030 1965
2033 1966
2037 1967
2036 1968
2031 1969
2032 1970
2041 1971
2044 1972
2041 1973
2042 1974
2046 1975
2053 1976
2054 1977
2055 1978
2053 1979
2046 1980
2046 1981
2049 1982
2053 1983
2052 1984
2047 1985
2048 1986
2057 1987
2060 1988
2057 1989
2058 1990
2062 1991
2069 1992
2070 1993
2071 1994
2069 1995
2062 1996
2062 1997
2065 1998
2069 1999
