35 11
39 12
42 13
44 14
52 15
51 16
53 17
57 18
64 19
62 20
62 21
65 22
71 23
75 24
78 25
80 26
84 27
87 28
89 29
89 30
92 31
98 32
102 33
105 34
107 35
111 36
114 37
116 38
116 39
119 40
125 41
129 42
132 43
134 44
138 45
141 46
143 47
143 48
146 49
152 50
156 51
159 52
161 53
165 54
168 55
170 56
170 57
173 58
179 59
183 60
186 61
188 62
192 63
195 64
197 65
197 66
200 67
206 68
210 69
213 70
215 71
219 72
222 73
224 74
224 75
227 76
233 77
237 78
240 79
242 80
246 81
249 82
251 83
251 84
254 85
260 86
264 87
267 88
269 89
273 90
276 91
278 92
278 93
281 94
287 95
291 96
294 97
296 98
300 99
303 100
305 101
305 102
308 103
314 104
318 105
321 106
323 107
327 108
330 109
332 110
332 111
335 112
341 113
345 114
348 115
350 116
354 117
357 118
359 119
359 120
362 121
368 122
372 123
375 124
377 125
381 126
384 127
386 128
386 129
389 130
395 131
399 132
402 133
404 134
408 135
411 136
413 137
413 138
416 139
422 140
426 141
429 142
431 143
435 144
438 145
440 146
440 147
443 148
449 149
453 150
456 151
458 152
462 153
465 154
467 155
467 156
470 157
476 158
480 159
483 160
485 161
489 162
492 163
494 164
494 165
497 166
503 167
507 168
510 169
512 170
516 171
519 172
521 173
521 174
524 175
530 176
534 177
537 178
539 179
543 180
546 181
548 182
548 183
551 184
557 185
561 186
564 187
566 188
570 189
573 190
575 191
575 192
578 193
584 194
588 195
591 196
593 197
597 198
600 199
602 200
602 201
605 202
611 203
615 204
618 205
620 206
624 207
627 208
629 209
629 210
632 211
638 212
642 213
645 214
647 215
651 216
654 217
656 218
656 219
659 220
665 221
669 222
672 223
674 224
678 225
681 226
683 227
683 228
686 229
692 230
696 231
699 232
701 233
705 234
708 235
710 236
710 237
713 238
719 239
723 240
726 241
728 242
732 243
735 244
737 245
737 246
740 247
746 248
750 249
753 250
755 251
759 252
762 253
764 254
764 255
767 256
773 257
777 258
780 259
782 260
786 261
789 262
791 263
791 264
794 265
800 266
804 267
807 268
809 269
813 270
816 271
818 272
818 273
821 274
827 275
831 276
834 277
836 278
840 279
843 280
845 281
845 282
848 283
854 284
858 285
861 286
863 287
867 288
870 289
872 290
872 291
875 292
881 293
885 294
888 295
890 296
894 297
897 298
899 299
899 300
902 301
908 302
912 303
915 304
917 305
921 306
924 307
926 308
926 309
929 310
935 311
939 312
942 313
944 314
948 315
951 316
953 317
953 318
956 319
962 320
966 321
969 322
971 323
975 324
978 325
980 326
980 327
983 328
989 329
993 330
996 331
998 332
1002 333
1005 334
1007 335
1007 336
1010 337
1016 338
1020 339
1023 340
1025 341
1029 342
1032 343
1034 344
1034 345
1037 346
1043 347
1047 348
1050 349
1052 350
1056 351
1059 352
1061 353
1061 354
1064 355
1070 356
1074 357
1077 358
1079 359
1083 360
1086 361
1088 362
1088 363
1091 364
1097 365
1101 366
1104 367
1106 368
1110 369
1113 370
1115 371
1115 372
1118 373
1124 374
1128 375
1131 376
1133 377
1137 378
1140 379
1142 380
1142 381
1145 382
1151 383
1155 384
1158 385
1160 386
1164 387
1167 388
1169 389
1169 390
1172 391
1178 392
1182 393
1185 394
1187 395
1191 396
1194 397
1196 398
1196 399
1199 400
1205 401
1209 402
1212 403
1214 404
1218 405
1221 406
1223 407
1223 408
1226 409
1232 410
1236 411
1239 412
1241 413
1245 414
1248 415
1250 416
1250 417
1253 418
1259 419
1263 420
1266 421
1268 422
1272 423
1275 424
1277 425
1277 426
1280 427
1286 428
1290 429
1293 430
1295 431
1299 432
1302 433
1304 434
1304 435
1307 436
1313 437
1317 438
1320 439
1322 440
1326 441
1329 442
1331 443
1331 444
1334 445
1340 446
1344 447
1347 448
1349 449
1353 450
1356 451
1358 452
1358 453
1361 454
1367 455
1371 456
1374 457
1376 458
1380 459
1383 460
1385 461
1385 462
1388 463
1394 464
1398 465
1401 466
1403 467
1407 468
1410 469
1412 470
1412 471
1415 472
1421 473
1425 474
1428 475
1430 476
1434 477
1437 478
1439 479
1439 480
1442 481
1448 482
1452 483
1455 484
1457 485
1461 486
1464 487
1466 488
1466 489
1469 490
1475 491
1479 492
1482 493
1484 494
1488 495
1491 496
1493 497
1493 498
1496 499
1502 500
1506 501
1509 502
1511 503
1515 504
1518 505
1520 506
1520 507
1523 508
1529 509
1533 510
1536 511
1538 512
1542 513
1545 514
1547 515
1547 516
1550 517
1556 518
1560 519
1563 520
1565 521
1569 522
1572 523
1574 524
1574 525
1577 526
1583 527
1587 528
1590 529
1592 530
1596 531
1599 532
1601 533
1601 534
1604 535
1610 536
1614 537
1617 538
1619 539
1623 540
1626 541
1628 542
1628 543
1631 544
1637 545
1641 546
1644 547
1646 548
1650 549
1653 550
1655 551
1655 552
1658 553
1664 554
1668 555
1671 556
1673 557
1677 558
1680 559
1682 560
1682 561
1685 562
1691 563
1695 564
1698 565
1700 566
1704 567
1707 568
1709 569
1709 570
1712 571
1718 572
1722 573
1725 574
1727 575
1731 576
1734 577
1736 578
1736 579
1739 580
1745 581
1749 582
1752 583
1754 584
1758 585
1761 586
1763 587
1763 588
1766 589
1772 590
1776 591
1779 592
1781 593
1785 594
1788 595
1790 596
1790 597
1793 598
1799 599
1803 600
1806 601
1808 602
1812 603
1815 604
1817 605
1817 606
1820 607
1826 608
1830 609
1833 610
1835 611
1839 612
1842 613
1844 614
1844 615
1847 616
1853 617
1857 618
1860 619
1862 620
1866 621
1869 622
1871 623
1871 624
1874 625
1880 626
1884 627
1887 628
1889 629
1893 630
1896 631
1898 632
1898 633
1901 634
1907 635
1911 636
1914 637
1916 638
1920 639
1923 640
1925 641
1925 642
1928 643
1934 644
1938 645
1941 646
1943 647
1947 648
1950 649
1952 650
1952 651
1955 652
1961 653
1965 654
1968 655
1970 656
1974 657
1977 658
1979 659
1979 660
1982 661
1988 662
1992 663
1995 664
1997 665
2001 666
2004 667
2006 668
2006 669
2009 670
2015 671
2019 672
2022 673
2024 674
2028 675
2031 676
2033 677
2033 678
2036 679
2042 680
2046 681
2049 682
2051 683
2055 684
2058 685
2060 686
2060 687
2063 688
2069 689
2073 690
2076 691
2078 692
2082 693
2085 694
2087 695
2087 696
2090 697
2096 698
2100 699
2103 700
2105 701
2109 702
2112 703
2114 704
2114 705
2117 706
2123 707
2127 708
2130 709
2132 710
2136 711
2139 712
2141 713
2141 714
2144 715
2150 716
2154 717
2157 718
2159 719
2163 720
2166 721
2168 722
2168 723
2171 724
2177 725
2181 726
2184 727
2186 728
2190 729
2193 730
2195 731
2195 732
2198 733
2204 734
2208 735
2211 736
2213 737
2217 738
2220 739
2222 740
2222 741
2225 742
2231 743
2235 744
2238 745
2240 746
2244 747
2247 748
2249 749
2249 750
2252 751
2258 752
2262 753
2265 754
2267 755
2271 756
2274 757
2276 758
2276 759
2279 760
2285 761
2289 762
2292 763
2294 764
2298 765
2301 766
2303 767
2303 768
2306 769
2312 770
2316 771
2319 772
2321 773
2325 774
2328 775
2330 776
2330 777
2333 778
2339 779
2343 780
2346 781
2348 782
2352 783
2355 784
2357 785
2357 786
2360 787
2366 788
2370 789
2373 790
2375 791
2379 792
2382 793
2384 794
2384 795
2387 796
2393 797
2397 798
2400 799
2402 800
2406 801
2409 802
2411 803
2411 804
2414 805
2420 806
2424 807
2427 808
2429 809
2433 810
2436 811
2438 812
2438 813
2441 814
2447 815
2451 816
2454 817
2456 818
2460 819
2463 820
2465 821
2465 822
2468 823
2474 824
2478 825
2481 826
2483 827
2487 828
2490 829
2492 830
2492 831
2495 832
2501 833
2505 834
2508 835
2510 836
2514 837
2517 838
2519 839
2519 840
2522 841
2528 842
2532 843
2535 844
2537 845
2541 846
2544 847
2546 848
2546 849
2549 850
2555 851
2559 852
2562 853
2564 854
2568 855
2571 856
2573 857
2573 858
2576 859
2582 860
2586 861
2589 862
2591 863
2595 864
2598 865
2600 866
2600 867
2603 868
2609 869
2613 870
2616 871
2618 872
2622 873
2625 874
2627 875
2627 876
2630 877
2636 878
2640 879
2643 880
2645 881
2649 882
2652 883
2654 884
2654 885
2657 886
2663 887
2667 888
2670 889
2672 890
2676 891
2679 892
2681 893
2681 894
2684 895
2690 896
2694 897
2697 898
2699 899
2703 900
2706 901
2708 902
2708 903
2711 904
2717 905
2721 906
2724 907
2726 908
2730 909
2733 910
2735 911
2735 912
2738 913
2744 914
2748 915
2751 916
2753 917
2757 918
2760 919
2762 920
2762 921
2765 922
2771 923
2775 924
2778 925
2780 926
2784 927
2787 928
2789 929
2789 930
2792 931
2798 932
2802 933
2805 934
2807 935
2811 936
2814 937
2816 938
2816 939
2819 940
2825 941
2829 942
2832 943
2834 944
2838 945
2841 946
2843 947
2843 948
2846 949
2852 950
2856 951
2859 952
2861 953
2865 954
2868 955
2870 956
2870 957
2873 958
2879 959
2883 960
2886 961
2888 962
2892 963
2895 964
2897 965
2897 966
2900 967
2906 968
2910 969
2913 970
2915 971
2919 972
2922 973
2924 974
2924 975
2927 976
2933 977
2937 978
2940 979
2942 980
2946 981
2949 982
2951 983
2951 984
2954 985
2960 986
2964 987
2967 988
2969 989
2973 990
2976 991
2978 992
2978 993
2981 994
2987 995
2991 996
2994 997
2996 998
3000 999
3003 1000
3005 1001
3005 1002
3008 1003
3014 1004
3018 1005
3021 1006
3023 1007
3027 1008
3030 1009
3032 1010
3032 1011
3035 1012
3041 1013
3045 1014
3048 1015
3050 1016
3054 1017
3057 1018
3059 1019
3059 1020
3062 1021
3068 1022
3072 1023
3075 1024
3077 1025
3081 1026
3084 1027
3086 1028
3086 1029
3089 1030
3095 1031
3099 1032
3102 1033
3104 1034
3108 1035
3111 1036
3113 1037
3113 1038
3116 1039
3122 1040
3126 1041
3129 1042
3131 1043
3135 1044
3138 1045
3140 1046
3140 1047
3143 1048
3149 1049
3153 1050
3156 1051
3158 1052
3162 1053
3165 1054
3167 1055
3167 1056
3170 1057
3176 1058
3180 1059
3183 1060
3185 1061
3189 1062
3192 1063
3194 1064
3194 1065
3197 1066
3203 1067
3207 1068
3210 1069
3212 1070
3216 1071
3219 1072
3221 1073
3221 1074
3224 1075
3230 1076
3234 1077
3237 1078
3239 1079
3243 1080
3246 1081
3248 1082
3248 1083
3251 1084
3257 1085
3261 1086
3264 1087
3266 1088
3270 1089
3273 1090
3275 1091
3275 1092
3278 1093
3284 1094
3288 1095
3291 1096
3293 1097
3297 1098
3300 1099
3302 1100
3302 1101
3305 1102
3311 1103
3315 1104
3318 1105
3320 1106
3324 1107
3327 1108
3329 1109
3329 1110
3332 1111
3338 1112
3342 1113
3345 1114
3347 1115
3351 1116
3354 1117
3356 1118
3356 1119
3359 1120
3365 1121
3369 1122
3372 1123
3374 1124
3378 1125
3381 1126
3383 1127
3383 1128
3386 1129
3392 1130
3396 1131
3399 1132
3401 1133
3405 1134
3408 1135
3410 1136
3410 1137
3413 1138
3419 1139
3423 1140
3426 1141
3428 1142
3432 1143
3435 1144
3437 1145
3437 1146
3440 1147
3446 1148
3450 1149
3453 1150
3455 1151
3459 1152
3462 1153
3464 1154
3464 1155
3467 1156
3473 1157
3477 1158
3480 1159
3482 1160
3486 1161
3489 1162
3491 1163
3491 1164
3494 1165
3500 1166
3504 1167
3507 1168
3509 1169
3513 1170
3516 1171
3518 1172
3518 1173
3521 1174
3527 1175
3531 1176
3534 1177
3536 1178
3540 1179
3543 1180
3545 1181
3545 1182
3548 1183
3554 1184
3558 1185
3561 1186
3563 1187
3567 1188
3570 1189
3572 1190
3572 1191
3575 1192
3581 1193
3585 1194
3588 1195
3590 1196
3594 1197
3597 1198
3599 1199
3599 1200
3602 1201
3608 1202
3612 1203
3615 1204
3617 1205
3621 1206
3624 1207
3626 1208
3626 1209
3629 1210
3635 1211
3639 1212
3642 1213
3644 1214
3648 1215
3651 1216
3653 1217
3653 1218
3656 1219
3662 1220
3666 1221
3669 1222
3671 1223
3675 1224
3678 1225
3680 1226
3680 1227
3683 1228
3689 1229
3693 1230
3696 1231
3698 1232
3702 1233
3705 1234
3707 1235
3707 1236
3710 1237
3716 1238
3720 1239
3723 1240
3725 1241
3729 1242
3732 1243
3734 1244
3734 1245
3737 1246
3743 1247
3747 1248
3750 1249
3752 1250
3756 1251
3759 1252
3761 1253
3761 1254
3764 1255
3770 1256
3774 1257
3777 1258
3779 1259
3783 1260
3786 1261
3788 1262
3788 1263
3791 1264
3797 1265
3801 1266
3804 1267
3806 1268
3810 1269
3813 1270
3815 1271
3815 1272
3818 1273
3824 1274
3828 1275
3831 1276
3833 1277
3837 1278
3840 1279
3842 1280
3842 1281
3845 1282
3851 1283
3855 1284
3858 1285
3860 1286
3864 1287
3867 1288
3869 1289
3869 1290
3872 1291
3878 1292
3882 1293
3885 1294
3887 1295
3891 1296
3894 1297
3896 1298
3896 1299
3899 1300
3905 1301
3909 1302
3912 1303
3914 1304
3918 1305
3921 1306
3923 1307
3923 1308
3926 1309
3932 1310
3936 1311
3939 1312
3941 1313
3945 1314
3948 1315
3950 1316
3950 1317
3953 1318
3959 1319
3963 1320
3966 1321
3968 1322
3972 1323
3975 1324
3977 1325
3977 1326
3980 1327
3986 1328
3990 1329
3993 1330
3995 1331
3999 1332
4002 1333
4004 1334
4004 1335
4007 1336
4013 1337
4017 1338
4020 1339
4022 1340
4026 1341
4029 1342
4031 1343
4031 1344
4034 1345
4040 1346
4044 1347
4047 1348
4049 1349
4053 1350
4056 1351
4058 1352
4058 1353
4061 1354
4067 1355
4071 1356
4074 1357
4076 1358
4080 1359
4083 1360
4085 1361
4085 1362
4088 1363
4094 1364
4098 1365
4101 1366
4103 1367
4107 1368
4110 1369
4112 1370
4112 1371
4115 1372
4121 1373
4125 1374
4128 1375
4130 1376
4134 1377
4137 1378
4139 1379
4139 1380
4142 1381
4148 1382
4152 1383
4155 1384
4157 1385
4161 1386
4164 1387
4166 1388
4166 1389
4169 1390
4175 1391
4179 1392
4182 1393
4184 1394
4188 1395
4191 1396
4193 1397
4193 1398
4196 1399
4202 1400
4206 1401
4209 1402
4211 1403
4215 1404
4218 1405
4220 1406
4220 1407
4223 1408
4229 1409
4233 1410
4236 1411
4238 1412
4242 1413
4245 1414
4247 1415
4247 1416
4250 1417
4256 1418
4260 1419
4263 1420
4265 1421
4269 1422
4272 1423
4274 1424
4274 1425
4277 1426
4283 1427
4287 1428
4290 1429
4292 1430
4296 1431
4299 1432
4301 1433
4301 1434
4304 1435
4310 1436
4314 1437
4317 1438
4319 1439
4323 1440
4326 1441
4328 1442
4328 1443
4331 1444
4337 1445
4341 1446
4344 1447
4346 1448
4350 1449
4353 1450
4355 1451
4355 1452
4358 1453
4364 1454
4368 1455
4371 1456
4373 1457
4377 1458
4380 1459
4382 1460
4382 1461
4385 1462
4391 1463
4395 1464
4398 1465
4400 1466
4404 1467
4407 1468
4409 1469
4409 1470
4412 1471
4418 1472
4422 1473
4425 1474
4427 1475
4431 1476
4434 1477
4436 1478
4436 1479
4439 1480
4445 1481
4449 1482
4452 1483
4454 1484
4458 1485
4461 1486
4463 1487
4463 1488
4466 1489
4472 1490
4476 1491
4479 1492
4481 1493
4485 1494
4488 1495
4490 1496
4490 1497
4493 1498
4499 1499
4503 1500
4506 1501
4508 1502
4512 1503
4515 1504
4517 1505
4517 1506
4520 1507
4526 1508
4530 1509
4533 1510
4535 1511
4539 1512
4542 1513
4544 1514
4544 1515
4547 1516
4553 1517
4557 1518
4560 1519
4562 1520
4566 1521
4569 1522
4571 1523
4571 1524
4574 1525
4580 1526
4584 1527
4587 1528
4589 1529
4593 1530
4596 1531
4598 1532
4598 1533
4601 1534
4607 1535
4611 1536
4614 1537
4616 1538
4620 1539
4623 1540
4625 1541
4625 1542
4628 1543
4634 1544
4638 1545
4641 1546
4643 1547
4647 1548
4650 1549
4652 1550
4652 1551
4655 1552
4661 1553
4665 1554
4668 1555
4670 1556
4674 1557
4677 1558
4679 1559
4679 1560
4682 1561
4688 1562
4692 1563
4695 1564
4697 1565
4701 1566
4704 1567
4706 1568
4706 1569
4709 1570
4715 1571
4719 1572
4722 1573
4724 1574
4728 1575
4731 1576
4733 1577
4733 1578
4736 1579
4742 1580
4746 1581
4749 1582
4751 1583
4755 1584
4758 1585
4760 1586
4760 1587
4763 1588
4769 1589
4773 1590
4776 1591
4778 1592
4782 1593
4785 1594
4787 1595
4787 1596
4790 1597
4796 1598
4800 1599
4803 1600
4805 1601
4809 1602
4812 1603
4814 1604
4814 1605
4817 1606
4823 1607
4827 1608
4830 1609
4832 1610
4836 1611
4839 1612
4841 1613
4841 1614
4844 1615
4850 1616
4854 1617
4857 1618
4859 1619
4863 1620
4866 1621
4868 1622
4868 1623
4871 1624
4877 1625
4881 1626
4884 1627
4886 1628
4890 1629
4893 1630
4895 1631
4895 1632
4898 1633
4904 1634
4908 1635
4911 1636
4913 1637
4917 1638
4920 1639
4922 1640
4922 1641
4925 1642
4931 1643
4935 1644
4938 1645
4940 1646
4944 1647
4947 1648
4949 1649
4949 1650
4952 1651
4958 1652
4962 1653
4965 1654
4967 1655
4971 1656
4974 1657
4976 1658
4976 1659
4979 1660
4985 1661
4989 1662
4992 1663
4994 1664
4998 1665
5001 1666
5003 1667
5003 1668
5006 1669
5012 1670
5016 1671
5019 1672
5021 1673
5025 1674
5028 1675
5030 1676
5030 1677
5033 1678
5039 1679
5043 1680
5046 1681
5048 1682
5052 1683
5055 1684
5057 1685
5057 1686
5060 1687
5066 1688
5070 1689
5073 1690
5075 1691
5079 1692
5082 1693
5084 1694
5084 1695
5087 1696
5093 1697
5097 1698
5100 1699
5102 1700
5106 1701
5109 1702
5111 1703
5111 1704
5114 1705
5120 1706
5124 1707
5127 1708
5129 1709
5133 1710
5136 1711
5138 1712
5138 1713
5141 1714
5147 1715
5151 1716
5154 1717
5156 1718
5160 1719
5163 1720
5165 1721
5165 1722
5168 1723
5174 1724
5178 1725
5181 1726
5183 1727
5187 1728
5190 1729
5192 1730
5192 1731
5195 1732
5201 1733
5205 1734
5208 1735
5210 1736
5214 1737
5217 1738
5219 1739
5219 1740
5222 1741
5228 1742
5232 1743
5235 1744
5237 1745
5241 1746
5244 1747
5246 1748
5246 1749
5249 1750
5255 1751
5259 1752
5262 1753
5264 1754
5268 1755
5271 1756
5273 1757
5273 1758
5276 1759
5282 1760
5286 1761
5289 1762
5291 1763
5295 1764
5298 1765
5300 1766
5300 1767
5303 1768
5309 1769
5313 1770
5316 1771
5318 1772
5322 1773
5325 1774
5327 1775
5327 1776
5330 1777
5336 1778
5340 1779
5343 1780
5345 1781
5349 1782
5352 1783
5354 1784
5354 1785
5357 1786
5363 1787
5367 1788
5370 1789
5372 1790
5376 1791
5379 1792
5381 1793
5381 1794
5384 1795
5390 1796
5394 1797
5397 1798
5399 1799
5403 1800
5406 1801
5408 1802
5408 1803
5411 1804
5417 1805
5421 1806
5424 1807
5426 1808
5430 1809
5433 1810
5435 1811
5435 1812
5438 1813
5444 1814
5448 1815
5451 1816
5453 1817
5457 1818
5460 1819
5462 1820
5462 1821
5465 1822
5471 1823
5475 1824
5478 1825
5480 1826
5484 1827
5487 1828
5489 1829
5489 1830
5492 1831
5498 1832
5502 1833
5505 1834
5507 1835
5511 1836
5514 1837
5516 1838
5516 1839
5519 1840
5525 1841
5529 1842
5532 1843
5534 1844
5538 1845
5541 1846
5543 1847
5543 1848
5546 1849
5552 1850
5556 1851
5559 1852
5561 1853
5565 1854
5568 1855
5570 1856
5570 1857
5573 1858
5579 1859
5583 1860
5586 1861
5588 1862
5592 1863
5595 1864
5597 1865
5597 1866
5600 1867
5606 1868
5610 1869
5613 1870
5615 1871
5619 1872
5622 1873
5624 1874
5624 1875
5627 1876
5633 1877
5637 1878
5640 1879
5642 1880
5646 1881
5649 1882
5651 1883
5651 1884
5654 1885
5660 1886
5664 1887
5667 1888
5669 1889
5673 1890
5676 1891
5678 1892
5678 1893
5681 1894
5687 1895
5691 1896
5694 1897
5696 1898
5700 1899
5703 1900
5705 1901
5705 1902
5708 1903
5714 1904
5718 1905
5721 1906
5723 1907
5727 1908
5730 1909
5732 1910
5732 1911
5735 1912
5741 1913
5745 1914
5748 1915
5750 1916
5754 1917
5757 1918
5759 1919
5759 1920
5762 1921
5768 1922
5772 1923
5775 1924
5777 1925
5781 1926
5784 1927
5786 1928
5786 1929
5789 1930
5795 1931
5799 1932
5802 1933
5804 1934
5808 1935
5811 1936
5813 1937
5813 1938
5816 1939
5822 1940
5826 1941
5829 1942
5831 1943
5835 1944
5838 1945
5840 1946
5840 1947
5843 1948
5849 1949
5853 1950
5856 1951
5858 1952
5862 1953
5865 1954
5867 1955
5867 1956
5870 1957
5876 1958
5880 1959
5883 1960
5885 1961
5889 1962
5892 1963
5894 1964
5894 1965
5897 1966
5903 1967
5907 1968
5910 1969
5912 1970
5916 1971
5919 1972
5921 1973
5921 1974
5924 1975
5930 1976
5934 1977
5937 1978
5939 1979
5943 1980
5946 1981
5948 1982
5948 1983
5951 1984
5957 1985
5961 1986
5964 1987
5966 1988
5970 1989
5973 1990
5975 1991
5975 1992
5978 1993
5984 1994
5988 1995
5991 1996
5993 1997
5997 1998
6000 1999
6002 2000
