4,11,9,6,5,3,1,10,8,4,2,11,7,
4,12,10,9,5,2,12,1,8,4,3,11,7,6,
4,13,11,9,7,1,12,13,10,5,3,4,8,6,2,
4,14,11,9,7,1,12,13,10,5,3,14,8,6,2,4,
4,15,12,8,7,1,13,14,10,6,3,11,4,5,2,15,9,
4,16,13,9,5,1,14,11,8,4,3,16,12,7,2,15,10,6,
4,17,14,11,8,5,1,17,13,9,4,16,12,7,3,15,10,6,2,
4,18,14,11,8,5,18,17,13,9,4,16,12,7,3,15,10,6,2,1,
4,19,15,11,8,5,18,17,13,9,4,16,12,7,3,1,10,6,2,19,14,
4,20,16,11,8,5,18,17,13,9,4,15,12,7,3,20,1,6,2,19,14,10,
4,21,17,12,8,5,18,15,13,9,4,21,1,7,3,20,16,11,2,19,14,10,6,
4,22,17,12,8,5,18,22,13,9,4,21,1,7,3,20,16,11,2,19,14,10,6,15,
4,23,18,14,10,5,22,1,13,9,3,21,17,7,2,20,16,11,6,19,12,8,4,23,15,
4,24,19,14,10,5,22,24,15,9,3,21,18,1,2,20,16,8,6,12,13,7,4,23,17,11,
4,25,20,14,10,5,24,25,18,9,2,22,17,13,6,21,16,11,4,19,1,8,3,23,15,12,7,
4,26,20,14,10,5,24,25,18,9,2,22,17,13,6,21,16,11,4,26,1,8,3,23,15,12,7,19,
4,27,21,14,10,5,25,26,1,9,3,24,17,13,7,22,16,8,4,19,20,12,2,23,15,11,6,27,18,
4,28,22,17,10,5,26,28,1,9,2,24,18,13,6,21,16,8,3,25,20,12,7,23,15,11,4,27,19,14,
4,29,23,17,10,5,26,28,21,15,2,24,18,13,6,29,22,9,3,25,20,12,8,1,16,11,4,27,19,14,7,
4,30,23,17,10,5,26,28,21,15,2,24,18,13,6,29,22,9,3,25,20,12,8,30,16,11,4,27,19,14,7,1,
4,31,24,16,11,5,26,29,19,15,2,25,17,13,6,30,22,10,4,28,20,14,8,23,1,9,3,27,18,12,7,31,21,
4,32,25,17,9,5,26,30,22,14,4,29,21,13,8,23,16,1,3,28,20,11,7,32,24,15,2,27,18,10,6,31,19,12,
4,33,26,19,12,5,30,23,16,9,1,29,21,13,4,33,25,17,8,28,20,11,3,32,24,15,7,27,18,10,2,31,22,14,6,
4,34,26,19,12,5,30,34,16,9,1,29,21,13,4,33,25,17,8,28,20,11,3,32,24,15,7,27,18,10,2,31,22,14,6,23,
4,35,27,19,12,5,30,34,26,9,1,29,21,13,4,33,25,17,8,28,20,11,3,32,24,15,7,16,18,10,2,31,22,14,6,35,23,
4,36,28,19,12,5,30,34,26,18,1,29,21,13,4,33,25,17,8,27,20,11,3,32,24,15,7,36,9,10,2,31,22,14,6,35,23,16,
4,37,29,20,12,5,30,34,26,18,10,27,21,13,4,33,25,17,8,37,1,11,3,32,24,15,7,36,28,19,2,31,22,14,6,35,23,16,9,
4,38,29,20,12,5,30,34,26,18,10,38,21,13,4,33,25,17,8,37,1,11,3,32,24,15,7,36,28,19,2,31,22,14,6,35,23,16,9,27,
4,39,30,22,14,5,34,36,26,18,10,1,21,13,3,33,25,17,7,38,29,11,2,32,24,15,6,37,28,19,9,31,20,12,4,35,23,16,8,39,27,
4,40,31,22,14,5,34,36,27,18,10,40,23,13,3,33,26,17,8,38,30,1,2,32,24,12,6,37,28,16,9,20,21,11,4,35,25,15,7,39,29,19,
4,41,32,22,14,5,36,37,26,20,10,41,30,13,2,34,25,17,6,40,29,21,9,33,24,15,4,38,28,18,8,31,1,12,3,35,23,16,7,39,27,19,11,
4,42,32,22,14,5,36,37,26,20,10,41,30,13,2,34,25,17,6,40,29,21,9,33,24,15,4,38,28,18,8,42,1,12,3,35,23,16,7,39,27,19,11,31,
4,43,33,22,14,5,37,38,27,19,10,42,1,13,3,36,25,17,7,41,29,21,11,34,24,12,4,40,28,18,9,31,32,20,2,35,23,15,6,39,26,16,8,43,30,
4,44,34,25,14,5,38,40,29,19,10,44,1,13,2,36,26,17,6,41,30,21,9,33,24,12,3,37,28,16,8,42,32,20,11,35,23,15,4,39,27,18,7,43,31,22,
4,45,35,25,14,5,38,40,29,19,10,44,33,23,2,36,26,17,6,41,30,21,9,45,34,13,3,37,28,16,8,42,32,20,12,1,24,15,4,39,27,18,7,43,31,22,11,
4,46,35,25,14,5,38,40,29,19,10,44,33,23,2,36,26,17,6,41,30,21,9,45,34,13,3,37,28,16,8,42,32,20,12,46,24,15,4,39,27,18,7,43,31,22,11,1,
4,47,36,24,15,5,38,41,27,19,10,45,31,23,2,37,25,17,6,42,30,21,9,46,34,14,4,40,28,18,8,44,32,22,12,35,1,13,3,39,26,16,7,43,29,20,11,47,33,
4,48,37,25,13,5,38,42,30,18,10,46,34,22,4,41,29,17,8,45,33,21,12,35,24,1,3,40,28,15,7,44,32,19,11,48,36,23,2,39,26,14,6,43,27,16,9,47,31,20,
4,49,38,27,16,5,42,46,34,22,10,35,24,13,1,41,29,17,4,45,33,21,8,49,37,25,12,40,28,15,3,44,32,19,7,48,36,23,11,39,26,14,2,43,30,18,6,47,31,20,9,
4,50,38,27,16,5,42,46,34,22,10,50,24,13,1,41,29,17,4,45,33,21,8,49,37,25,12,40,28,15,3,44,32,19,7,48,36,23,11,39,26,14,2,43,30,18,6,47,31,20,9,35,
4,51,39,27,16,5,42,46,34,22,10,50,38,13,1,41,29,17,4,45,33,21,8,49,37,25,12,40,28,15,3,44,32,19,7,48,36,23,11,24,26,14,2,43,30,18,6,47,31,20,9,51,35,
4,52,40,27,16,5,42,46,34,22,10,50,38,26,1,41,29,17,4,45,33,21,8,49,37,25,12,39,28,15,3,44,32,19,7,48,36,23,11,52,13,14,2,43,30,18,6,47,31,20,9,51,35,24,
4,53,41,28,16,5,42,46,34,22,10,50,38,26,14,39,29,17,4,45,33,21,8,49,37,25,12,53,1,15,3,44,32,19,7,48,36,23,11,52,40,27,2,43,30,18,6,47,31,20,9,51,35,24,13,
4,54,41,28,16,5,42,46,34,22,10,50,38,26,14,54,29,17,4,45,33,21,8,49,37,25,12,53,1,15,3,44,32,19,7,48,36,23,11,52,40,27,2,43,30,18,6,47,31,20,9,51,35,24,13,39,
4,55,42,30,18,5,46,48,34,22,10,52,38,26,14,1,29,17,3,45,33,21,7,50,37,25,11,54,41,15,2,44,32,19,6,49,36,23,9,53,40,27,13,43,28,16,4,47,31,20,8,51,35,24,12,55,39,
4,56,43,30,18,5,46,48,35,22,10,52,39,26,14,56,31,17,3,45,34,21,8,50,38,25,12,54,42,1,2,44,32,16,6,49,36,20,9,53,40,24,13,28,29,15,4,47,33,19,7,51,37,23,11,55,41,27,
4,57,44,30,18,5,48,49,34,24,10,53,38,28,14,57,42,17,2,46,33,21,6,52,37,25,9,56,41,29,13,45,32,19,4,50,36,22,8,54,40,26,12,43,1,16,3,47,31,20,7,51,35,23,11,55,39,27,15,
4,58,44,30,18,5,48,49,34,24,10,53,38,28,14,57,42,17,2,46,33,21,6,52,37,25,9,56,41,29,13,45,32,19,4,50,36,22,8,54,40,26,12,58,1,16,3,47,31,20,7,51,35,23,11,55,39,27,15,43,
4,59,45,30,18,5,49,50,35,23,10,54,39,27,14,58,1,17,3,48,33,21,7,53,37,25,11,57,41,29,15,46,32,16,4,52,36,22,9,56,40,26,13,43,44,28,2,47,31,19,6,51,34,20,8,55,38,24,12,59,42,
4,60,46,33,18,5,50,52,37,23,10,56,41,27,14,60,1,17,2,48,34,21,6,53,38,25,9,57,42,29,13,45,32,16,3,49,36,20,8,54,40,24,12,58,44,28,15,47,31,19,4,51,35,22,7,55,39,26,11,59,43,30,
4,61,47,33,18,5,50,52,37,23,10,56,41,27,14,60,45,31,2,48,34,21,6,53,38,25,9,57,42,29,13,61,46,17,3,49,36,20,8,54,40,24,12,58,44,28,16,1,32,19,4,51,35,22,7,55,39,26,11,59,43,30,15,
4,62,47,33,18,5,50,52,37,23,10,56,41,27,14,60,45,31,2,48,34,21,6,53,38,25,9,57,42,29,13,61,46,17,3,49,36,20,8,54,40,24,12,58,44,28,16,62,32,19,4,51,35,22,7,55,39,26,11,59,43,30,15,1,
4,63,48,32,19,5,50,53,35,23,10,57,39,27,14,61,43,31,2,49,33,21,6,54,38,25,9,58,42,29,13,62,46,18,4,52,36,22,8,56,40,26,12,60,44,30,16,47,1,17,3,51,34,20,7,55,37,24,11,59,41,28,15,63,45,
4,64,49,33,17,5,50,54,38,22,10,58,42,26,14,62,46,30,4,53,37,21,8,57,41,25,12,61,45,29,16,47,32,1,3,52,36,19,7,56,40,23,11,60,44,27,15,64,48,31,2,51,34,18,6,55,35,20,9,59,39,24,13,63,43,28,
4,65,50,35,20,5,54,58,42,26,10,62,46,30,14,47,32,17,1,53,37,21,4,57,41,25,8,61,45,29,12,65,49,33,16,52,36,19,3,56,40,23,7,60,44,27,11,64,48,31,15,51,34,18,2,55,38,22,6,59,39,24,9,63,43,28,13,
4,66,50,35,20,5,54,58,42,26,10,62,46,30,14,66,32,17,1,53,37,21,4,57,41,25,8,61,45,29,12,65,49,33,16,52,36,19,3,56,40,23,7,60,44,27,11,64,48,31,15,51,34,18,2,55,38,22,6,59,39,24,9,63,43,28,13,47,
4,67,51,35,20,5,54,58,42,26,10,62,46,30,14,66,50,17,1,53,37,21,4,57,41,25,8,61,45,29,12,65,49,33,16,52,36,19,3,56,40,23,7,60,44,27,11,64,48,31,15,32,34,18,2,55,38,22,6,59,39,24,9,63,43,28,13,67,47,
4,68,52,35,20,5,54,58,42,26,10,62,46,30,14,66,50,34,1,53,37,21,4,57,41,25,8,61,45,29,12,65,49,33,16,51,36,19,3,56,40,23,7,60,44,27,11,64,48,31,15,68,17,18,2,55,38,22,6,59,39,24,9,63,43,28,13,67,47,32,
4,69,53,36,20,5,54,58,42,26,10,62,46,30,14,66,50,34,18,51,37,21,4,57,41,25,8,61,45,29,12,65,49,33,16,69,1,19,3,56,40,23,7,60,44,27,11,64,48,31,15,68,52,35,2,55,38,22,6,59,39,24,9,63,43,28,13,67,47,32,17,
4,70,53,36,20,5,54,58,42,26,10,62,46,30,14,66,50,34,18,70,37,21,4,57,41,25,8,61,45,29,12,65,49,33,16,69,1,19,3,56,40,23,7,60,44,27,11,64,48,31,15,68,52,35,2,55,38,22,6,59,39,24,9,63,43,28,13,67,47,32,17,51,
4,71,54,38,22,5,58,60,42,26,10,64,46,30,14,68,50,34,18,1,37,21,3,57,41,25,7,62,45,29,11,66,49,33,15,70,53,19,2,56,40,23,6,61,44,27,9,65,48,31,13,69,52,35,17,55,36,20,4,59,39,24,8,63,43,28,12,67,47,32,16,71,51,
4,72,55,38,22,5,58,60,43,26,10,64,47,30,14,68,51,34,18,72,39,21,3,57,42,25,8,62,46,29,12,66,50,33,16,70,54,1,2,56,40,20,6,61,44,24,9,65,48,28,13,69,52,32,17,36,37,19,4,59,41,23,7,63,45,27,11,67,49,31,15,71,53,35,
4,73,56,38,22,5,60,61,42,28,10,65,46,32,14,69,50,36,18,73,54,21,2,58,41,25,6,64,45,29,9,68,49,33,13,72,53,37,17,57,40,23,4,62,44,26,8,66,48,30,12,70,52,34,16,55,1,20,3,59,39,24,7,63,43,27,11,67,47,31,15,71,51,35,19,
4,74,56,38,22,5,60,61,42,28,10,65,46,32,14,69,50,36,18,73,54,21,2,58,41,25,6,64,45,29,9,68,49,33,13,72,53,37,17,57,40,23,4,62,44,26,8,66,48,30,12,70,52,34,16,74,1,20,3,59,39,24,7,63,43,27,11,67,47,31,15,71,51,35,19,55,
4,75,57,38,22,5,61,62,43,27,10,66,47,31,14,70,51,35,18,74,1,21,3,60,41,25,7,65,45,29,11,69,49,33,15,73,53,37,19,58,40,20,4,64,44,26,9,68,48,30,13,72,52,34,17,55,56,36,2,59,39,23,6,63,42,24,8,67,46,28,12,71,50,32,16,75,54,
4,76,58,41,22,5,62,64,45,27,10,68,49,31,14,72,53,35,18,76,1,21,2,60,42,25,6,65,46,29,9,69,50,33,13,73,54,37,17,57,40,20,3,61,44,24,8,66,48,28,12,70,52,32,16,74,56,36,19,59,39,23,4,63,43,26,7,67,47,30,11,71,51,34,15,75,55,38,
4,77,59,41,22,5,62,64,45,27,10,68,49,31,14,72,53,35,18,76,57,39,2,60,42,25,6,65,46,29,9,69,50,33,13,73,54,37,17,77,58,21,3,61,44,24,8,66,48,28,12,70,52,32,16,74,56,36,20,1,40,23,4,63,43,26,7,67,47,30,11,71,51,34,15,75,55,38,19,
4,78,59,41,22,5,62,64,45,27,10,68,49,31,14,72,53,35,18,76,57,39,2,60,42,25,6,65,46,29,9,69,50,33,13,73,54,37,17,77,58,21,3,61,44,24,8,66,48,28,12,70,52,32,16,74,56,36,20,78,40,23,4,63,43,26,7,67,47,30,11,71,51,34,15,75,55,38,19,1,
4,79,60,40,23,5,62,65,43,27,10,69,47,31,14,73,51,35,18,77,55,39,2,61,41,25,6,66,46,29,9,70,50,33,13,74,54,37,17,78,58,22,4,64,44,26,8,68,48,30,12,72,52,34,16,76,56,38,20,59,1,21,3,63,42,24,7,67,45,28,11,71,49,32,15,75,53,36,19,79,57,
4,80,61,41,21,5,62,66,46,26,10,70,50,30,14,74,54,34,18,78,58,38,4,65,45,25,8,69,49,29,12,73,53,33,16,77,57,37,20,59,40,1,3,64,44,23,7,68,48,27,11,72,52,31,15,76,56,35,19,80,60,39,2,63,42,22,6,67,43,24,9,71,47,28,13,75,51,32,17,79,55,36,
4,81,62,43,24,5,66,70,50,30,10,74,54,34,14,78,58,38,18,59,40,21,1,65,45,25,4,69,49,29,8,73,53,33,12,77,57,37,16,81,61,41,20,64,44,23,3,68,48,27,7,72,52,31,11,76,56,35,15,80,60,39,19,63,42,22,2,67,46,26,6,71,47,28,9,75,51,32,13,79,55,36,17,
4,82,62,43,24,5,66,70,50,30,10,74,54,34,14,78,58,38,18,82,40,21,1,65,45,25,4,69,49,29,8,73,53,33,12,77,57,37,16,81,61,41,20,64,44,23,3,68,48,27,7,72,52,31,11,76,56,35,15,80,60,39,19,63,42,22,2,67,46,26,6,71,47,28,9,75,51,32,13,79,55,36,17,59,
4,83,63,43,24,5,66,70,50,30,10,74,54,34,14,78,58,38,18,82,62,21,1,65,45,25,4,69,49,29,8,73,53,33,12,77,57,37,16,81,61,41,20,64,44,23,3,68,48,27,7,72,52,31,11,76,56,35,15,80,60,39,19,40,42,22,2,67,46,26,6,71,47,28,9,75,51,32,13,79,55,36,17,83,59,
4,84,64,43,24,5,66,70,50,30,10,74,54,34,14,78,58,38,18,82,62,42,1,65,45,25,4,69,49,29,8,73,53,33,12,77,57,37,16,81,61,41,20,63,44,23,3,68,48,27,7,72,52,31,11,76,56,35,15,80,60,39,19,84,21,22,2,67,46,26,6,71,47,28,9,75,51,32,13,79,55,36,17,83,59,40,
4,85,65,44,24,5,66,70,50,30,10,74,54,34,14,78,58,38,18,82,62,42,22,63,45,25,4,69,49,29,8,73,53,33,12,77,57,37,16,81,61,41,20,85,1,23,3,68,48,27,7,72,52,31,11,76,56,35,15,80,60,39,19,84,64,43,2,67,46,26,6,71,47,28,9,75,51,32,13,79,55,36,17,83,59,40,21,
4,86,65,44,24,5,66,70,50,30,10,74,54,34,14,78,58,38,18,82,62,42,22,86,45,25,4,69,49,29,8,73,53,33,12,77,57,37,16,81,61,41,20,85,1,23,3,68,48,27,7,72,52,31,11,76,56,35,15,80,60,39,19,84,64,43,2,67,46,26,6,71,47,28,9,75,51,32,13,79,55,36,17,83,59,40,21,63,
4,87,66,46,26,5,70,72,50,30,10,76,54,34,14,80,58,38,18,84,62,42,22,1,45,25,3,69,49,29,7,74,53,33,11,78,57,37,15,82,61,41,19,86,65,23,2,68,48,27,6,73,52,31,9,77,56,35,13,81,60,39,17,85,64,43,21,67,44,24,4,71,47,28,8,75,51,32,12,79,55,36,16,83,59,40,20,87,63,
4,88,67,46,26,5,70,72,51,30,10,76,55,34,14,80,59,38,18,84,63,42,22,88,47,25,3,69,50,29,8,74,54,33,12,78,58,37,16,82,62,41,20,86,66,1,2,68,48,24,6,73,52,28,9,77,56,32,13,81,60,36,17,85,64,40,21,44,45,23,4,71,49,27,7,75,53,31,11,79,57,35,15,83,61,39,19,87,65,43,
4,89,68,46,26,5,72,73,50,32,10,77,54,36,14,81,58,40,18,85,62,44,22,89,66,25,2,70,49,29,6,76,53,33,9,80,57,37,13,84,61,41,17,88,65,45,21,69,48,27,4,74,52,30,8,78,56,34,12,82,60,38,16,86,64,42,20,67,1,24,3,71,47,28,7,75,51,31,11,79,55,35,15,83,59,39,19,87,63,43,23,
4,90,68,46,26,5,72,73,50,32,10,77,54,36,14,81,58,40,18,85,62,44,22,89,66,25,2,70,49,29,6,76,53,33,9,80,57,37,13,84,61,41,17,88,65,45,21,69,48,27,4,74,52,30,8,78,56,34,12,82,60,38,16,86,64,42,20,90,1,24,3,71,47,28,7,75,51,31,11,79,55,35,15,83,59,39,19,87,63,43,23,67,
4,91,69,46,26,5,73,74,51,31,10,78,55,35,14,82,59,39,18,86,63,43,22,90,1,25,3,72,49,29,7,77,53,33,11,81,57,37,15,85,61,41,19,89,65,45,23,70,48,24,4,76,52,30,9,80,56,34,13,84,60,38,17,88,64,42,21,67,68,44,2,71,47,27,6,75,50,28,8,79,54,32,12,83,58,36,16,87,62,40,20,91,66,
4,92,70,49,26,5,74,76,53,31,10,80,57,35,14,84,61,39,18,88,65,43,22,92,1,25,2,72,50,29,6,77,54,33,9,81,58,37,13,85,62,41,17,89,66,45,21,69,48,24,3,73,52,28,8,78,56,32,12,82,60,36,16,86,64,40,20,90,68,44,23,71,47,27,4,75,51,30,7,79,55,34,11,83,59,38,15,87,63,42,19,91,67,46,
4,93,71,49,26,5,74,76,53,31,10,80,57,35,14,84,61,39,18,88,65,43,22,92,69,47,2,72,50,29,6,77,54,33,9,81,58,37,13,85,62,41,17,89,66,45,21,93,70,25,3,73,52,28,8,78,56,32,12,82,60,36,16,86,64,40,20,90,68,44,24,1,48,27,4,75,51,30,7,79,55,34,11,83,59,38,15,87,63,42,19,91,67,46,23,
4,94,71,49,26,5,74,76,53,31,10,80,57,35,14,84,61,39,18,88,65,43,22,92,69,47,2,72,50,29,6,77,54,33,9,81,58,37,13,85,62,41,17,89,66,45,21,93,70,25,3,73,52,28,8,78,56,32,12,82,60,36,16,86,64,40,20,90,68,44,24,94,48,27,4,75,51,30,7,79,55,34,11,83,59,38,15,87,63,42,19,91,67,46,23,1,
4,95,72,48,27,5,74,77,51,31,10,81,55,35,14,85,59,39,18,89,63,43,22,93,67,47,2,73,49,29,6,78,54,33,9,82,58,37,13,86,62,41,17,90,66,45,21,94,70,26,4,76,52,30,8,80,56,34,12,84,60,38,16,88,64,42,20,92,68,46,24,71,1,25,3,75,50,28,7,79,53,32,11,83,57,36,15,87,61,40,19,91,65,44,23,95,69,
4,96,73,49,25,5,74,78,54,30,10,82,58,34,14,86,62,38,18,90,66,42,22,94,70,46,4,77,53,29,8,81,57,33,12,85,61,37,16,89,65,41,20,93,69,45,24,71,48,1,3,76,52,27,7,80,56,31,11,84,60,35,15,88,64,39,19,92,68,43,23,96,72,47,2,75,50,26,6,79,51,28,9,83,55,32,13,87,59,36,17,91,63,40,21,95,67,44,
4,97,74,51,28,5,78,82,58,34,10,86,62,38,14,90,66,42,18,94,70,46,22,71,48,25,1,77,53,29,4,81,57,33,8,85,61,37,12,89,65,41,16,93,69,45,20,97,73,49,24,76,52,27,3,80,56,31,7,84,60,35,11,88,64,39,15,92,68,43,19,96,72,47,23,75,50,26,2,79,54,30,6,83,55,32,9,87,59,36,13,91,63,40,17,95,67,44,21,
4,98,74,51,28,5,78,82,58,34,10,86,62,38,14,90,66,42,18,94,70,46,22,98,48,25,1,77,53,29,4,81,57,33,8,85,61,37,12,89,65,41,16,93,69,45,20,97,73,49,24,76,52,27,3,80,56,31,7,84,60,35,11,88,64,39,15,92,68,43,19,96,72,47,23,75,50,26,2,79,54,30,6,83,55,32,9,87,59,36,13,91,63,40,17,95,67,44,21,71,
4,99,75,51,28,5,78,82,58,34,10,86,62,38,14,90,66,42,18,94,70,46,22,98,74,25,1,77,53,29,4,81,57,33,8,85,61,37,12,89,65,41,16,93,69,45,20,97,73,49,24,76,52,27,3,80,56,31,7,84,60,35,11,88,64,39,15,92,68,43,19,96,72,47,23,48,50,26,2,79,54,30,6,83,55,32,9,87,59,36,13,91,63,40,17,95,67,44,21,99,71,
4,100,76,51,28,5,78,82,58,34,10,86,62,38,14,90,66,42,18,94,70,46,22,98,74,50,1,77,53,29,4,81,57,33,8,85,61,37,12,89,65,41,16,93,69,45,20,97,73,49,24,75,52,27,3,80,56,31,7,84,60,35,11,88,64,39,15,92,68,43,19,96,72,47,23,100,25,26,2,79,54,30,6,83,55,32,9,87,59,36,13,91,63,40,17,95,67,44,21,99,71,48,
4,101,77,52,28,5,78,82,58,34,10,86,62,38,14,90,66,42,18,94,70,46,22,98,74,50,26,75,53,29,4,81,57,33,8,85,61,37,12,89,65,41,16,93,69,45,20,97,73,49,24,101,1,27,3,80,56,31,7,84,60,35,11,88,64,39,15,92,68,43,19,96,72,47,23,100,76,51,2,79,54,30,6,83,55,32,9,87,59,36,13,91,63,40,17,95,67,44,21,99,71,48,25,
4,102,77,52,28,5,78,82,58,34,10,86,62,38,14,90,66,42,18,94,70,46,22,98,74,50,26,102,53,29,4,81,57,33,8,85,61,37,12,89,65,41,16,93,69,45,20,97,73,49,24,101,1,27,3,80,56,31,7,84,60,35,11,88,64,39,15,92,68,43,19,96,72,47,23,100,76,51,2,79,54,30,6,83,55,32,9,87,59,36,13,91,63,40,17,95,67,44,21,99,71,48,25,75,
4,103,78,54,30,5,82,84,58,34,10,88,62,38,14,92,66,42,18,96,70,46,22,100,74,50,26,1,53,29,3,81,57,33,7,86,61,37,11,90,65,41,15,94,69,45,19,98,73,49,23,102,77,27,2,80,56,31,6,85,60,35,9,89,64,39,13,93,68,43,17,97,72,47,21,101,76,51,25,79,52,28,4,83,55,32,8,87,59,36,12,91,63,40,16,95,67,44,20,99,71,48,24,103,75,
4,104,79,54,30,5,82,84,59,34,10,88,63,38,14,92,67,42,18,96,71,46,22,100,75,50,26,104,55,29,3,81,58,33,8,86,62,37,12,90,66,41,16,94,70,45,20,98,74,49,24,102,78,1,2,80,56,28,6,85,60,32,9,89,64,36,13,93,68,40,17,97,72,44,21,101,76,48,25,52,53,27,4,83,57,31,7,87,61,35,11,91,65,39,15,95,69,43,19,99,73,47,23,103,77,51,
4,105,80,54,30,5,84,85,58,36,10,89,62,40,14,93,66,44,18,97,70,48,22,101,74,52,26,105,78,29,2,82,57,33,6,88,61,37,9,92,65,41,13,96,69,45,17,100,73,49,21,104,77,53,25,81,56,31,4,86,60,34,8,90,64,38,12,94,68,42,16,98,72,46,20,102,76,50,24,79,1,28,3,83,55,32,7,87,59,35,11,91,63,39,15,95,67,43,19,99,71,47,23,103,75,51,27,
4,106,80,54,30,5,84,85,58,36,10,89,62,40,14,93,66,44,18,97,70,48,22,101,74,52,26,105,78,29,2,82,57,33,6,88,61,37,9,92,65,41,13,96,69,45,17,100,73,49,21,104,77,53,25,81,56,31,4,86,60,34,8,90,64,38,12,94,68,42,16,98,72,46,20,102,76,50,24,106,1,28,3,83,55,32,7,87,59,35,11,91,63,39,15,95,67,43,19,99,71,47,23,103,75,51,27,79,
4,107,81,54,30,5,85,86,59,35,10,90,63,39,14,94,67,43,18,98,71,47,22,102,75,51,26,106,1,29,3,84,57,33,7,89,61,37,11,93,65,41,15,97,69,45,19,101,73,49,23,105,77,53,27,82,56,28,4,88,60,34,9,92,64,38,13,96,68,42,17,100,72,46,21,104,76,50,25,79,80,52,2,83,55,31,6,87,58,32,8,91,62,36,12,95,66,40,16,99,70,44,20,103,74,48,24,107,78,
4,108,82,57,30,5,86,88,61,35,10,92,65,39,14,96,69,43,18,100,73,47,22,104,77,51,26,108,1,29,2,84,58,33,6,89,62,37,9,93,66,41,13,97,70,45,17,101,74,49,21,105,78,53,25,81,56,28,3,85,60,32,8,90,64,36,12,94,68,40,16,98,72,44,20,102,76,48,24,106,80,52,27,83,55,31,4,87,59,34,7,91,63,38,11,95,67,42,15,99,71,46,19,103,75,50,23,107,79,54,
4,109,83,57,30,5,86,88,61,35,10,92,65,39,14,96,69,43,18,100,73,47,22,104,77,51,26,108,81,55,2,84,58,33,6,89,62,37,9,93,66,41,13,97,70,45,17,101,74,49,21,105,78,53,25,109,82,29,3,85,60,32,8,90,64,36,12,94,68,40,16,98,72,44,20,102,76,48,24,106,80,52,28,1,56,31,4,87,59,34,7,91,63,38,11,95,67,42,15,99,71,46,19,103,75,50,23,107,79,54,27,
4,110,83,57,30,5,86,88,61,35,10,92,65,39,14,96,69,43,18,100,73,47,22,104,77,51,26,108,81,55,2,84,58,33,6,89,62,37,9,93,66,41,13,97,70,45,17,101,74,49,21,105,78,53,25,109,82,29,3,85,60,32,8,90,64,36,12,94,68,40,16,98,72,44,20,102,76,48,24,106,80,52,28,110,56,31,4,87,59,34,7,91,63,38,11,95,67,42,15,99,71,46,19,103,75,50,23,107,79,54,27,1,
4,111,84,56,31,5,86,89,59,35,10,93,63,39,14,97,67,43,18,101,71,47,22,105,75,51,26,109,79,55,2,85,57,33,6,90,62,37,9,94,66,41,13,98,70,45,17,102,74,49,21,106,78,53,25,110,82,30,4,88,60,34,8,92,64,38,12,96,68,42,16,100,72,46,20,104,76,50,24,108,80,54,28,83,1,29,3,87,58,32,7,91,61,36,11,95,65,40,15,99,69,44,19,103,73,48,23,107,77,52,27,111,81,
4,112,85,57,29,5,86,90,62,34,10,94,66,38,14,98,70,42,18,102,74,46,22,106,78,50,26,110,82,54,4,89,61,33,8,93,65,37,12,97,69,41,16,101,73,45,20,105,77,49,24,109,81,53,28,83,56,1,3,88,60,31,7,92,64,35,11,96,68,39,15,100,72,43,19,104,76,47,23,108,80,51,27,112,84,55,2,87,58,30,6,91,59,32,9,95,63,36,13,99,67,40,17,103,71,44,21,107,75,48,25,111,79,52,
4,113,86,59,32,5,90,94,66,38,10,98,70,42,14,102,74,46,18,106,78,50,22,110,82,54,26,83,56,29,1,89,61,33,4,93,65,37,8,97,69,41,12,101,73,45,16,105,77,49,20,109,81,53,24,113,85,57,28,88,60,31,3,92,64,35,7,96,68,39,11,100,72,43,15,104,76,47,19,108,80,51,23,112,84,55,27,87,58,30,2,91,62,34,6,95,63,36,9,99,67,40,13,103,71,44,17,107,75,48,21,111,79,52,25,
4,114,86,59,32,5,90,94,66,38,10,98,70,42,14,102,74,46,18,106,78,50,22,110,82,54,26,114,56,29,1,89,61,33,4,93,65,37,8,97,69,41,12,101,73,45,16,105,77,49,20,109,81,53,24,113,85,57,28,88,60,31,3,92,64,35,7,96,68,39,11,100,72,43,15,104,76,47,19,108,80,51,23,112,84,55,27,87,58,30,2,91,62,34,6,95,63,36,9,99,67,40,13,103,71,44,17,107,75,48,21,111,79,52,25,83,
4,115,87,59,32,5,90,94,66,38,10,98,70,42,14,102,74,46,18,106,78,50,22,110,82,54,26,114,86,29,1,89,61,33,4,93,65,37,8,97,69,41,12,101,73,45,16,105,77,49,20,109,81,53,24,113,85,57,28,88,60,31,3,92,64,35,7,96,68,39,11,100,72,43,15,104,76,47,19,108,80,51,23,112,84,55,27,56,58,30,2,91,62,34,6,95,63,36,9,99,67,40,13,103,71,44,17,107,75,48,21,111,79,52,25,115,83,
4,116,88,59,32,5,90,94,66,38,10,98,70,42,14,102,74,46,18,106,78,50,22,110,82,54,26,114,86,58,1,89,61,33,4,93,65,37,8,97,69,41,12,101,73,45,16,105,77,49,20,109,81,53,24,113,85,57,28,87,60,31,3,92,64,35,7,96,68,39,11,100,72,43,15,104,76,47,19,108,80,51,23,112,84,55,27,116,29,30,2,91,62,34,6,95,63,36,9,99,67,40,13,103,71,44,17,107,75,48,21,111,79,52,25,115,83,56,
4,117,89,60,32,5,90,94,66,38,10,98,70,42,14,102,74,46,18,106,78,50,22,110,82,54,26,114,86,58,30,87,61,33,4,93,65,37,8,97,69,41,12,101,73,45,16,105,77,49,20,109,81,53,24,113,85,57,28,117,1,31,3,92,64,35,7,96,68,39,11,100,72,43,15,104,76,47,19,108,80,51,23,112,84,55,27,116,88,59,2,91,62,34,6,95,63,36,9,99,67,40,13,103,71,44,17,107,75,48,21,111,79,52,25,115,83,56,29,
4,118,89,60,32,5,90,94,66,38,10,98,70,42,14,102,74,46,18,106,78,50,22,110,82,54,26,114,86,58,30,118,61,33,4,93,65,37,8,97,69,41,12,101,73,45,16,105,77,49,20,109,81,53,24,113,85,57,28,117,1,31,3,92,64,35,7,96,68,39,11,100,72,43,15,104,76,47,19,108,80,51,23,112,84,55,27,116,88,59,2,91,62,34,6,95,63,36,9,99,67,40,13,103,71,44,17,107,75,48,21,111,79,52,25,115,83,56,29,87,
4,119,90,62,34,5,94,96,66,38,10,100,70,42,14,104,74,46,18,108,78,50,22,112,82,54,26,116,86,58,30,1,61,33,3,93,65,37,7,98,69,41,11,102,73,45,15,106,77,49,19,110,81,53,23,114,85,57,27,118,89,31,2,92,64,35,6,97,68,39,9,101,72,43,13,105,76,47,17,109,80,51,21,113,84,55,25,117,88,59,29,91,60,32,4,95,63,36,8,99,67,40,12,103,71,44,16,107,75,48,20,111,79,52,24,115,83,56,28,119,87,
4,120,91,62,34,5,94,96,67,38,10,100,71,42,14,104,75,46,18,108,79,50,22,112,83,54,26,116,87,58,30,120,63,33,3,93,66,37,8,98,70,41,12,102,74,45,16,106,78,49,20,110,82,53,24,114,86,57,28,118,90,1,2,92,64,32,6,97,68,36,9,101,72,40,13,105,76,44,17,109,80,48,21,113,84,52,25,117,88,56,29,60,61,31,4,95,65,35,7,99,69,39,11,103,73,43,15,107,77,47,19,111,81,51,23,115,85,55,27,119,89,59,
4,121,92,62,34,5,96,97,66,40,10,101,70,44,14,105,74,48,18,109,78,52,22,113,82,56,26,117,86,60,30,121,90,33,2,94,65,37,6,100,69,41,9,104,73,45,13,108,77,49,17,112,81,53,21,116,85,57,25,120,89,61,29,93,64,35,4,98,68,38,8,102,72,42,12,106,76,46,16,110,80,50,20,114,84,54,24,118,88,58,28,91,1,32,3,95,63,36,7,99,67,39,11,103,71,43,15,107,75,47,19,111,79,51,23,115,83,55,27,119,87,59,31,
4,122,92,62,34,5,96,97,66,40,10,101,70,44,14,105,74,48,18,109,78,52,22,113,82,56,26,117,86,60,30,121,90,33,2,94,65,37,6,100,69,41,9,104,73,45,13,108,77,49,17,112,81,53,21,116,85,57,25,120,89,61,29,93,64,35,4,98,68,38,8,102,72,42,12,106,76,46,16,110,80,50,20,114,84,54,24,118,88,58,28,122,1,32,3,95,63,36,7,99,67,39,11,103,71,43,15,107,75,47,19,111,79,51,23,115,83,55,27,119,87,59,31,91,
4,123,93,62,34,5,97,98,67,39,10,102,71,43,14,106,75,47,18,110,79,51,22,114,83,55,26,118,87,59,30,122,1,33,3,96,65,37,7,101,69,41,11,105,73,45,15,109,77,49,19,113,81,53,23,117,85,57,27,121,89,61,31,94,64,32,4,100,68,38,9,104,72,42,13,108,76,46,17,112,80,50,21,116,84,54,25,120,88,58,29,91,92,60,2,95,63,35,6,99,66,36,8,103,70,40,12,107,74,44,16,111,78,48,20,115,82,52,24,119,86,56,28,123,90,
4,124,94,65,34,5,98,100,69,39,10,104,73,43,14,108,77,47,18,112,81,51,22,116,85,55,26,120,89,59,30,124,1,33,2,96,66,37,6,101,70,41,9,105,74,45,13,109,78,49,17,113,82,53,21,117,86,57,25,121,90,61,29,93,64,32,3,97,68,36,8,102,72,40,12,106,76,44,16,110,80,48,20,114,84,52,24,118,88,56,28,122,92,60,31,95,63,35,4,99,67,38,7,103,71,42,11,107,75,46,15,111,79,50,19,115,83,54,23,119,87,58,27,123,91,62,
4,125,95,65,34,5,98,100,69,39,10,104,73,43,14,108,77,47,18,112,81,51,22,116,85,55,26,120,89,59,30,124,93,63,2,96,66,37,6,101,70,41,9,105,74,45,13,109,78,49,17,113,82,53,21,117,86,57,25,121,90,61,29,125,94,33,3,97,68,36,8,102,72,40,12,106,76,44,16,110,80,48,20,114,84,52,24,118,88,56,28,122,92,60,32,1,64,35,4,99,67,38,7,103,71,42,11,107,75,46,15,111,79,50,19,115,83,54,23,119,87,58,27,123,91,62,31,
4,126,95,65,34,5,98,100,69,39,10,104,73,43,14,108,77,47,18,112,81,51,22,116,85,55,26,120,89,59,30,124,93,63,2,96,66,37,6,101,70,41,9,105,74,45,13,109,78,49,17,113,82,53,21,117,86,57,25,121,90,61,29,125,94,33,3,97,68,36,8,102,72,40,12,106,76,44,16,110,80,48,20,114,84,52,24,118,88,56,28,122,92,60,32,126,64,35,4,99,67,38,7,103,71,42,11,107,75,46,15,111,79,50,19,115,83,54,23,119,87,58,27,123,91,62,31,1,
4,127,96,64,35,5,98,101,67,39,10,105,71,43,14,109,75,47,18,113,79,51,22,117,83,55,26,121,87,59,30,125,91,63,2,97,65,37,6,102,70,41,9,106,74,45,13,110,78,49,17,114,82,53,21,118,86,57,25,122,90,61,29,126,94,34,4,100,68,38,8,104,72,42,12,108,76,46,16,112,80,50,20,116,84,54,24,120,88,58,28,124,92,62,32,95,1,33,3,99,66,36,7,103,69,40,11,107,73,44,15,111,77,48,19,115,81,52,23,119,85,56,27,123,89,60,31,127,93,
4,128,97,65,33,5,98,102,70,38,10,106,74,42,14,110,78,46,18,114,82,50,22,118,86,54,26,122,90,58,30,126,94,62,4,101,69,37,8,105,73,41,12,109,77,45,16,113,81,49,20,117,85,53,24,121,89,57,28,125,93,61,32,95,64,1,3,100,68,35,7,104,72,39,11,108,76,43,15,112,80,47,19,116,84,51,23,120,88,55,27,124,92,59,31,128,96,63,2,99,66,34,6,103,67,36,9,107,71,40,13,111,75,44,17,115,79,48,21,119,83,52,25,123,87,56,29,127,91,60,
4,129,98,67,36,5,102,106,74,42,10,110,78,46,14,114,82,50,18,118,86,54,22,122,90,58,26,126,94,62,30,95,64,33,1,101,69,37,4,105,73,41,8,109,77,45,12,113,81,49,16,117,85,53,20,121,89,57,24,125,93,61,28,129,97,65,32,100,68,35,3,104,72,39,7,108,76,43,11,112,80,47,15,116,84,51,19,120,88,55,23,124,92,59,27,128,96,63,31,99,66,34,2,103,70,38,6,107,71,40,9,111,75,44,13,115,79,48,17,119,83,52,21,123,87,56,25,127,91,60,29,
4,130,98,67,36,5,102,106,74,42,10,110,78,46,14,114,82,50,18,118,86,54,22,122,90,58,26,126,94,62,30,130,64,33,1,101,69,37,4,105,73,41,8,109,77,45,12,113,81,49,16,117,85,53,20,121,89,57,24,125,93,61,28,129,97,65,32,100,68,35,3,104,72,39,7,108,76,43,11,112,80,47,15,116,84,51,19,120,88,55,23,124,92,59,27,128,96,63,31,99,66,34,2,103,70,38,6,107,71,40,9,111,75,44,13,115,79,48,17,119,83,52,21,123,87,56,25,127,91,60,29,95,
4,131,99,67,36,5,102,106,74,42,10,110,78,46,14,114,82,50,18,118,86,54,22,122,90,58,26,126,94,62,30,130,98,33,1,101,69,37,4,105,73,41,8,109,77,45,12,113,81,49,16,117,85,53,20,121,89,57,24,125,93,61,28,129,97,65,32,100,68,35,3,104,72,39,7,108,76,43,11,112,80,47,15,116,84,51,19,120,88,55,23,124,92,59,27,128,96,63,31,64,66,34,2,103,70,38,6,107,71,40,9,111,75,44,13,115,79,48,17,119,83,52,21,123,87,56,25,127,91,60,29,131,95,
4,132,100,67,36,5,102,106,74,42,10,110,78,46,14,114,82,50,18,118,86,54,22,122,90,58,26,126,94,62,30,130,98,66,1,101,69,37,4,105,73,41,8,109,77,45,12,113,81,49,16,117,85,53,20,121,89,57,24,125,93,61,28,129,97,65,32,99,68,35,3,104,72,39,7,108,76,43,11,112,80,47,15,116,84,51,19,120,88,55,23,124,92,59,27,128,96,63,31,132,33,34,2,103,70,38,6,107,71,40,9,111,75,44,13,115,79,48,17,119,83,52,21,123,87,56,25,127,91,60,29,131,95,64,
4,133,101,68,36,5,102,106,74,42,10,110,78,46,14,114,82,50,18,118,86,54,22,122,90,58,26,126,94,62,30,130,98,66,34,99,69,37,4,105,73,41,8,109,77,45,12,113,81,49,16,117,85,53,20,121,89,57,24,125,93,61,28,129,97,65,32,133,1,35,3,104,72,39,7,108,76,43,11,112,80,47,15,116,84,51,19,120,88,55,23,124,92,59,27,128,96,63,31,132,100,67,2,103,70,38,6,107,71,40,9,111,75,44,13,115,79,48,17,119,83,52,21,123,87,56,25,127,91,60,29,131,95,64,33,
4,134,101,68,36,5,102,106,74,42,10,110,78,46,14,114,82,50,18,118,86,54,22,122,90,58,26,126,94,62,30,130,98,66,34,134,69,37,4,105,73,41,8,109,77,45,12,113,81,49,16,117,85,53,20,121,89,57,24,125,93,61,28,129,97,65,32,133,1,35,3,104,72,39,7,108,76,43,11,112,80,47,15,116,84,51,19,120,88,55,23,124,92,59,27,128,96,63,31,132,100,67,2,103,70,38,6,107,71,40,9,111,75,44,13,115,79,48,17,119,83,52,21,123,87,56,25,127,91,60,29,131,95,64,33,99,
4,135,102,70,38,5,106,108,74,42,10,112,78,46,14,116,82,50,18,120,86,54,22,124,90,58,26,128,94,62,30,132,98,66,34,1,69,37,3,105,73,41,7,110,77,45,11,114,81,49,15,118,85,53,19,122,89,57,23,126,93,61,27,130,97,65,31,134,101,35,2,104,72,39,6,109,76,43,9,113,80,47,13,117,84,51,17,121,88,55,21,125,92,59,25,129,96,63,29,133,100,67,33,103,68,36,4,107,71,40,8,111,75,44,12,115,79,48,16,119,83,52,20,123,87,56,24,127,91,60,28,131,95,64,32,135,99,
4,136,103,70,38,5,106,108,75,42,10,112,79,46,14,116,83,50,18,120,87,54,22,124,91,58,26,128,95,62,30,132,99,66,34,136,71,37,3,105,74,41,8,110,78,45,12,114,82,49,16,118,86,53,20,122,90,57,24,126,94,61,28,130,98,65,32,134,102,1,2,104,72,36,6,109,76,40,9,113,80,44,13,117,84,48,17,121,88,52,21,125,92,56,25,129,96,60,29,133,100,64,33,68,69,35,4,107,73,39,7,111,77,43,11,115,81,47,15,119,85,51,19,123,89,55,23,127,93,59,27,131,97,63,31,135,101,67,
4,137,104,70,38,5,108,109,74,44,10,113,78,48,14,117,82,52,18,121,86,56,22,125,90,60,26,129,94,64,30,133,98,68,34,137,102,37,2,106,73,41,6,112,77,45,9,116,81,49,13,120,85,53,17,124,89,57,21,128,93,61,25,132,97,65,29,136,101,69,33,105,72,39,4,110,76,42,8,114,80,46,12,118,84,50,16,122,88,54,20,126,92,58,24,130,96,62,28,134,100,66,32,103,1,36,3,107,71,40,7,111,75,43,11,115,79,47,15,119,83,51,19,123,87,55,23,127,91,59,27,131,95,63,31,135,99,67,35,
4,138,104,70,38,5,108,109,74,44,10,113,78,48,14,117,82,52,18,121,86,56,22,125,90,60,26,129,94,64,30,133,98,68,34,137,102,37,2,106,73,41,6,112,77,45,9,116,81,49,13,120,85,53,17,124,89,57,21,128,93,61,25,132,97,65,29,136,101,69,33,105,72,39,4,110,76,42,8,114,80,46,12,118,84,50,16,122,88,54,20,126,92,58,24,130,96,62,28,134,100,66,32,138,1,36,3,107,71,40,7,111,75,43,11,115,79,47,15,119,83,51,19,123,87,55,23,127,91,59,27,131,95,63,31,135,99,67,35,103,
4,139,105,70,38,5,109,110,75,43,10,114,79,47,14,118,83,51,18,122,87,55,22,126,91,59,26,130,95,63,30,134,99,67,34,138,1,37,3,108,73,41,7,113,77,45,11,117,81,49,15,121,85,53,19,125,89,57,23,129,93,61,27,133,97,65,31,137,101,69,35,106,72,36,4,112,76,42,9,116,80,46,13,120,84,50,17,124,88,54,21,128,92,58,25,132,96,62,29,136,100,66,33,103,104,68,2,107,71,39,6,111,74,40,8,115,78,44,12,119,82,48,16,123,86,52,20,127,90,56,24,131,94,60,28,135,98,64,32,139,102,
4,140,106,73,38,5,110,112,77,43,10,116,81,47,14,120,85,51,18,124,89,55,22,128,93,59,26,132,97,63,30,136,101,67,34,140,1,37,2,108,74,41,6,113,78,45,9,117,82,49,13,121,86,53,17,125,90,57,21,129,94,61,25,133,98,65,29,137,102,69,33,105,72,36,3,109,76,40,8,114,80,44,12,118,84,48,16,122,88,52,20,126,92,56,24,130,96,60,28,134,100,64,32,138,104,68,35,107,71,39,4,111,75,42,7,115,79,46,11,119,83,50,15,123,87,54,19,127,91,58,23,131,95,62,27,135,99,66,31,139,103,70,
4,141,107,73,38,5,110,112,77,43,10,116,81,47,14,120,85,51,18,124,89,55,22,128,93,59,26,132,97,63,30,136,101,67,34,140,105,71,2,108,74,41,6,113,78,45,9,117,82,49,13,121,86,53,17,125,90,57,21,129,94,61,25,133,98,65,29,137,102,69,33,141,106,37,3,109,76,40,8,114,80,44,12,118,84,48,16,122,88,52,20,126,92,56,24,130,96,60,28,134,100,64,32,138,104,68,36,1,72,39,4,111,75,42,7,115,79,46,11,119,83,50,15,123,87,54,19,127,91,58,23,131,95,62,27,135,99,66,31,139,103,70,35,
4,142,107,73,38,5,110,112,77,43,10,116,81,47,14,120,85,51,18,124,89,55,22,128,93,59,26,132,97,63,30,136,101,67,34,140,105,71,2,108,74,41,6,113,78,45,9,117,82,49,13,121,86,53,17,125,90,57,21,129,94,61,25,133,98,65,29,137,102,69,33,141,106,37,3,109,76,40,8,114,80,44,12,118,84,48,16,122,88,52,20,126,92,56,24,130,96,60,28,134,100,64,32,138,104,68,36,142,72,39,4,111,75,42,7,115,79,46,11,119,83,50,15,123,87,54,19,127,91,58,23,131,95,62,27,135,99,66,31,139,103,70,35,1,
4,143,108,72,39,5,110,113,75,43,10,117,79,47,14,121,83,51,18,125,87,55,22,129,91,59,26,133,95,63,30,137,99,67,34,141,103,71,2,109,73,41,6,114,78,45,9,118,82,49,13,122,86,53,17,126,90,57,21,130,94,61,25,134,98,65,29,138,102,69,33,142,106,38,4,112,76,42,8,116,80,46,12,120,84,50,16,124,88,54,20,128,92,58,24,132,96,62,28,136,100,66,32,140,104,70,36,107,1,37,3,111,74,40,7,115,77,44,11,119,81,48,15,123,85,52,19,127,89,56,23,131,93,60,27,135,97,64,31,139,101,68,35,143,105,
4,144,109,73,37,5,110,114,78,42,10,118,82,46,14,122,86,50,18,126,90,54,22,130,94,58,26,134,98,62,30,138,102,66,34,142,106,70,4,113,77,41,8,117,81,45,12,121,85,49,16,125,89,53,20,129,93,57,24,133,97,61,28,137,101,65,32,141,105,69,36,107,72,1,3,112,76,39,7,116,80,43,11,120,84,47,15,124,88,51,19,128,92,55,23,132,96,59,27,136,100,63,31,140,104,67,35,144,108,71,2,111,74,38,6,115,75,40,9,119,79,44,13,123,83,48,17,127,87,52,21,131,91,56,25,135,95,60,29,139,99,64,33,143,103,68,
4,145,110,75,40,5,114,118,82,46,10,122,86,50,14,126,90,54,18,130,94,58,22,134,98,62,26,138,102,66,30,142,106,70,34,107,72,37,1,113,77,41,4,117,81,45,8,121,85,49,12,125,89,53,16,129,93,57,20,133,97,61,24,137,101,65,28,141,105,69,32,145,109,73,36,112,76,39,3,116,80,43,7,120,84,47,11,124,88,51,15,128,92,55,19,132,96,59,23,136,100,63,27,140,104,67,31,144,108,71,35,111,74,38,2,115,78,42,6,119,79,44,9,123,83,48,13,127,87,52,17,131,91,56,21,135,95,60,25,139,99,64,29,143,103,68,33,
4,146,110,75,40,5,114,118,82,46,10,122,86,50,14,126,90,54,18,130,94,58,22,134,98,62,26,138,102,66,30,142,106,70,34,146,72,37,1,113,77,41,4,117,81,45,8,121,85,49,12,125,89,53,16,129,93,57,20,133,97,61,24,137,101,65,28,141,105,69,32,145,109,73,36,112,76,39,3,116,80,43,7,120,84,47,11,124,88,51,15,128,92,55,19,132,96,59,23,136,100,63,27,140,104,67,31,144,108,71,35,111,74,38,2,115,78,42,6,119,79,44,9,123,83,48,13,127,87,52,17,131,91,56,21,135,95,60,25,139,99,64,29,143,103,68,33,107,
4,147,111,75,40,5,114,118,82,46,10,122,86,50,14,126,90,54,18,130,94,58,22,134,98,62,26,138,102,66,30,142,106,70,34,146,110,37,1,113,77,41,4,117,81,45,8,121,85,49,12,125,89,53,16,129,93,57,20,133,97,61,24,137,101,65,28,141,105,69,32,145,109,73,36,112,76,39,3,116,80,43,7,120,84,47,11,124,88,51,15,128,92,55,19,132,96,59,23,136,100,63,27,140,104,67,31,144,108,71,35,72,74,38,2,115,78,42,6,119,79,44,9,123,83,48,13,127,87,52,17,131,91,56,21,135,95,60,25,139,99,64,29,143,103,68,33,147,107,
4,148,112,75,40,5,114,118,82,46,10,122,86,50,14,126,90,54,18,130,94,58,22,134,98,62,26,138,102,66,30,142,106,70,34,146,110,74,1,113,77,41,4,117,81,45,8,121,85,49,12,125,89,53,16,129,93,57,20,133,97,61,24,137,101,65,28,141,105,69,32,145,109,73,36,111,76,39,3,116,80,43,7,120,84,47,11,124,88,51,15,128,92,55,19,132,96,59,23,136,100,63,27,140,104,67,31,144,108,71,35,148,37,38,2,115,78,42,6,119,79,44,9,123,83,48,13,127,87,52,17,131,91,56,21,135,95,60,25,139,99,64,29,143,103,68,33,147,107,72,
4,149,113,76,40,5,114,118,82,46,10,122,86,50,14,126,90,54,18,130,94,58,22,134,98,62,26,138,102,66,30,142,106,70,34,146,110,74,38,111,77,41,4,117,81,45,8,121,85,49,12,125,89,53,16,129,93,57,20,133,97,61,24,137,101,65,28,141,105,69,32,145,109,73,36,149,1,39,3,116,80,43,7,120,84,47,11,124,88,51,15,128,92,55,19,132,96,59,23,136,100,63,27,140,104,67,31,144,108,71,35,148,112,75,2,115,78,42,6,119,79,44,9,123,83,48,13,127,87,52,17,131,91,56,21,135,95,60,25,139,99,64,29,143,103,68,33,147,107,72,37,
4,150,113,76,40,5,114,118,82,46,10,122,86,50,14,126,90,54,18,130,94,58,22,134,98,62,26,138,102,66,30,142,106,70,34,146,110,74,38,150,77,41,4,117,81,45,8,121,85,49,12,125,89,53,16,129,93,57,20,133,97,61,24,137,101,65,28,141,105,69,32,145,109,73,36,149,1,39,3,116,80,43,7,120,84,47,11,124,88,51,15,128,92,55,19,132,96,59,23,136,100,63,27,140,104,67,31,144,108,71,35,148,112,75,2,115,78,42,6,119,79,44,9,123,83,48,13,127,87,52,17,131,91,56,21,135,95,60,25,139,99,64,29,143,103,68,33,147,107,72,37,111,
4,151,114,78,42,5,118,120,82,46,10,124,86,50,14,128,90,54,18,132,94,58,22,136,98,62,26,140,102,66,30,144,106,70,34,148,110,74,38,1,77,41,3,117,81,45,7,122,85,49,11,126,89,53,15,130,93,57,19,134,97,61,23,138,101,65,27,142,105,69,31,146,109,73,35,150,113,39,2,116,80,43,6,121,84,47,9,125,88,51,13,129,92,55,17,133,96,59,21,137,100,63,25,141,104,67,29,145,108,71,33,149,112,75,37,115,76,40,4,119,79,44,8,123,83,48,12,127,87,52,16,131,91,56,20,135,95,60,24,139,99,64,28,143,103,68,32,147,107,72,36,151,111,
4,152,115,78,42,5,118,120,83,46,10,124,87,50,14,128,91,54,18,132,95,58,22,136,99,62,26,140,103,66,30,144,107,70,34,148,111,74,38,152,79,41,3,117,82,45,8,122,86,49,12,126,90,53,16,130,94,57,20,134,98,61,24,138,102,65,28,142,106,69,32,146,110,73,36,150,114,1,2,116,80,40,6,121,84,44,9,125,88,48,13,129,92,52,17,133,96,56,21,137,100,60,25,141,104,64,29,145,108,68,33,149,112,72,37,76,77,39,4,119,81,43,7,123,85,47,11,127,89,51,15,131,93,55,19,135,97,59,23,139,101,63,27,143,105,67,31,147,109,71,35,151,113,75,
4,153,116,78,42,5,120,121,82,48,10,125,86,52,14,129,90,56,18,133,94,60,22,137,98,64,26,141,102,68,30,145,106,72,34,149,110,76,38,153,114,41,2,118,81,45,6,124,85,49,9,128,89,53,13,132,93,57,17,136,97,61,21,140,101,65,25,144,105,69,29,148,109,73,33,152,113,77,37,117,80,43,4,122,84,46,8,126,88,50,12,130,92,54,16,134,96,58,20,138,100,62,24,142,104,66,28,146,108,70,32,150,112,74,36,115,1,40,3,119,79,44,7,123,83,47,11,127,87,51,15,131,91,55,19,135,95,59,23,139,99,63,27,143,103,67,31,147,107,71,35,151,111,75,39,
4,154,116,78,42,5,120,121,82,48,10,125,86,52,14,129,90,56,18,133,94,60,22,137,98,64,26,141,102,68,30,145,106,72,34,149,110,76,38,153,114,41,2,118,81,45,6,124,85,49,9,128,89,53,13,132,93,57,17,136,97,61,21,140,101,65,25,144,105,69,29,148,109,73,33,152,113,77,37,117,80,43,4,122,84,46,8,126,88,50,12,130,92,54,16,134,96,58,20,138,100,62,24,142,104,66,28,146,108,70,32,150,112,74,36,154,1,40,3,119,79,44,7,123,83,47,11,127,87,51,15,131,91,55,19,135,95,59,23,139,99,63,27,143,103,67,31,147,107,71,35,151,111,75,39,115,
4,155,117,78,42,5,121,122,83,47,10,126,87,51,14,130,91,55,18,134,95,59,22,138,99,63,26,142,103,67,30,146,107,71,34,150,111,75,38,154,1,41,3,120,81,45,7,125,85,49,11,129,89,53,15,133,93,57,19,137,97,61,23,141,101,65,27,145,105,69,31,149,109,73,35,153,113,77,39,118,80,40,4,124,84,46,9,128,88,50,13,132,92,54,17,136,96,58,21,140,100,62,25,144,104,66,29,148,108,70,33,152,112,74,37,115,116,76,2,119,79,43,6,123,82,44,8,127,86,48,12,131,90,52,16,135,94,56,20,139,98,60,24,143,102,64,28,147,106,68,32,151,110,72,36,155,114,
4,156,118,81,42,5,122,124,85,47,10,128,89,51,14,132,93,55,18,136,97,59,22,140,101,63,26,144,105,67,30,148,109,71,34,152,113,75,38,156,1,41,2,120,82,45,6,125,86,49,9,129,90,53,13,133,94,57,17,137,98,61,21,141,102,65,25,145,106,69,29,149,110,73,33,153,114,77,37,117,80,40,3,121,84,44,8,126,88,48,12,130,92,52,16,134,96,56,20,138,100,60,24,142,104,64,28,146,108,68,32,150,112,72,36,154,116,76,39,119,79,43,4,123,83,46,7,127,87,50,11,131,91,54,15,135,95,58,19,139,99,62,23,143,103,66,27,147,107,70,31,151,111,74,35,155,115,78,
4,157,119,81,42,5,122,124,85,47,10,128,89,51,14,132,93,55,18,136,97,59,22,140,101,63,26,144,105,67,30,148,109,71,34,152,113,75,38,156,117,79,2,120,82,45,6,125,86,49,9,129,90,53,13,133,94,57,17,137,98,61,21,141,102,65,25,145,106,69,29,149,110,73,33,153,114,77,37,157,118,41,3,121,84,44,8,126,88,48,12,130,92,52,16,134,96,56,20,138,100,60,24,142,104,64,28,146,108,68,32,150,112,72,36,154,116,76,40,1,80,43,4,123,83,46,7,127,87,50,11,131,91,54,15,135,95,58,19,139,99,62,23,143,103,66,27,147,107,70,31,151,111,74,35,155,115,78,39,
4,158,119,81,42,5,122,124,85,47,10,128,89,51,14,132,93,55,18,136,97,59,22,140,101,63,26,144,105,67,30,148,109,71,34,152,113,75,38,156,117,79,2,120,82,45,6,125,86,49,9,129,90,53,13,133,94,57,17,137,98,61,21,141,102,65,25,145,106,69,29,149,110,73,33,153,114,77,37,157,118,41,3,121,84,44,8,126,88,48,12,130,92,52,16,134,96,56,20,138,100,60,24,142,104,64,28,146,108,68,32,150,112,72,36,154,116,76,40,158,80,43,4,123,83,46,7,127,87,50,11,131,91,54,15,135,95,58,19,139,99,62,23,143,103,66,27,147,107,70,31,151,111,74,35,155,115,78,39,1,
4,159,120,80,43,5,122,125,83,47,10,129,87,51,14,133,91,55,18,137,95,59,22,141,99,63,26,145,103,67,30,149,107,71,34,153,111,75,38,157,115,79,2,121,81,45,6,126,86,49,9,130,90,53,13,134,94,57,17,138,98,61,21,142,102,65,25,146,106,69,29,150,110,73,33,154,114,77,37,158,118,42,4,124,84,46,8,128,88,50,12,132,92,54,16,136,96,58,20,140,100,62,24,144,104,66,28,148,108,70,32,152,112,74,36,156,116,78,40,119,1,41,3,123,82,44,7,127,85,48,11,131,89,52,15,135,93,56,19,139,97,60,23,143,101,64,27,147,105,68,31,151,109,72,35,155,113,76,39,159,117,
4,160,121,81,41,5,122,126,86,46,10,130,90,50,14,134,94,54,18,138,98,58,22,142,102,62,26,146,106,66,30,150,110,70,34,154,114,74,38,158,118,78,4,125,85,45,8,129,89,49,12,133,93,53,16,137,97,57,20,141,101,61,24,145,105,65,28,149,109,69,32,153,113,73,36,157,117,77,40,119,80,1,3,124,84,43,7,128,88,47,11,132,92,51,15,136,96,55,19,140,100,59,23,144,104,63,27,148,108,67,31,152,112,71,35,156,116,75,39,160,120,79,2,123,82,42,6,127,83,44,9,131,87,48,13,135,91,52,17,139,95,56,21,143,99,60,25,147,103,64,29,151,107,68,33,155,111,72,37,159,115,76,
4,161,122,83,44,5,126,130,90,50,10,134,94,54,14,138,98,58,18,142,102,62,22,146,106,66,26,150,110,70,30,154,114,74,34,158,118,78,38,119,80,41,1,125,85,45,4,129,89,49,8,133,93,53,12,137,97,57,16,141,101,61,20,145,105,65,24,149,109,69,28,153,113,73,32,157,117,77,36,161,121,81,40,124,84,43,3,128,88,47,7,132,92,51,11,136,96,55,15,140,100,59,19,144,104,63,23,148,108,67,27,152,112,71,31,156,116,75,35,160,120,79,39,123,82,42,2,127,86,46,6,131,87,48,9,135,91,52,13,139,95,56,17,143,99,60,21,147,103,64,25,151,107,68,29,155,111,72,33,159,115,76,37,
4,162,122,83,44,5,126,130,90,50,10,134,94,54,14,138,98,58,18,142,102,62,22,146,106,66,26,150,110,70,30,154,114,74,34,158,118,78,38,162,80,41,1,125,85,45,4,129,89,49,8,133,93,53,12,137,97,57,16,141,101,61,20,145,105,65,24,149,109,69,28,153,113,73,32,157,117,77,36,161,121,81,40,124,84,43,3,128,88,47,7,132,92,51,11,136,96,55,15,140,100,59,19,144,104,63,23,148,108,67,27,152,112,71,31,156,116,75,35,160,120,79,39,123,82,42,2,127,86,46,6,131,87,48,9,135,91,52,13,139,95,56,17,143,99,60,21,147,103,64,25,151,107,68,29,155,111,72,33,159,115,76,37,119,
4,163,123,83,44,5,126,130,90,50,10,134,94,54,14,138,98,58,18,142,102,62,22,146,106,66,26,150,110,70,30,154,114,74,34,158,118,78,38,162,122,41,1,125,85,45,4,129,89,49,8,133,93,53,12,137,97,57,16,141,101,61,20,145,105,65,24,149,109,69,28,153,113,73,32,157,117,77,36,161,121,81,40,124,84,43,3,128,88,47,7,132,92,51,11,136,96,55,15,140,100,59,19,144,104,63,23,148,108,67,27,152,112,71,31,156,116,75,35,160,120,79,39,80,82,42,2,127,86,46,6,131,87,48,9,135,91,52,13,139,95,56,17,143,99,60,21,147,103,64,25,151,107,68,29,155,111,72,33,159,115,76,37,163,119,
4,164,124,83,44,5,126,130,90,50,10,134,94,54,14,138,98,58,18,142,102,62,22,146,106,66,26,150,110,70,30,154,114,74,34,158,118,78,38,162,122,82,1,125,85,45,4,129,89,49,8,133,93,53,12,137,97,57,16,141,101,61,20,145,105,65,24,149,109,69,28,153,113,73,32,157,117,77,36,161,121,81,40,123,84,43,3,128,88,47,7,132,92,51,11,136,96,55,15,140,100,59,19,144,104,63,23,148,108,67,27,152,112,71,31,156,116,75,35,160,120,79,39,164,41,42,2,127,86,46,6,131,87,48,9,135,91,52,13,139,95,56,17,143,99,60,21,147,103,64,25,151,107,68,29,155,111,72,33,159,115,76,37,163,119,80,
4,165,125,84,44,5,126,130,90,50,10,134,94,54,14,138,98,58,18,142,102,62,22,146,106,66,26,150,110,70,30,154,114,74,34,158,118,78,38,162,122,82,42,123,85,45,4,129,89,49,8,133,93,53,12,137,97,57,16,141,101,61,20,145,105,65,24,149,109,69,28,153,113,73,32,157,117,77,36,161,121,81,40,165,1,43,3,128,88,47,7,132,92,51,11,136,96,55,15,140,100,59,19,144,104,63,23,148,108,67,27,152,112,71,31,156,116,75,35,160,120,79,39,164,124,83,2,127,86,46,6,131,87,48,9,135,91,52,13,139,95,56,17,143,99,60,21,147,103,64,25,151,107,68,29,155,111,72,33,159,115,76,37,163,119,80,41,
4,166,125,84,44,5,126,130,90,50,10,134,94,54,14,138,98,58,18,142,102,62,22,146,106,66,26,150,110,70,30,154,114,74,34,158,118,78,38,162,122,82,42,166,85,45,4,129,89,49,8,133,93,53,12,137,97,57,16,141,101,61,20,145,105,65,24,149,109,69,28,153,113,73,32,157,117,77,36,161,121,81,40,165,1,43,3,128,88,47,7,132,92,51,11,136,96,55,15,140,100,59,19,144,104,63,23,148,108,67,27,152,112,71,31,156,116,75,35,160,120,79,39,164,124,83,2,127,86,46,6,131,87,48,9,135,91,52,13,139,95,56,17,143,99,60,21,147,103,64,25,151,107,68,29,155,111,72,33,159,115,76,37,163,119,80,41,123,
4,167,126,86,46,5,130,132,90,50,10,136,94,54,14,140,98,58,18,144,102,62,22,148,106,66,26,152,110,70,30,156,114,74,34,160,118,78,38,164,122,82,42,1,85,45,3,129,89,49,7,134,93,53,11,138,97,57,15,142,101,61,19,146,105,65,23,150,109,69,27,154,113,73,31,158,117,77,35,162,121,81,39,166,125,43,2,128,88,47,6,133,92,51,9,137,96,55,13,141,100,59,17,145,104,63,21,149,108,67,25,153,112,71,29,157,116,75,33,161,120,79,37,165,124,83,41,127,84,44,4,131,87,48,8,135,91,52,12,139,95,56,16,143,99,60,20,147,103,64,24,151,107,68,28,155,111,72,32,159,115,76,36,163,119,80,40,167,123,
4,168,127,86,46,5,130,132,91,50,10,136,95,54,14,140,99,58,18,144,103,62,22,148,107,66,26,152,111,70,30,156,115,74,34,160,119,78,38,164,123,82,42,168,87,45,3,129,90,49,8,134,94,53,12,138,98,57,16,142,102,61,20,146,106,65,24,150,110,69,28,154,114,73,32,158,118,77,36,162,122,81,40,166,126,1,2,128,88,44,6,133,92,48,9,137,96,52,13,141,100,56,17,145,104,60,21,149,108,64,25,153,112,68,29,157,116,72,33,161,120,76,37,165,124,80,41,84,85,43,4,131,89,47,7,135,93,51,11,139,97,55,15,143,101,59,19,147,105,63,23,151,109,67,27,155,113,71,31,159,117,75,35,163,121,79,39,167,125,83,
4,169,128,86,46,5,132,133,90,52,10,137,94,56,14,141,98,60,18,145,102,64,22,149,106,68,26,153,110,72,30,157,114,76,34,161,118,80,38,165,122,84,42,169,126,45,2,130,89,49,6,136,93,53,9,140,97,57,13,144,101,61,17,148,105,65,21,152,109,69,25,156,113,73,29,160,117,77,33,164,121,81,37,168,125,85,41,129,88,47,4,134,92,50,8,138,96,54,12,142,100,58,16,146,104,62,20,150,108,66,24,154,112,70,28,158,116,74,32,162,120,78,36,166,124,82,40,127,1,44,3,131,87,48,7,135,91,51,11,139,95,55,15,143,99,59,19,147,103,63,23,151,107,67,27,155,111,71,31,159,115,75,35,163,119,79,39,167,123,83,43,
4,170,128,86,46,5,132,133,90,52,10,137,94,56,14,141,98,60,18,145,102,64,22,149,106,68,26,153,110,72,30,157,114,76,34,161,118,80,38,165,122,84,42,169,126,45,2,130,89,49,6,136,93,53,9,140,97,57,13,144,101,61,17,148,105,65,21,152,109,69,25,156,113,73,29,160,117,77,33,164,121,81,37,168,125,85,41,129,88,47,4,134,92,50,8,138,96,54,12,142,100,58,16,146,104,62,20,150,108,66,24,154,112,70,28,158,116,74,32,162,120,78,36,166,124,82,40,170,1,44,3,131,87,48,7,135,91,51,11,139,95,55,15,143,99,59,19,147,103,63,23,151,107,67,27,155,111,71,31,159,115,75,35,163,119,79,39,167,123,83,43,127,
4,171,129,86,46,5,133,134,91,51,10,138,95,55,14,142,99,59,18,146,103,63,22,150,107,67,26,154,111,71,30,158,115,75,34,162,119,79,38,166,123,83,42,170,1,45,3,132,89,49,7,137,93,53,11,141,97,57,15,145,101,61,19,149,105,65,23,153,109,69,27,157,113,73,31,161,117,77,35,165,121,81,39,169,125,85,43,130,88,44,4,136,92,50,9,140,96,54,13,144,100,58,17,148,104,62,21,152,108,66,25,156,112,70,29,160,116,74,33,164,120,78,37,168,124,82,41,127,128,84,2,131,87,47,6,135,90,48,8,139,94,52,12,143,98,56,16,147,102,60,20,151,106,64,24,155,110,68,28,159,114,72,32,163,118,76,36,167,122,80,40,171,126,
4,172,130,89,46,5,134,136,93,51,10,140,97,55,14,144,101,59,18,148,105,63,22,152,109,67,26,156,113,71,30,160,117,75,34,164,121,79,38,168,125,83,42,172,1,45,2,132,90,49,6,137,94,53,9,141,98,57,13,145,102,61,17,149,106,65,21,153,110,69,25,157,114,73,29,161,118,77,33,165,122,81,37,169,126,85,41,129,88,44,3,133,92,48,8,138,96,52,12,142,100,56,16,146,104,60,20,150,108,64,24,154,112,68,28,158,116,72,32,162,120,76,36,166,124,80,40,170,128,84,43,131,87,47,4,135,91,50,7,139,95,54,11,143,99,58,15,147,103,62,19,151,107,66,23,155,111,70,27,159,115,74,31,163,119,78,35,167,123,82,39,171,127,86,
4,173,131,89,46,5,134,136,93,51,10,140,97,55,14,144,101,59,18,148,105,63,22,152,109,67,26,156,113,71,30,160,117,75,34,164,121,79,38,168,125,83,42,172,129,87,2,132,90,49,6,137,94,53,9,141,98,57,13,145,102,61,17,149,106,65,21,153,110,69,25,157,114,73,29,161,118,77,33,165,122,81,37,169,126,85,41,173,130,45,3,133,92,48,8,138,96,52,12,142,100,56,16,146,104,60,20,150,108,64,24,154,112,68,28,158,116,72,32,162,120,76,36,166,124,80,40,170,128,84,44,1,88,47,4,135,91,50,7,139,95,54,11,143,99,58,15,147,103,62,19,151,107,66,23,155,111,70,27,159,115,74,31,163,119,78,35,167,123,82,39,171,127,86,43,
4,174,131,89,46,5,134,136,93,51,10,140,97,55,14,144,101,59,18,148,105,63,22,152,109,67,26,156,113,71,30,160,117,75,34,164,121,79,38,168,125,83,42,172,129,87,2,132,90,49,6,137,94,53,9,141,98,57,13,145,102,61,17,149,106,65,21,153,110,69,25,157,114,73,29,161,118,77,33,165,122,81,37,169,126,85,41,173,130,45,3,133,92,48,8,138,96,52,12,142,100,56,16,146,104,60,20,150,108,64,24,154,112,68,28,158,116,72,32,162,120,76,36,166,124,80,40,170,128,84,44,174,88,47,4,135,91,50,7,139,95,54,11,143,99,58,15,147,103,62,19,151,107,66,23,155,111,70,27,159,115,74,31,163,119,78,35,167,123,82,39,171,127,86,43,1,
4,175,132,88,47,5,134,137,91,51,10,141,95,55,14,145,99,59,18,149,103,63,22,153,107,67,26,157,111,71,30,161,115,75,34,165,119,79,38,169,123,83,42,173,127,87,2,133,89,49,6,138,94,53,9,142,98,57,13,146,102,61,17,150,106,65,21,154,110,69,25,158,114,73,29,162,118,77,33,166,122,81,37,170,126,85,41,174,130,46,4,136,92,50,8,140,96,54,12,144,100,58,16,148,104,62,20,152,108,66,24,156,112,70,28,160,116,74,32,164,120,78,36,168,124,82,40,172,128,86,44,131,1,45,3,135,90,48,7,139,93,52,11,143,97,56,15,147,101,60,19,151,105,64,23,155,109,68,27,159,113,72,31,163,117,76,35,167,121,80,39,171,125,84,43,175,129,
4,176,133,89,45,5,134,138,94,50,10,142,98,54,14,146,102,58,18,150,106,62,22,154,110,66,26,158,114,70,30,162,118,74,34,166,122,78,38,170,126,82,42,174,130,86,4,137,93,49,8,141,97,53,12,145,101,57,16,149,105,61,20,153,109,65,24,157,113,69,28,161,117,73,32,165,121,77,36,169,125,81,40,173,129,85,44,131,88,1,3,136,92,47,7,140,96,51,11,144,100,55,15,148,104,59,19,152,108,63,23,156,112,67,27,160,116,71,31,164,120,75,35,168,124,79,39,172,128,83,43,176,132,87,2,135,90,46,6,139,91,48,9,143,95,52,13,147,99,56,17,151,103,60,21,155,107,64,25,159,111,68,29,163,115,72,33,167,119,76,37,171,123,80,41,175,127,84,
4,177,134,91,48,5,138,142,98,54,10,146,102,58,14,150,106,62,18,154,110,66,22,158,114,70,26,162,118,74,30,166,122,78,34,170,126,82,38,174,130,86,42,131,88,45,1,137,93,49,4,141,97,53,8,145,101,57,12,149,105,61,16,153,109,65,20,157,113,69,24,161,117,73,28,165,121,77,32,169,125,81,36,173,129,85,40,177,133,89,44,136,92,47,3,140,96,51,7,144,100,55,11,148,104,59,15,152,108,63,19,156,112,67,23,160,116,71,27,164,120,75,31,168,124,79,35,172,128,83,39,176,132,87,43,135,90,46,2,139,94,50,6,143,95,52,9,147,99,56,13,151,103,60,17,155,107,64,21,159,111,68,25,163,115,72,29,167,119,76,33,171,123,80,37,175,127,84,41,
4,178,134,91,48,5,138,142,98,54,10,146,102,58,14,150,106,62,18,154,110,66,22,158,114,70,26,162,118,74,30,166,122,78,34,170,126,82,38,174,130,86,42,178,88,45,1,137,93,49,4,141,97,53,8,145,101,57,12,149,105,61,16,153,109,65,20,157,113,69,24,161,117,73,28,165,121,77,32,169,125,81,36,173,129,85,40,177,133,89,44,136,92,47,3,140,96,51,7,144,100,55,11,148,104,59,15,152,108,63,19,156,112,67,23,160,116,71,27,164,120,75,31,168,124,79,35,172,128,83,39,176,132,87,43,135,90,46,2,139,94,50,6,143,95,52,9,147,99,56,13,151,103,60,17,155,107,64,21,159,111,68,25,163,115,72,29,167,119,76,33,171,123,80,37,175,127,84,41,131,
4,179,135,91,48,5,138,142,98,54,10,146,102,58,14,150,106,62,18,154,110,66,22,158,114,70,26,162,118,74,30,166,122,78,34,170,126,82,38,174,130,86,42,178,134,45,1,137,93,49,4,141,97,53,8,145,101,57,12,149,105,61,16,153,109,65,20,157,113,69,24,161,117,73,28,165,121,77,32,169,125,81,36,173,129,85,40,177,133,89,44,136,92,47,3,140,96,51,7,144,100,55,11,148,104,59,15,152,108,63,19,156,112,67,23,160,116,71,27,164,120,75,31,168,124,79,35,172,128,83,39,176,132,87,43,88,90,46,2,139,94,50,6,143,95,52,9,147,99,56,13,151,103,60,17,155,107,64,21,159,111,68,25,163,115,72,29,167,119,76,33,171,123,80,37,175,127,84,41,179,131,
4,180,136,91,48,5,138,142,98,54,10,146,102,58,14,150,106,62,18,154,110,66,22,158,114,70,26,162,118,74,30,166,122,78,34,170,126,82,38,174,130,86,42,178,134,90,1,137,93,49,4,141,97,53,8,145,101,57,12,149,105,61,16,153,109,65,20,157,113,69,24,161,117,73,28,165,121,77,32,169,125,81,36,173,129,85,40,177,133,89,44,135,92,47,3,140,96,51,7,144,100,55,11,148,104,59,15,152,108,63,19,156,112,67,23,160,116,71,27,164,120,75,31,168,124,79,35,172,128,83,39,176,132,87,43,180,45,46,2,139,94,50,6,143,95,52,9,147,99,56,13,151,103,60,17,155,107,64,21,159,111,68,25,163,115,72,29,167,119,76,33,171,123,80,37,175,127,84,41,179,131,88,
4,181,137,92,48,5,138,142,98,54,10,146,102,58,14,150,106,62,18,154,110,66,22,158,114,70,26,162,118,74,30,166,122,78,34,170,126,82,38,174,130,86,42,178,134,90,46,135,93,49,4,141,97,53,8,145,101,57,12,149,105,61,16,153,109,65,20,157,113,69,24,161,117,73,28,165,121,77,32,169,125,81,36,173,129,85,40,177,133,89,44,181,1,47,3,140,96,51,7,144,100,55,11,148,104,59,15,152,108,63,19,156,112,67,23,160,116,71,27,164,120,75,31,168,124,79,35,172,128,83,39,176,132,87,43,180,136,91,2,139,94,50,6,143,95,52,9,147,99,56,13,151,103,60,17,155,107,64,21,159,111,68,25,163,115,72,29,167,119,76,33,171,123,80,37,175,127,84,41,179,131,88,45,
4,182,137,92,48,5,138,142,98,54,10,146,102,58,14,150,106,62,18,154,110,66,22,158,114,70,26,162,118,74,30,166,122,78,34,170,126,82,38,174,130,86,42,178,134,90,46,182,93,49,4,141,97,53,8,145,101,57,12,149,105,61,16,153,109,65,20,157,113,69,24,161,117,73,28,165,121,77,32,169,125,81,36,173,129,85,40,177,133,89,44,181,1,47,3,140,96,51,7,144,100,55,11,148,104,59,15,152,108,63,19,156,112,67,23,160,116,71,27,164,120,75,31,168,124,79,35,172,128,83,39,176,132,87,43,180,136,91,2,139,94,50,6,143,95,52,9,147,99,56,13,151,103,60,17,155,107,64,21,159,111,68,25,163,115,72,29,167,119,76,33,171,123,80,37,175,127,84,41,179,131,88,45,135,
4,183,138,94,50,5,142,144,98,54,10,148,102,58,14,152,106,62,18,156,110,66,22,160,114,70,26,164,118,74,30,168,122,78,34,172,126,82,38,176,130,86,42,180,134,90,46,1,93,49,3,141,97,53,7,146,101,57,11,150,105,61,15,154,109,65,19,158,113,69,23,162,117,73,27,166,121,77,31,170,125,81,35,174,129,85,39,178,133,89,43,182,137,47,2,140,96,51,6,145,100,55,9,149,104,59,13,153,108,63,17,157,112,67,21,161,116,71,25,165,120,75,29,169,124,79,33,173,128,83,37,177,132,87,41,181,136,91,45,139,92,48,4,143,95,52,8,147,99,56,12,151,103,60,16,155,107,64,20,159,111,68,24,163,115,72,28,167,119,76,32,171,123,80,36,175,127,84,40,179,131,88,44,183,135,
4,184,139,94,50,5,142,144,99,54,10,148,103,58,14,152,107,62,18,156,111,66,22,160,115,70,26,164,119,74,30,168,123,78,34,172,127,82,38,176,131,86,42,180,135,90,46,184,95,49,3,141,98,53,8,146,102,57,12,150,106,61,16,154,110,65,20,158,114,69,24,162,118,73,28,166,122,77,32,170,126,81,36,174,130,85,40,178,134,89,44,182,138,1,2,140,96,48,6,145,100,52,9,149,104,56,13,153,108,60,17,157,112,64,21,161,116,68,25,165,120,72,29,169,124,76,33,173,128,80,37,177,132,84,41,181,136,88,45,92,93,47,4,143,97,51,7,147,101,55,11,151,105,59,15,155,109,63,19,159,113,67,23,163,117,71,27,167,121,75,31,171,125,79,35,175,129,83,39,179,133,87,43,183,137,91,
4,185,140,94,50,5,144,145,98,56,10,149,102,60,14,153,106,64,18,157,110,68,22,161,114,72,26,165,118,76,30,169,122,80,34,173,126,84,38,177,130,88,42,181,134,92,46,185,138,49,2,142,97,53,6,148,101,57,9,152,105,61,13,156,109,65,17,160,113,69,21,164,117,73,25,168,121,77,29,172,125,81,33,176,129,85,37,180,133,89,41,184,137,93,45,141,96,51,4,146,100,54,8,150,104,58,12,154,108,62,16,158,112,66,20,162,116,70,24,166,120,74,28,170,124,78,32,174,128,82,36,178,132,86,40,182,136,90,44,139,1,48,3,143,95,52,7,147,99,55,11,151,103,59,15,155,107,63,19,159,111,67,23,163,115,71,27,167,119,75,31,171,123,79,35,175,127,83,39,179,131,87,43,183,135,91,47,
4,186,140,94,50,5,144,145,98,56,10,149,102,60,14,153,106,64,18,157,110,68,22,161,114,72,26,165,118,76,30,169,122,80,34,173,126,84,38,177,130,88,42,181,134,92,46,185,138,49,2,142,97,53,6,148,101,57,9,152,105,61,13,156,109,65,17,160,113,69,21,164,117,73,25,168,121,77,29,172,125,81,33,176,129,85,37,180,133,89,41,184,137,93,45,141,96,51,4,146,100,54,8,150,104,58,12,154,108,62,16,158,112,66,20,162,116,70,24,166,120,74,28,170,124,78,32,174,128,82,36,178,132,86,40,182,136,90,44,186,1,48,3,143,95,52,7,147,99,55,11,151,103,59,15,155,107,63,19,159,111,67,23,163,115,71,27,167,119,75,31,171,123,79,35,175,127,83,39,179,131,87,43,183,135,91,47,139,
4,187,141,94,50,5,145,146,99,55,10,150,103,59,14,154,107,63,18,158,111,67,22,162,115,71,26,166,119,75,30,170,123,79,34,174,127,83,38,178,131,87,42,182,135,91,46,186,1,49,3,144,97,53,7,149,101,57,11,153,105,61,15,157,109,65,19,161,113,69,23,165,117,73,27,169,121,77,31,173,125,81,35,177,129,85,39,181,133,89,43,185,137,93,47,142,96,48,4,148,100,54,9,152,104,58,13,156,108,62,17,160,112,66,21,164,116,70,25,168,120,74,29,172,124,78,33,176,128,82,37,180,132,86,41,184,136,90,45,139,140,92,2,143,95,51,6,147,98,52,8,151,102,56,12,155,106,60,16,159,110,64,20,163,114,68,24,167,118,72,28,171,122,76,32,175,126,80,36,179,130,84,40,183,134,88,44,187,138,
4,188,142,97,50,5,146,148,101,55,10,152,105,59,14,156,109,63,18,160,113,67,22,164,117,71,26,168,121,75,30,172,125,79,34,176,129,83,38,180,133,87,42,184,137,91,46,188,1,49,2,144,98,53,6,149,102,57,9,153,106,61,13,157,110,65,17,161,114,69,21,165,118,73,25,169,122,77,29,173,126,81,33,177,130,85,37,181,134,89,41,185,138,93,45,141,96,48,3,145,100,52,8,150,104,56,12,154,108,60,16,158,112,64,20,162,116,68,24,166,120,72,28,170,124,76,32,174,128,80,36,178,132,84,40,182,136,88,44,186,140,92,47,143,95,51,4,147,99,54,7,151,103,58,11,155,107,62,15,159,111,66,19,163,115,70,23,167,119,74,27,171,123,78,31,175,127,82,35,179,131,86,39,183,135,90,43,187,139,94,
4,189,143,97,50,5,146,148,101,55,10,152,105,59,14,156,109,63,18,160,113,67,22,164,117,71,26,168,121,75,30,172,125,79,34,176,129,83,38,180,133,87,42,184,137,91,46,188,141,95,2,144,98,53,6,149,102,57,9,153,106,61,13,157,110,65,17,161,114,69,21,165,118,73,25,169,122,77,29,173,126,81,33,177,130,85,37,181,134,89,41,185,138,93,45,189,142,49,3,145,100,52,8,150,104,56,12,154,108,60,16,158,112,64,20,162,116,68,24,166,120,72,28,170,124,76,32,174,128,80,36,178,132,84,40,182,136,88,44,186,140,92,48,1,96,51,4,147,99,54,7,151,103,58,11,155,107,62,15,159,111,66,19,163,115,70,23,167,119,74,27,171,123,78,31,175,127,82,35,179,131,86,39,183,135,90,43,187,139,94,47,
4,190,143,97,50,5,146,148,101,55,10,152,105,59,14,156,109,63,18,160,113,67,22,164,117,71,26,168,121,75,30,172,125,79,34,176,129,83,38,180,133,87,42,184,137,91,46,188,141,95,2,144,98,53,6,149,102,57,9,153,106,61,13,157,110,65,17,161,114,69,21,165,118,73,25,169,122,77,29,173,126,81,33,177,130,85,37,181,134,89,41,185,138,93,45,189,142,49,3,145,100,52,8,150,104,56,12,154,108,60,16,158,112,64,20,162,116,68,24,166,120,72,28,170,124,76,32,174,128,80,36,178,132,84,40,182,136,88,44,186,140,92,48,190,96,51,4,147,99,54,7,151,103,58,11,155,107,62,15,159,111,66,19,163,115,70,23,167,119,74,27,171,123,78,31,175,127,82,35,179,131,86,39,183,135,90,43,187,139,94,47,1,
4,191,144,96,51,5,146,149,99,55,10,153,103,59,14,157,107,63,18,161,111,67,22,165,115,71,26,169,119,75,30,173,123,79,34,177,127,83,38,181,131,87,42,185,135,91,46,189,139,95,2,145,97,53,6,150,102,57,9,154,106,61,13,158,110,65,17,162,114,69,21,166,118,73,25,170,122,77,29,174,126,81,33,178,130,85,37,182,134,89,41,186,138,93,45,190,142,50,4,148,100,54,8,152,104,58,12,156,108,62,16,160,112,66,20,164,116,70,24,168,120,74,28,172,124,78,32,176,128,82,36,180,132,86,40,184,136,90,44,188,140,94,48,143,1,49,3,147,98,52,7,151,101,56,11,155,105,60,15,159,109,64,19,163,113,68,23,167,117,72,27,171,121,76,31,175,125,80,35,179,129,84,39,183,133,88,43,187,137,92,47,191,141,
4,192,145,97,49,5,146,150,102,54,10,154,106,58,14,158,110,62,18,162,114,66,22,166,118,70,26,170,122,74,30,174,126,78,34,178,130,82,38,182,134,86,42,186,138,90,46,190,142,94,4,149,101,53,8,153,105,57,12,157,109,61,16,161,113,65,20,165,117,69,24,169,121,73,28,173,125,77,32,177,129,81,36,181,133,85,40,185,137,89,44,189,141,93,48,143,96,1,3,148,100,51,7,152,104,55,11,156,108,59,15,160,112,63,19,164,116,67,23,168,120,71,27,172,124,75,31,176,128,79,35,180,132,83,39,184,136,87,43,188,140,91,47,192,144,95,2,147,98,50,6,151,99,52,9,155,103,56,13,159,107,60,17,163,111,64,21,167,115,68,25,171,119,72,29,175,123,76,33,179,127,80,37,183,131,84,41,187,135,88,45,191,139,92,
4,193,146,99,52,5,150,154,106,58,10,158,110,62,14,162,114,66,18,166,118,70,22,170,122,74,26,174,126,78,30,178,130,82,34,182,134,86,38,186,138,90,42,190,142,94,46,143,96,49,1,149,101,53,4,153,105,57,8,157,109,61,12,161,113,65,16,165,117,69,20,169,121,73,24,173,125,77,28,177,129,81,32,181,133,85,36,185,137,89,40,189,141,93,44,193,145,97,48,148,100,51,3,152,104,55,7,156,108,59,11,160,112,63,15,164,116,67,19,168,120,71,23,172,124,75,27,176,128,79,31,180,132,83,35,184,136,87,39,188,140,91,43,192,144,95,47,147,98,50,2,151,102,54,6,155,103,56,9,159,107,60,13,163,111,64,17,167,115,68,21,171,119,72,25,175,123,76,29,179,127,80,33,183,131,84,37,187,135,88,41,191,139,92,45,
4,194,146,99,52,5,150,154,106,58,10,158,110,62,14,162,114,66,18,166,118,70,22,170,122,74,26,174,126,78,30,178,130,82,34,182,134,86,38,186,138,90,42,190,142,94,46,194,96,49,1,149,101,53,4,153,105,57,8,157,109,61,12,161,113,65,16,165,117,69,20,169,121,73,24,173,125,77,28,177,129,81,32,181,133,85,36,185,137,89,40,189,141,93,44,193,145,97,48,148,100,51,3,152,104,55,7,156,108,59,11,160,112,63,15,164,116,67,19,168,120,71,23,172,124,75,27,176,128,79,31,180,132,83,35,184,136,87,39,188,140,91,43,192,144,95,47,147,98,50,2,151,102,54,6,155,103,56,9,159,107,60,13,163,111,64,17,167,115,68,21,171,119,72,25,175,123,76,29,179,127,80,33,183,131,84,37,187,135,88,41,191,139,92,45,143,
4,195,147,99,52,5,150,154,106,58,10,158,110,62,14,162,114,66,18,166,118,70,22,170,122,74,26,174,126,78,30,178,130,82,34,182,134,86,38,186,138,90,42,190,142,94,46,194,146,49,1,149,101,53,4,153,105,57,8,157,109,61,12,161,113,65,16,165,117,69,20,169,121,73,24,173,125,77,28,177,129,81,32,181,133,85,36,185,137,89,40,189,141,93,44,193,145,97,48,148,100,51,3,152,104,55,7,156,108,59,11,160,112,63,15,164,116,67,19,168,120,71,23,172,124,75,27,176,128,79,31,180,132,83,35,184,136,87,39,188,140,91,43,192,144,95,47,96,98,50,2,151,102,54,6,155,103,56,9,159,107,60,13,163,111,64,17,167,115,68,21,171,119,72,25,175,123,76,29,179,127,80,33,183,131,84,37,187,135,88,41,191,139,92,45,195,143,
4,196,148,99,52,5,150,154,106,58,10,158,110,62,14,162,114,66,18,166,118,70,22,170,122,74,26,174,126,78,30,178,130,82,34,182,134,86,38,186,138,90,42,190,142,94,46,194,146,98,1,149,101,53,4,153,105,57,8,157,109,61,12,161,113,65,16,165,117,69,20,169,121,73,24,173,125,77,28,177,129,81,32,181,133,85,36,185,137,89,40,189,141,93,44,193,145,97,48,147,100,51,3,152,104,55,7,156,108,59,11,160,112,63,15,164,116,67,19,168,120,71,23,172,124,75,27,176,128,79,31,180,132,83,35,184,136,87,39,188,140,91,43,192,144,95,47,196,49,50,2,151,102,54,6,155,103,56,9,159,107,60,13,163,111,64,17,167,115,68,21,171,119,72,25,175,123,76,29,179,127,80,33,183,131,84,37,187,135,88,41,191,139,92,45,195,143,96,
4,197,149,100,52,5,150,154,106,58,10,158,110,62,14,162,114,66,18,166,118,70,22,170,122,74,26,174,126,78,30,178,130,82,34,182,134,86,38,186,138,90,42,190,142,94,46,194,146,98,50,147,101,53,4,153,105,57,8,157,109,61,12,161,113,65,16,165,117,69,20,169,121,73,24,173,125,77,28,177,129,81,32,181,133,85,36,185,137,89,40,189,141,93,44,193,145,97,48,197,1,51,3,152,104,55,7,156,108,59,11,160,112,63,15,164,116,67,19,168,120,71,23,172,124,75,27,176,128,79,31,180,132,83,35,184,136,87,39,188,140,91,43,192,144,95,47,196,148,99,2,151,102,54,6,155,103,56,9,159,107,60,13,163,111,64,17,167,115,68,21,171,119,72,25,175,123,76,29,179,127,80,33,183,131,84,37,187,135,88,41,191,139,92,45,195,143,96,49,
4,198,149,100,52,5,150,154,106,58,10,158,110,62,14,162,114,66,18,166,118,70,22,170,122,74,26,174,126,78,30,178,130,82,34,182,134,86,38,186,138,90,42,190,142,94,46,194,146,98,50,198,101,53,4,153,105,57,8,157,109,61,12,161,113,65,16,165,117,69,20,169,121,73,24,173,125,77,28,177,129,81,32,181,133,85,36,185,137,89,40,189,141,93,44,193,145,97,48,197,1,51,3,152,104,55,7,156,108,59,11,160,112,63,15,164,116,67,19,168,120,71,23,172,124,75,27,176,128,79,31,180,132,83,35,184,136,87,39,188,140,91,43,192,144,95,47,196,148,99,2,151,102,54,6,155,103,56,9,159,107,60,13,163,111,64,17,167,115,68,21,171,119,72,25,175,123,76,29,179,127,80,33,183,131,84,37,187,135,88,41,191,139,92,45,195,143,96,49,147,
4,199,150,102,54,5,154,156,106,58,10,160,110,62,14,164,114,66,18,168,118,70,22,172,122,74,26,176,126,78,30,180,130,82,34,184,134,86,38,188,138,90,42,192,142,94,46,196,146,98,50,1,101,53,3,153,105,57,7,158,109,61,11,162,113,65,15,166,117,69,19,170,121,73,23,174,125,77,27,178,129,81,31,182,133,85,35,186,137,89,39,190,141,93,43,194,145,97,47,198,149,51,2,152,104,55,6,157,108,59,9,161,112,63,13,165,116,67,17,169,120,71,21,173,124,75,25,177,128,79,29,181,132,83,33,185,136,87,37,189,140,91,41,193,144,95,45,197,148,99,49,151,100,52,4,155,103,56,8,159,107,60,12,163,111,64,16,167,115,68,20,171,119,72,24,175,123,76,28,179,127,80,32,183,131,84,36,187,135,88,40,191,139,92,44,195,143,96,48,199,147,
4,200,151,102,54,5,154,156,107,58,10,160,111,62,14,164,115,66,18,168,119,70,22,172,123,74,26,176,127,78,30,180,131,82,34,184,135,86,38,188,139,90,42,192,143,94,46,196,147,98,50,200,103,53,3,153,106,57,8,158,110,61,12,162,114,65,16,166,118,69,20,170,122,73,24,174,126,77,28,178,130,81,32,182,134,85,36,186,138,89,40,190,142,93,44,194,146,97,48,198,150,1,2,152,104,52,6,157,108,56,9,161,112,60,13,165,116,64,17,169,120,68,21,173,124,72,25,177,128,76,29,181,132,80,33,185,136,84,37,189,140,88,41,193,144,92,45,197,148,96,49,100,101,51,4,155,105,55,7,159,109,59,11,163,113,63,15,167,117,67,19,171,121,71,23,175,125,75,27,179,129,79,31,183,133,83,35,187,137,87,39,191,141,91,43,195,145,95,47,199,149,99,
