8001 1999
7962 1998
7961 1997
7964 1996
7941 1995
7940 1994
7939 1993
7930 1992
7913 1991
7908 1990
7903 1989
7898 1988
7885 1987
7886 1986
7885 1985
7864 1984
7865 1983
7850 1982
7843 1981
7842 1980
7829 1979
7824 1978
7819 1977
7812 1976
7811 1975
7798 1974
7787 1973
7782 1972
7777 1971
7782 1970
7771 1969
7770 1968
7761 1967
7760 1966
7741 1965
7740 1964
7739 1963
7738 1962
7707 1961
7700 1960
7699 1959
7698 1958
7687 1957
7672 1956
7667 1955
7660 1954
7653 1953
7652 1952
7649 1951
7638 1950
7625 1949
7632 1948
7617 1947
7616 1946
7615 1945
7592 1944
7599 1943
7578 1942
7577 1941
7564 1940
7559 1939
7558 1938
7543 1937
7542 1936
7535 1935
7524 1934
7533 1933
7524 1932
7523 1931
7506 1930
7505 1929
7504 1928
7487 1927
7484 1926
7467 1925
7466 1924
7465 1923
7454 1922
7441 1921
7436 1920
7433 1919
7432 1918
7421 1917
7412 1916
7405 1915
7396 1914
7391 1913
7390 1912
7375 1911
7368 1910
7361 1909
7356 1908
7355 1907
7344 1906
7343 1905
7326 1904
7321 1903
7314 1902
7313 1901
7310 1900
7309 1899
7308 1898
7307 1897
7274 1896
7269 1895
7264 1894
7259 1893
7262 1892
7241 1891
7234 1890
7233 1889
7220 1888
7213 1887
7212 1886
7199 1885
7216 1884
7189 1883
7188 1882
7185 1881
7172 1880
7175 1879
7174 1878
7173 1877
7148 1876
7143 1875
7142 1874
7141 1873
7140 1872
7139 1871
7128 1870
7113 1869
7112 1868
7103 1867
7086 1866
7085 1865
7084 1864
7087 1863
7064 1862
7063 1861
7062 1860
7071 1859
7040 1858
7039 1857
7044 1856
7031 1855
7030 1854
7015 1853
7026 1852
7025 1851
7002 1850
7001 1849
6990 1848
6977 1847
6972 1846
6965 1845
6960 1844
6951 1843
6950 1842
6949 1841
6940 1840
6931 1839
6928 1838
6915 1837
6910 1836
6911 1835
6898 1834
6893 1833
6892 1832
6889 1831
6878 1830
6877 1829
6856 1828
6849 1827
6844 1826
6855 1825
6834 1824
6829 1823
6834 1822
6833 1821
6820 1820
6803 1819
6802 1818
6791 1817
6784 1816
6781 1815
6776 1814
6775 1813
6774 1812
6773 1811
6750 1810
6755 1809
6740 1808
6745 1807
6724 1806
6719 1805
6718 1804
6715 1803
6710 1802
6697 1801
6702 1800
6691 1799
6690 1798
6689 1797
6684 1796
6669 1795
6664 1794
6659 1793
6660 1792
6641 1791
6644 1790
6633 1789
6630 1788
6635 1787
6622 1786
6621 1785
6606 1784
6607 1783
6600 1782
6595 1781
6582 1780
6581 1779
6570 1778
6565 1777
6564 1776
6551 1775
6548 1774
6547 1773
6540 1772
6533 1771
6532 1770
6521 1769
6514 1768
6505 1767
6516 1766
6493 1765
6488 1764
6485 1763
6488 1762
6475 1761
6478 1760
6459 1759
6458 1758
6457 1757
6456 1756
6455 1755
6442 1754
6437 1753
6422 1752
6427 1751
6426 1750
6405 1749
6404 1748
6399 1747
6388 1746
6391 1745
6376 1744
6381 1743
6370 1742
6375 1741
6356 1740
6355 1739
6352 1738
6347 1737
6336 1736
6329 1735
6324 1734
6327 1733
6316 1732
6323 1731
6308 1730
6307 1729
6306 1728
6305 1727
6278 1726
6275 1725
6274 1724
6263 1723
6256 1722
6261 1721
6260 1720
6245 1719
6244 1718
6233 1717
6228 1716
6217 1715
6212 1714
6213 1713
6212 1712
6207 1711
6192 1710
6197 1709
6180 1708
6179 1707
6170 1706
6169 1705
6154 1704
6151 1703
6144 1702
6135 1701
6130 1700
6129 1699
6128 1698
6117 1697
6116 1696
6103 1695
6096 1694
6095 1693
6096 1692
6077 1691
6072 1690
6071 1689
6070 1688
6057 1687
6052 1686
6051 1685
6044 1684
6043 1683
6032 1682
6028 1681
6030 1680
6024 1679
6017 1678
6012 1677
6005 1676
5992 1675
5989 1674
5990 1673
5977 1672
5982 1671
5967 1670
5960 1669
5959 1668
5958 1667
5941 1666
5940 1665
5935 1664
5920 1663
5919 1662
5918 1661
5917 1660
5902 1659
5901 1658
5896 1657
5901 1656
5900 1655
5873 1654
5866 1653
5865 1652
5856 1651
5859 1650
5848 1649
5853 1648
5842 1647
5839 1646
5838 1645
5827 1644
5826 1643
5819 1642
5804 1641
5803 1640
5796 1639
5785 1638
5784 1637
5783 1636
5780 1635
5779 1634
5768 1633
5783 1632
5756 1631
5769 1630
5754 1629
5745 1628
5744 1627
5741 1626
5732 1625
5727 1624
5720 1623
5721 1622
5714 1621
5713 1620
5716 1619
5705 1618
5704 1617
5691 1616
5692 1615
5691 1614
5674 1613
5673 1612
5670 1611
5669 1610
5662 1609
5655 1608
5648 1607
5635 1606
5628 1605
5625 1604
5636 1603
5619 1602
5626 1601
5613 1600
5612 1599
5609 1598
5594 1597
5587 1596
5588 1595
5587 1594
5570 1593
5581 1592
5580 1591
5559 1590
5562 1589
5547 1588
5550 1587
5541 1586
5528 1585
5529 1584
5518 1583
5511 1582
5506 1581
5501 1580
5500 1579
5501 1578
5492 1577
5487 1576
5474 1575
5469 1574
5466 1573
5465 1572
5466 1571
5451 1570
5450 1569
5441 1568
5446 1567
5443 1566
5436 1565
5427 1564
5412 1563
5417 1562
5406 1561
5397 1560
5390 1559
5393 1558
5392 1557
5391 1556
5370 1555
5367 1554
5364 1553
5361 1552
5366 1551
5349 1550
5348 1549
5347 1548
5346 1547
5339 1546
5328 1545
5327 1544
5312 1543
5317 1542
5312 1541
5301 1540
5308 1539
5295 1538
5294 1537
5293 1536
5280 1535
5277 1534
5266 1533
5269 1532
5270 1531
5251 1530
5250 1529
5249 1528
5246 1527
5229 1526
5228 1525
5221 1524
5212 1523
5213 1522
5218 1521
5207 1520
5196 1519
5195 1518
5196 1517
5183 1516
5182 1515
5179 1514
5176 1513
5173 1512
5164 1511
5163 1510
5156 1509
5157 1508
5146 1507
5139 1506
5132 1505
5131 1504
5130 1503
5129 1502
5128 1501
5127 1500
5118 1499
5109 1498
5106 1497
5093 1496
5088 1495
5087 1494
5086 1493
5085 1492
5066 1491
5065 1490
5064 1489
5065 1488
5064 1487
5063 1486
5044 1485
5043 1484
5038 1483
5023 1482
5022 1481
5019 1480
5012 1479
5003 1478
5002 1477
4991 1476
4990 1475
4989 1474
4990 1473
4989 1472
4968 1471
4967 1470
4966 1469
4957 1468
4956 1467
4953 1466
4952 1465
4951 1464
4950 1463
4949 1462
4934 1461
4921 1460
4918 1459
4917 1458
4920 1457
4919 1456
4904 1455
4891 1454
4886 1453
4887 1452
4882 1451
4877 1450
4870 1449
4855 1448
4850 1447
4851 1446
4850 1445
4849 1444
4832 1443
4827 1442
4826 1441
4825 1440
4814 1439
4815 1438
4804 1437
4803 1436
4794 1435
4785 1434
4786 1433
4781 1432
4776 1431
4775 1430
4762 1429
4761 1428
4746 1427
4743 1426
4748 1425
4737 1424
4736 1423
4735 1422
4736 1421
4735 1420
4734 1419
4717 1418
4716 1417
4703 1416
4696 1415
4701 1414
4688 1413
4681 1412
4686 1411
4673 1410
4676 1409
4675 1408
4660 1407
4653 1406
4652 1405
4651 1404
4652 1403
4643 1402
4642 1401
4627 1400
4632 1399
4633 1398
4626 1397
4623 1396
4622 1395
4605 1394
4612 1393
4591 1392
4590 1391
4585 1390
4586 1389
4583 1388
4572 1387
4561 1386
4558 1385
4561 1384
4560 1383
4559 1382
4542 1381
4539 1380
4538 1379
4537 1378
4524 1377
4523 1376
4520 1375
4519 1374
4518 1373
4495 1372
4504 1371
4495 1370
4494 1369
4485 1368
4488 1367
4487 1366
4476 1365
4471 1364
4470 1363
4469 1362
4468 1361
4451 1360
4452 1359
4445 1358
4442 1357
4441 1356
4432 1355
4429 1354
4430 1353
4411 1352
4414 1351
4411 1350
4396 1349
4391 1348
4398 1347
4391 1346
4378 1345
4375 1344
4376 1343
4367 1342
4360 1341
4359 1340
4352 1339
4351 1338
4342 1337
4341 1336
4352 1335
4333 1334
4324 1333
4321 1332
4318 1331
4315 1330
4314 1329
4305 1328
4306 1327
4301 1326
4302 1325
4295 1324
4294 1323
4279 1322
4284 1321
4273 1320
4272 1319
4277 1318
4272 1317
4267 1316
4266 1315
4251 1314
4252 1313
4251 1312
4250 1311
4229 1310
4228 1309
4227 1308
4240 1307
4223 1306
4226 1305
4219 1304
4214 1303
4205 1302
4210 1301
4197 1300
4194 1299
4191 1298
4180 1297
4179 1296
4184 1295
4173 1294
4172 1293
4167 1292
4170 1291
4161 1290
4160 1289
4155 1288
4166 1287
4147 1286
4144 1285
4143 1284
4144 1283
4133 1282
4132 1281
4125 1280
4124 1279
4123 1278
4116 1277
4115 1276
4114 1275
4095 1274
4098 1273
4097 1272
4098 1271
4079 1270
4082 1269
4075 1268
4070 1267
4069 1266
4070 1265
4057 1264
4046 1263
4045 1262
4044 1261
4043 1260
4042 1259
4031 1258
4022 1257
4027 1256
4014 1255
4021 1254
4020 1253
4007 1252
4006 1251
3997 1250
3990 1249
3987 1248
3978 1247
3977 1246
3980 1245
3969 1244
3974 1243
3957 1242
3956 1241
3959 1240
3954 1239
3947 1238
3946 1237
3941 1236
3940 1235
3943 1234
3942 1233
3931 1232
3930 1231
3921 1230
3914 1229
3903 1228
3902 1227
3893 1226
3886 1225
3885 1224
3884 1223
3883 1222
3872 1221
3871 1220
3874 1219
3859 1218
3856 1217
3851 1216
3858 1215
3847 1214
3840 1213
3839 1212
3838 1211
3837 1210
3820 1209
3819 1208
3818 1207
3817 1206
3816 1205
3815 1204
3800 1203
3799 1202
3794 1201
3787 1200
3788 1199
3787 1198
3772 1197
3771 1196
3768 1195
3763 1194
3760 1193
3765 1192
3748 1191
3747 1190
3736 1189
3739 1188
3738 1187
3733 1186
3728 1185
3721 1184
3722 1183
3721 1182
3714 1181
3713 1180
3710 1179
3705 1178
3702 1177
3703 1176
3706 1175
3693 1174
3692 1173
3689 1172
3684 1171
3685 1170
3686 1169
3671 1168
3670 1167
3663 1166
3658 1165
3663 1164
3652 1163
3651 1162
3648 1161
3645 1160
3644 1159
3633 1158
3624 1157
3629 1156
3628 1155
3613 1154
3614 1153
3611 1152
3610 1151
3601 1150
3600 1149
3601 1148
3594 1147
3585 1146
3582 1145
3581 1144
3574 1143
3573 1142
3574 1141
3575 1140
3568 1139
3567 1138
3562 1137
3549 1136
3546 1135
3543 1134
3546 1133
3541 1132
3542 1131
3541 1130
3540 1129
3533 1128
3532 1127
3521 1126
3520 1125
3517 1124
3510 1123
3509 1122
3498 1121
3501 1120
3500 1119
3499 1118
3488 1117
3489 1116
3478 1115
3477 1114
3476 1113
3465 1112
3468 1111
3467 1110
3458 1109
3445 1108
3450 1107
3449 1106
3446 1105
3445 1104
3444 1103
3435 1102
3434 1101
3421 1100
3420 1099
3413 1098
3420 1097
3403 1096
3394 1095
3401 1094
3394 1093
3387 1092
3396 1091
3383 1090
3382 1089
3375 1088
3372 1087
3365 1086
3362 1085
3359 1084
3350 1083
3355 1082
3336 1081
3335 1080
3340 1079
3335 1078
3332 1077
3327 1076
3332 1075
3321 1074
3320 1073
3323 1072
3316 1071
3309 1070
3308 1069
3301 1068
3300 1067
3287 1066
3290 1065
3285 1064
3286 1063
3271 1062
3270 1061
3281 1060
3280 1059
3275 1058
3262 1057
3261 1056
3258 1055
3249 1054
3248 1053
3245 1052
3240 1051
3239 1050
3232 1049
3229 1048
3226 1047
3221 1046
3206 1045
3205 1044
3204 1043
3197 1042
3204 1041
3201 1040
3196 1039
3193 1038
3192 1037
3173 1036
3172 1035
3171 1034
3164 1033
3159 1032
3156 1031
3151 1030
3142 1029
3137 1028
3140 1027
3137 1026
3124 1025
3119 1024
3116 1023
3117 1022
3112 1021
3115 1020
3112 1019
3103 1018
3102 1017
3093 1016
3092 1015
3091 1014
3084 1013
3073 1012
3076 1011
3073 1010
3070 1009
3063 1008
3070 1007
3059 1006
3058 1005
3065 1004
3056 1003
3049 1002
3048 1001
3039 1000
3042 999
3037 998
3036 997
3035 996
3016 995
3015 994
3012 993
3011 992
3004 991
3003 990
3008 989
3001 988
3000 987
3001 986
3000 985
2987 984
2986 983
2975 982
2976 981
2975 980
2968 979
2963 978
2966 977
2957 976
2956 975
2945 974
2944 973
2943 972
2934 971
2927 970
2926 969
2925 968
2924 967
2923 966
2916 965
2913 964
2916 963
2907 962
2896 961
2895 960
2886 959
2883 958
2882 957
2877 956
2872 955
2871 954
2864 953
2863 952
2862 951
2859 950
2846 949
2845 948
2844 947
2841 946
2836 945
2835 944
2832 943
2825 942
2824 941
2821 940
2812 939
2807 938
2804 937
2805 936
2800 935
2795 934
2790 933
2785 932
2784 931
2779 930
2782 929
2771 928
2768 927
2767 926
2758 925
2757 924
2752 923
2749 922
2736 921
2735 920
2730 919
2727 918
2722 917
2715 916
2714 915
2713 914
2710 913
2709 912
2702 911
2705 910
2704 909
2695 908
2694 907
2693 906
2690 905
2683 904
2678 903
2659 902
2658 901
2659 900
2658 899
2645 898
2650 897
2649 896
2648 895
2643 894
2638 893
2629 892
2626 891
2615 890
2614 889
2623 888
2622 887
2617 886
2610 885
2605 884
2604 883
2599 882
2598 881
2597 880
2590 879
2589 878
2588 877
2581 876
2580 875
2571 874
2578 873
2573 872
2560 871
2559 870
2562 869
2561 868
2560 867
2549 866
2540 865
2539 864
2538 863
2533 862
2522 861
2527 860
2522 859
2519 858
2512 857
2503 856
2502 855
2501 854
2496 853
2495 852
2498 851
2497 850
2484 849
2483 848
2478 847
2479 846
2470 845
2469 844
2468 843
2463 842
2458 841
2459 840
2452 839
2449 838
2448 837
2433 836
2432 835
2437 834
2436 833
2423 832
2422 831
2429 830
2412 829
2415 828
2416 827
2411 826
2404 825
2399 824
2398 823
2383 822
2380 821
2389 820
2378 819
2377 818
2376 817
2375 816
2374 815
2359 814
2358 813
2353 812
2342 811
2339 810
2338 809
2333 808
2332 807
2327 806
2330 805
2319 804
2314 803
2313 802
2304 801
2305 800
2292 799
2299 798
2294 797
2291 796
2274 795
2273 794
2272 793
2271 792
2276 791
2269 790
2264 789
2265 788
2258 787
2251 786
2244 785
2245 784
2248 783
2241 782
2240 781
2227 780
2234 779
2233 778
2232 777
2229 776
2222 775
2221 774
2212 773
2211 772
2210 771
2209 770
2202 769
2209 768
2198 767
2197 766
2188 765
2189 764
2180 763
2183 762
2172 761
2179 760
2178 759
2177 758
2166 757
2161 756
2156 755
2157 754
2154 753
2145 752
2146 751
2141 750
2142 749
2131 748
2124 747
2123 746
2122 745
2121 744
2120 743
2113 742
2114 741
2113 740
2106 739
2105 738
2100 737
2111 736
2100 735
2095 734
2094 733
2093 732
2080 731
2081 730
2070 729
2073 728
2068 727
2061 726
2062 725
2059 724
2052 723
2049 722
2048 721
2047 720
2032 719
2033 718
2030 717
2029 716
2014 715
2013 714
2012 713
2017 712
2004 711
2005 710
2004 709
2003 708
1988 707
1987 706
1982 705
1981 704
1972 703
1971 702
1972 701
1975 700
1972 699
1971 698
1962 697
1961 696
1954 695
1953 694
1952 693
1945 692
1946 691
1945 690
1948 689
1945 688
1936 687
1933 686
1934 685
1933 684
1924 683
1929 682
1920 681
1923 680
1922 679
1909 678
1914 677
1905 676
1896 675
1895 674
1894 673
1881 672
1878 671
1877 670
1876 669
1869 668
1866 667
1863 666
1860 665
1859 664
1858 663
1853 662
1850 661
1849 660
1848 659
1837 658
1830 657
1829 656
1828 655
1823 654
1822 653
1821 652
1806 651
1805 650
1802 649
1805 648
1800 647
1799 646
1804 645
1791 644
1786 643
1789 642
1784 641
1783 640
1768 639
1767 638
1766 637
1765 636
1764 635
1763 634
1764 633
1753 632
1752 631
1759 630
1748 629
1747 628
1746 627
1741 626
1740 625
1737 624
1730 623
1715 622
1716 621
1715 620
1710 619
1709 618
1708 617
1709 616
1704 615
1701 614
1696 613
1693 612
1698 611
1697 610
1692 609
1691 608
1684 607
1681 606
1680 605
1679 604
1676 603
1667 602
1666 601
1661 600
1656 599
1653 598
1652 597
1651 596
1642 595
1641 594
1640 593
1639 592
1640 591
1633 590
1632 589
1631 588
1612 587
1611 586
1610 585
1609 584
1602 583
1595 582
1594 581
1593 580
1592 579
1585 578
1584 577
1593 576
1574 575
1573 574
1572 573
1571 572
1570 571
1567 570
1562 569
1559 568
1560 567
1555 566
1548 565
1545 564
1536 563
1541 562
1532 561
1529 560
1532 559
1533 558
1522 557
1519 556
1522 555
1515 554
1512 553
1511 552
1496 551
1497 550
1496 549
1493 548
1488 547
1483 546
1482 545
1479 544
1480 543
1477 542
1472 541
1467 540
1464 539
1461 538
1453 537
1452 536
1453 535
1454 534
1451 533
1442 532
1441 531
1438 530
1433 529
1440 528
1429 527
1426 526
1425 525
1424 524
1435 523
1422 522
1421 521
1420 520
1417 519
1406 518
1411 517
1400 516
1403 515
1398 514
1393 513
1398 512
1389 511
1386 510
1383 509
1376 508
1381 507
1376 506
1367 505
1366 504
1363 503
1364 502
1361 501
1358 500
1355 499
1356 498
1353 497
1348 496
1345 495
1342 494
1347 493
1334 492
1335 491
1336 490
1329 489
1326 488
1329 487
1322 486
1317 485
1318 484
1317 483
1316 482
1313 481
1300 480
1313 479
1306 478
1301 477
1298 476
1301 475
1300 474
1289 473
1282 472
1283 471
1290 470
1285 469
1274 468
1273 467
1272 466
1269 465
1266 464
1263 463
1254 462
1251 461
1256 460
1247 459
1248 458
1243 457
1234 456
1239 455
1242 454
1233 453
1228 452
1217 451
1214 450
1213 449
1212 448
1207 447
1210 446
1205 445
1202 444
1199 443
1200 442
1201 441
1198 440
1195 439
1188 438
1189 437
1188 436
1181 435
1178 434
1175 433
1174 432
1171 431
1162 430
1159 429
1164 428
1163 427
1158 426
1151 425
1152 424
1149 423
1140 422
1139 421
1146 420
1143 419
1134 418
1131 417
1128 416
1127 415
1124 414
1115 413
1128 412
1121 411
1112 410
1109 409
1102 408
1103 407
1104 406
1097 405
1094 404
1091 403
1088 402
1089 401
1086 400
1079 399
1080 398
1075 397
1064 396
1063 395
1060 394
1063 393
1060 392
1057 391
1054 390
1049 389
1038 388
1037 387
1034 386
1037 385
1032 384
1023 383
1014 382
1013 381
1012 380
1009 379
1010 378
1009 377
1012 376
1009 375
1006 374
1001 373
994 372
991 371
996 370
993 369
980 368
983 367
984 366
981 365
976 364
983 363
972 362
977 361
974 360
965 359
972 358
965 357
960 356
959 355
956 354
955 353
950 352
945 351
952 350
943 349
944 348
945 347
934 346
929 345
932 344
927 343
932 342
921 341
920 340
923 339
920 338
917 337
904 336
899 335
900 334
897 333
894 332
891 331
890 330
887 329
882 328
889 327
886 326
875 325
870 324
873 323
876 322
871 321
870 320
869 319
870 318
865 317
862 316
857 315
854 314
855 313
844 312
847 311
840 310
841 309
832 308
833 307
830 306
827 305
824 304
823 303
820 302
813 301
812 300
815 299
814 298
811 297
806 296
801 295
796 294
795 293
794 292
791 291
786 290
789 289
784 288
785 287
778 286
771 285
772 284
767 283
764 282
761 281
756 280
757 279
760 278
751 277
748 276
745 275
736 274
737 273
726 272
735 271
726 270
727 269
720 268
715 267
716 266
713 265
714 264
709 263
706 262
705 261
702 260
697 259
694 258
691 257
684 256
685 255
684 254
671 253
668 252
669 251
662 250
659 249
656 248
657 247
654 246
649 245
646 244
639 243
636 242
633 241
630 240
621 239
620 238
621 237
616 236
609 235
606 234
603 233
602 232
599 231
598 230
593 229
594 228
597 227
594 226
593 225
594 224
581 223
580 222
569 221
566 220
561 219
572 218
557 217
560 216
555 215
552 214
551 213
548 212
545 211
546 210
543 209
544 208
537 207
536 206
535 205
532 204
525 203
526 202
515 201
516 200
513 199
512 198
507 197
507 196
502 195
499 194
490 193
491 192
488 191
487 190
488 189
485 188
484 187
481 186
482 185
479 184
474 183
471 182
468 181
467 180
466 179
463 178
466 177
465 176
458 175
455 174
450 173
455 172
448 171
451 170
444 169
443 168
436 167
435 166
434 165
431 164
432 163
429 162
428 161
423 160
420 159
413 158
412 157
409 156
406 155
409 154
404 153
403 152
402 151
399 150
396 149
389 148
386 147
383 146
380 145
389 144
372 143
371 142
368 141
371 140
370 139
367 138
360 137
359 136
356 135
351 134
348 133
343 132
340 131
335 130
332 129
329 128
330 127
327 126
324 125
321 124
318 123
317 122
322 121
319 120
314 119
313 118
310 117
307 116
306 115
303 114
298 113
295 112
296 111
297 110
292 109
289 108
284 107
285 106
282 105
279 104
276 103
275 102
274 101
271 100
266 99
271 98
260 97
261 96
254 95
251 94
245 93
242 92
235 91
238 90
237 89
236 88
227 87
226 86
225 85
222 84
219 83
218 82
211 81
212 80
213 79
214 78
209 77
206 76
201 75
200 74
199 73
196 72
185 71
184 70
181 69
174 68
173 67
170 66
169 65
166 64
165 63
162 62
167 61
158 60
157 59
150 58
155 57
150 56
149 55
146 54
145 53
142 52
137 51
134 50
133 49
130 48
129 47
128 46
127 45
124 44
123 43
115 42
114 41
115 40
110 39
109 38
106 37
103 36
96 35
95 34
92 33
93 32
90 31
87 30
84 29
79 28
78 27
75 26
74 25
73 24
67 23
58 22
57 21
56 20
55 19
