35 11
48 12
33 13
45 14
44 15
45 16
42 17
54 18
52 19
48 20
55 21
68 22
64 23
58 24
76 25
65 26
72 27
74 28
81 29
88 30
84 31
93 32
89 33
87 34
97 35
97 36
91 37
97 38
108 39
105 40
104 41
119 42
132 43
113 44
114 45
123 46
134 47
120 48
121 49
129 50
118 51
139 52
138 53
133 54
141 55
152 56
128 57
143 58
165 59
165 60
161 61
141 62
162 63
160 64
179 65
166 66
181 67
189 68
188 69
186 70
173 71
194 72
174 73
179 74
183 75
187 76
190 77
208 78
185 79
200 80
200 81
213 82
223 83
213 84
211 85
197 86
224 87
241 88
217 89
232 90
235 91
242 92
245 93
242 94
235 95
242 96
257 97
239 98
252 99
258 100
258 101
245 102
271 103
272 104
274 105
270 106
260 107
301 108
264 109
278 110
268 111
267 112
286 113
297 114
288 115
280 116
308 117
316 118
319 119
312 120
305 121
300 122
324 123
326 124
329 125
309 126
332 127
331 128
316 129
324 130
339 131
325 132
328 133
356 134
340 135
357 136
323 137
350 138
359 139
350 140
363 141
402 142
351 143
372 144
334 145
389 146
392 147
363 148
368 149
370 150
401 151
405 152
364 153
381 154
390 155
416 156
382 157
398 158
398 159
403 160
419 161
410 162
414 163
403 164
417 165
422 166
421 167
413 168
431 169
426 170
434 171
435 172
432 173
422 174
463 175
452 176
436 177
459 178
453 179
450 180
474 181
469 182
450 183
449 184
485 185
462 186
469 187
469 188
451 189
496 190
512 191
471 192
479 193
477 194
513 195
487 196
492 197
515 198
524 199
495 200
534 201
493 202
535 203
512 204
527 205
546 206
534 207
516 208
498 209
499 210
535 211
555 212
536 213
550 214
558 215
537 216
537 217
516 218
543 219
577 220
568 221
554 222
592 223
559 224
560 225
579 226
588 227
561 228
577 229
572 230
582 231
580 232
608 233
627 234
611 235
577 236
597 237
586 238
625 239
615 240
617 241
617 242
567 243
605 244
651 245
631 246
648 247
652 248
631 249
617 250
639 251
636 252
642 253
678 254
650 255
638 256
636 257
646 258
654 259
690 260
658 261
647 262
661 263
673 264
638 265
691 266
664 267
686 268
682 269
687 270
726 271
684 272
723 273
692 274
675 275
670 276
708 277
684 278
731 279
682 280
718 281
729 282
715 283
705 284
706 285
721 286
729 287
715 288
723 289
725 290
736 291
753 292
746 293
752 294
743 295
733 296
743 297
800 298
777 299
754 300
725 301
778 302
777 303
809 304
765 305
740 306
771 307
765 308
767 309
774 310
784 311
794 312
782 313
830 314
814 315
769 316
775 317
783 318
781 319
824 320
832 321
805 322
811 323
787 324
820 325
815 326
864 327
813 328
804 329
841 330
839 331
830 332
843 333
829 334
817 335
803 336
894 337
846 338
826 339
845 340
844 341
841 342
895 343
854 344
912 345
887 346
875 347
841 348
829 349
837 350
865 351
906 352
906 353
931 354
872 355
860 356
917 357
888 358
876 359
911 360
863 361
892 362
895 363
920 364
903 365
950 366
929 367
922 368
959 369
889 370
923 371
937 372
937 373
933 374
969 375
934 376
929 377
937 378
947 379
905 380
947 381
976 382
971 383
944 384
996 385
967 386
925 387
987 388
998 389
969 390
976 391
966 392
1014 393
997 394
985 395
996 396
978 397
987 398
948 399
1003 400
1064 401
998 402
1044 403
1054 404
989 405
1043 406
1019 407
1033 408
1046 409
1033 410
1071 411
1062 412
1046 413
1059 414
1071 415
1045 416
1029 417
1049 418
1056 419
1055 420
1013 421
1024 422
1080 423
1081 424
1091 425
1080 426
1054 427
1117 428
1065 429
1089 430
1139 431
1137 432
1087 433
1105 434
1068 435
1132 436
1127 437
1098 438
1114 439
1102 440
1136 441
1091 442
1101 443
1106 444
1169 445
1136 446
1093 447
1101 448
1106 449
1156 450
1152 451
1122 452
1129 453
1188 454
1128 455
1137 456
1151 457
1107 458
1214 459
1131 460
1137 461
1172 462
1140 463
1150 464
1173 465
1184 466
1205 467
1199 468
1161 469
1176 470
1173 471
1181 472
1193 473
1172 474
1208 475
1185 476
1216 477
1262 478
1118 479
1159 480
1194 481
1208 482
1260 483
1257 484
1200 485
1212 486
1223 487
1238 488
1190 489
1262 490
1189 491
1266 492
1262 493
1258 494
1244 495
1261 496
1285 497
1260 498
1251 499
1214 500
1231 501
1269 502
1272 503
1272 504
1232 505
1208 506
1297 507
1276 508
1297 509
1236 510
1283 511
1299 512
1244 513
1310 514
1285 515
1275 516
1298 517
1290 518
1322 519
1328 520
1335 521
1313 522
1317 523
1299 524
1332 525
1323 526
1343 527
1318 528
1352 529
1324 530
1279 531
1329 532
1336 533
1344 534
1309 535
1332 536
1331 537
1365 538
1343 539
1360 540
1357 541
1362 542
1339 543
1329 544
1383 545
1384 546
1387 547
1433 548
1360 549
1360 550
1393 551
1401 552
1392 553
1358 554
1382 555
1421 556
1357 557
1393 558
1391 559
1410 560
1415 561
1434 562
1401 563
1443 564
1429 565
1405 566
1441 567
1436 568
1426 569
1412 570
1479 571
1409 572
1443 573
1414 574
1430 575
1424 576
1410 577
1424 578
1457 579
1459 580
1438 581
1484 582
1425 583
1469 584
1435 585
1446 586
1499 587
1483 588
1516 589
1465 590
1543 591
1519 592
1523 593
1482 594
1498 595
1519 596
1483 597
1510 598
1494 599
1494 600
1552 601
1520 602
1538 603
1529 604
1532 605
1526 606
1529 607
1505 608
1558 609
1509 610
1592 611
1557 612
1514 613
1534 614
1542 615
1597 616
1542 617
1588 618
1606 619
1585 620
1553 621
1563 622
1576 623
1592 624
1551 625
1536 626
1588 627
1543 628
1617 629
1608 630
1586 631
1563 632
1590 633
1622 634
1600 635
1585 636
1635 637
1627 638
1599 639
1618 640
1643 641
1580 642
1616 643
1662 644
1582 645
1616 646
1645 647
1605 648
1666 649
1638 650
1628 651
1584 652
1689 653
1629 654
1640 655
1595 656
1661 657
1677 658
1667 659
1632 660
1658 661
1644 662
1692 663
1664 664
1694 665
1697 666
1647 667
1602 668
1686 669
1638 670
1709 671
1697 672
1646 673
1719 674
1727 675
1665 676
1690 677
1737 678
1662 679
1679 680
1733 681
1754 682
1705 683
1740 684
1717 685
1718 686
1721 687
1757 688
1753 689
1689 690
1706 691
1751 692
1701 693
1764 694
1770 695
1783 696
1750 697
1764 698
1850 699
1764 700
1681 701
1727 702
1763 703
1741 704
1783 705
1764 706
1738 707
1801 708
1747 709
1773 710
1803 711
1777 712
1706 713
1812 714
1844 715
1741 716
1836 717
1835 718
1730 719
1805 720
1795 721
1819 722
1823 723
1797 724
1848 725
1811 726
1795 727
1855 728
1829 729
1857 730
1868 731
1836 732
1831 733
1872 734
1856 735
1872 736
1877 737
1851 738
1848 739
1892 740
1898 741
1887 742
1858 743
1840 744
1872 745
1894 746
1852 747
1898 748
1842 749
1891 750
1859 751
1820 752
1913 753
1913 754
1890 755
1945 756
1937 757
1958 758
1866 759
1925 760
1876 761
1934 762
1935 763
1946 764
1934 765
1919 766
1930 767
1886 768
1909 769
1917 770
1952 771
1939 772
1980 773
1944 774
1987 775
1956 776
1987 777
1915 778
1960 779
1962 780
1964 781
1956 782
1982 783
2011 784
2010 785
1993 786
1995 787
1984 788
1952 789
1970 790
1981 791
2010 792
2062 793
1983 794
1942 795
2010 796
1961 797
1999 798
1982 799
2052 800
1932 801
1961 802
2069 803
1984 804
2016 805
2004 806
2064 807
2026 808
1978 809
2063 810
2063 811
2084 812
2003 813
2044 814
2072 815
2059 816
2118 817
2053 818
2060 819
2108 820
2050 821
1996 822
2036 823
2046 824
2066 825
2042 826
2125 827
2098 828
2046 829
2067 830
2063 831
2114 832
2063 833
2093 834
2135 835
2136 836
2161 837
2090 838
2134 839
2116 840
2102 841
2149 842
2023 843
2115 844
2041 845
2125 846
2144 847
2170 848
2127 849
2159 850
2172 851
2154 852
2122 853
2190 854
2134 855
2107 856
2188 857
2129 858
2187 859
2200 860
2178 861
2113 862
2177 863
2203 864
2168 865
2158 866
2159 867
2173 868
2171 869
2213 870
2203 871
2127 872
2227 873
2213 874
2221 875
2222 876
2177 877
2185 878
2246 879
2193 880
2201 881
2299 882
2182 883
2180 884
2206 885
2173 886
2204 887
2220 888
2278 889
2204 890
2266 891
2198 892
2274 893
2260 894
2224 895
2267 896
2232 897
2232 898
2267 899
2282 900
2305 901
2273 902
2245 903
2310 904
2263 905
2244 906
2316 907
2224 908
2243 909
2293 910
2263 911
2269 912
2301 913
2261 914
2288 915
2300 916
2270 917
2243 918
2302 919
2360 920
2298 921
2338 922
2366 923
2311 924
2381 925
2312 926
2316 927
2302 928
2390 929
2388 930
2334 931
2361 932
2301 933
2282 934
2348 935
2299 936
2373 937
2366 938
2379 939
2361 940
2332 941
2423 942
2383 943
2315 944
2370 945
2318 946
2365 947
2380 948
2365 949
2427 950
2362 951
2390 952
2346 953
2371 954
2391 955
2423 956
2407 957
2376 958
2448 959
2384 960
2449 961
2408 962
2370 963
2390 964
2422 965
2399 966
2422 967
2437 968
2395 969
2455 970
2440 971
2446 972
2418 973
2477 974
2491 975
2367 976
2472 977
2413 978
2486 979
2419 980
2424 981
2461 982
2504 983
2501 984
2482 985
2444 986
2512 987
2461 988
2430 989
2472 990
2516 991
2507 992
2539 993
2504 994
2425 995
2463 996
2461 997
2473 998
2562 999
2475 1000
2515 1001
2542 1002
2532 1003
2565 1004
2533 1005
2552 1006
2524 1007
2520 1008
2540 1009
2579 1010
2553 1011
2563 1012
2542 1013
2549 1014
2507 1015
2560 1016
2555 1017
2558 1018
2540 1019
2536 1020
2553 1021
2532 1022
2585 1023
2547 1024
2499 1025
2615 1026
2541 1027
2538 1028
2624 1029
2618 1030
2640 1031
2540 1032
2601 1033
2599 1034
2629 1035
2607 1036
2576 1037
2584 1038
2552 1039
2537 1040
2618 1041
2602 1042
2628 1043
2651 1044
2622 1045
2623 1046
2597 1047
2581 1048
2609 1049
2599 1050
2654 1051
2592 1052
2652 1053
2617 1054
2592 1055
2633 1056
2647 1057
2638 1058
2641 1059
2670 1060
2706 1061
2706 1062
2620 1063
2700 1064
2674 1065
2675 1066
2683 1067
2701 1068
2670 1069
2683 1070
2726 1071
2715 1072
2677 1073
2694 1074
2674 1075
2666 1076
2723 1077
2713 1078
2718 1079
2751 1080
2681 1081
2728 1082
2708 1083
2754 1084
2728 1085
2771 1086
2705 1087
2737 1088
2740 1089
2679 1090
2691 1091
2773 1092
2782 1093
2755 1094
2725 1095
2774 1096
2801 1097
2840 1098
2720 1099
2719 1100
2774 1101
2742 1102
2768 1103
2750 1104
2768 1105
2809 1106
2744 1107
2755 1108
2722 1109
2792 1110
2825 1111
2820 1112
2804 1113
2740 1114
2806 1115
2759 1116
2777 1117
2782 1118
2792 1119
2837 1120
2771 1121
2783 1122
2858 1123
2816 1124
2859 1125
2819 1126
2786 1127
2802 1128
2812 1129
2842 1130
2835 1131
2833 1132
2883 1133
2826 1134
2830 1135
2837 1136
2884 1137
2857 1138
2871 1139
2916 1140
2879 1141
2919 1142
2842 1143
2840 1144
2831 1145
2867 1146
2840 1147
2925 1148
2834 1149
2866 1150
2935 1151
2905 1152
2881 1153
2896 1154
2904 1155
2919 1156
2854 1157
2907 1158
2922 1159
2911 1160
2886 1161
2870 1162
2912 1163
2933 1164
2972 1165
2982 1166
2863 1167
2912 1168
2926 1169
2984 1170
2998 1171
2897 1172
2934 1173
2992 1174
2921 1175
2935 1176
2950 1177
2966 1178
2922 1179
2994 1180
2998 1181
2956 1182
2957 1183
2979 1184
3002 1185
2963 1186
2995 1187
2999 1188
3041 1189
3034 1190
2992 1191
2965 1192
2942 1193
2992 1194
2999 1195
2956 1196
3016 1197
3014 1198
3018 1199
3091 1200
3041 1201
3046 1202
2982 1203
3074 1204
3053 1205
2994 1206
2966 1207
3047 1208
3000 1209
2987 1210
3085 1211
3039 1212
3066 1213
3035 1214
3069 1215
3049 1216
3049 1217
3036 1218
2995 1219
3015 1220
3068 1221
3105 1222
3108 1223
3057 1224
3082 1225
3042 1226
3080 1227
3052 1228
3114 1229
3110 1230
3069 1231
3071 1232
3082 1233
3097 1234
3133 1235
3130 1236
3097 1237
3068 1238
3096 1239
3111 1240
3175 1241
3055 1242
3038 1243
3128 1244
3086 1245
3042 1246
3103 1247
3130 1248
3133 1249
3081 1250
3125 1251
3135 1252
3178 1253
3103 1254
3172 1255
3070 1256
3118 1257
3179 1258
3134 1259
3174 1260
3129 1261
3165 1262
3155 1263
3147 1264
3165 1265
3136 1266
3186 1267
3234 1268
3173 1269
3225 1270
3205 1271
3152 1272
3235 1273
3159 1274
3157 1275
3171 1276
3253 1277
3182 1278
3233 1279
3229 1280
3208 1281
3213 1282
3231 1283
3194 1284
3141 1285
3127 1286
3157 1287
3227 1288
3212 1289
3255 1290
3246 1291
3302 1292
3291 1293
3109 1294
3239 1295
3202 1296
3276 1297
3283 1298
3216 1299
3180 1300
3255 1301
3221 1302
3289 1303
3219 1304
3259 1305
3297 1306
3315 1307
3271 1308
3246 1309
3343 1310
3255 1311
3311 1312
3272 1313
3277 1314
3282 1315
3284 1316
3252 1317
3280 1318
3278 1319
3254 1320
3348 1321
3295 1322
3312 1323
3415 1324
3238 1325
3296 1326
3286 1327
3311 1328
3327 1329
3412 1330
3323 1331
3306 1332
3365 1333
3352 1334
3366 1335
3370 1336
3282 1337
3308 1338
3403 1339
3373 1340
3336 1341
3360 1342
3430 1343
3363 1344
3351 1345
3397 1346
3349 1347
3410 1348
3343 1349
3361 1350
3371 1351
3346 1352
3426 1353
3380 1354
3415 1355
3364 1356
3324 1357
3478 1358
3420 1359
3372 1360
3411 1361
3435 1362
3420 1363
3463 1364
3466 1365
3443 1366
3394 1367
3419 1368
3382 1369
3426 1370
3407 1371
3509 1372
3463 1373
3479 1374
3458 1375
3442 1376
3442 1377
3436 1378
3524 1379
3457 1380
3457 1381
3492 1382
3484 1383
3500 1384
3473 1385
3522 1386
3530 1387
3498 1388
3508 1389
3472 1390
3494 1391
3547 1392
3563 1393
3526 1394
3489 1395
3472 1396
3528 1397
3566 1398
3491 1399
3508 1400
3533 1401
3551 1402
3506 1403
3518 1404
3497 1405
3479 1406
3557 1407
3561 1408
3486 1409
3511 1410
3592 1411
3538 1412
3569 1413
3582 1414
3619 1415
3590 1416
3654 1417
3570 1418
3532 1419
3569 1420
3545 1421
3520 1422
3473 1423
3645 1424
3521 1425
3585 1426
3557 1427
3545 1428
3628 1429
3598 1430
3569 1431
3496 1432
3600 1433
3593 1434
3594 1435
3652 1436
3583 1437
3662 1438
3586 1439
3593 1440
3706 1441
3591 1442
3590 1443
3674 1444
3559 1445
3576 1446
3548 1447
3611 1448
3599 1449
3660 1450
3667 1451
3596 1452
3628 1453
3642 1454
3750 1455
3704 1456
3683 1457
3692 1458
3739 1459
3594 1460
3572 1461
3677 1462
3658 1463
3705 1464
3628 1465
3684 1466
3744 1467
3619 1468
3670 1469
3702 1470
3760 1471
3697 1472
3688 1473
3725 1474
3672 1475
3638 1476
3729 1477
3681 1478
3779 1479
3749 1480
3714 1481
3718 1482
3740 1483
3749 1484
3722 1485
3740 1486
3739 1487
3758 1488
3682 1489
3719 1490
3658 1491
3698 1492
3731 1493
3740 1494
3772 1495
3761 1496
3858 1497
3731 1498
3789 1499
3775 1500
3702 1501
3704 1502
3764 1503
3768 1504
3758 1505
3775 1506
3793 1507
3745 1508
3803 1509
3911 1510
3667 1511
3798 1512
3792 1513
3824 1514
3830 1515
3777 1516
3817 1517
3797 1518
3743 1519
3837 1520
3821 1521
3857 1522
3820 1523
3832 1524
3774 1525
3831 1526
3805 1527
3720 1528
3904 1529
3739 1530
3889 1531
3836 1532
3831 1533
3859 1534
3845 1535
3881 1536
3819 1537
3742 1538
3894 1539
3896 1540
3937 1541
3826 1542
3757 1543
3856 1544
3861 1545
3905 1546
3816 1547
3870 1548
3886 1549
3885 1550
3794 1551
3901 1552
3910 1553
3932 1554
3881 1555
3924 1556
3941 1557
3960 1558
3895 1559
3896 1560
3825 1561
3975 1562
3939 1563
3838 1564
3917 1565
3856 1566
3852 1567
3938 1568
3960 1569
3953 1570
3950 1571
3912 1572
3939 1573
3961 1574
3933 1575
3993 1576
3919 1577
3956 1578
3906 1579
3931 1580
4017 1581
3978 1582
4041 1583
3967 1584
3892 1585
3978 1586
3981 1587
3988 1588
3948 1589
3948 1590
3942 1591
4007 1592
3922 1593
3882 1594
3885 1595
4015 1596
3958 1597
3990 1598
3979 1599
3988 1600
4029 1601
3970 1602
4006 1603
4042 1604
3955 1605
3980 1606
4067 1607
4084 1608
4068 1609
4044 1610
4087 1611
4056 1612
4104 1613
4016 1614
4071 1615
4088 1616
4065 1617
3985 1618
4112 1619
4057 1620
4069 1621
4006 1622
4039 1623
4073 1624
4042 1625
4127 1626
4078 1627
4114 1628
4149 1629
4090 1630
4067 1631
4046 1632
4098 1633
4156 1634
4071 1635
4154 1636
4067 1637
4110 1638
4005 1639
4187 1640
4149 1641
4100 1642
4095 1643
4048 1644
4098 1645
4132 1646
4114 1647
4141 1648
4190 1649
4037 1650
4198 1651
4122 1652
4182 1653
4147 1654
4130 1655
4077 1656
4148 1657
4138 1658
4268 1659
4127 1660
4178 1661
4094 1662
4180 1663
4155 1664
4197 1665
4246 1666
4144 1667
4168 1668
4222 1669
4146 1670
4199 1671
4252 1672
4085 1673
4217 1674
4135 1675
4211 1676
4247 1677
4195 1678
4228 1679
4188 1680
4199 1681
4188 1682
4230 1683
4234 1684
4186 1685
4207 1686
4185 1687
4288 1688
4311 1689
4201 1690
4135 1691
4200 1692
4293 1693
4223 1694
4261 1695
4324 1696
4234 1697
4215 1698
4286 1699
4193 1700
4223 1701
4223 1702
4345 1703
4261 1704
4307 1705
4257 1706
4265 1707
4305 1708
4315 1709
4234 1710
4316 1711
4316 1712
4263 1713
4296 1714
4207 1715
4328 1716
4271 1717
4395 1718
4309 1719
4271 1720
4319 1721
4304 1722
4279 1723
4329 1724
4288 1725
4327 1726
4326 1727
4445 1728
4273 1729
4300 1730
4265 1731
4220 1732
4333 1733
4293 1734
4376 1735
4265 1736
4320 1737
4348 1738
4340 1739
4317 1740
4353 1741
4351 1742
4444 1743
4344 1744
4358 1745
4275 1746
4417 1747
4331 1748
4321 1749
4367 1750
4372 1751
4426 1752
4406 1753
4416 1754
4444 1755
4365 1756
4351 1757
4389 1758
4327 1759
4419 1760
4447 1761
4455 1762
4390 1763
4428 1764
4378 1765
4424 1766
4435 1767
4446 1768
4433 1769
4372 1770
4463 1771
4397 1772
4340 1773
4493 1774
4493 1775
4493 1776
4414 1777
4393 1778
4465 1779
4423 1780
4457 1781
4528 1782
4458 1783
4485 1784
4555 1785
4518 1786
4487 1787
4591 1788
4495 1789
4490 1790
4467 1791
4490 1792
4467 1793
4448 1794
4491 1795
4530 1796
4425 1797
4463 1798
4522 1799
4461 1800
4580 1801
4531 1802
4668 1803
4505 1804
4512 1805
4464 1806
4628 1807
4502 1808
4481 1809
4469 1810
4593 1811
4538 1812
4481 1813
4594 1814
4524 1815
4477 1816
4472 1817
4560 1818
4485 1819
4516 1820
4557 1821
4537 1822
4535 1823
4542 1824
4527 1825
4612 1826
4547 1827
4646 1828
4634 1829
4573 1830
4581 1831
4548 1832
4612 1833
4629 1834
4504 1835
4608 1836
4621 1837
4653 1838
4519 1839
4692 1840
4444 1841
4686 1842
4631 1843
4547 1844
4560 1845
4719 1846
4630 1847
4620 1848
4571 1849
4680 1850
4666 1851
4653 1852
4556 1853
4596 1854
4661 1855
4603 1856
4723 1857
4650 1858
4759 1859
4627 1860
4625 1861
4598 1862
4638 1863
4680 1864
4702 1865
4706 1866
4607 1867
4690 1868
4619 1869
4587 1870
4707 1871
4755 1872
4759 1873
4695 1874
4664 1875
4687 1876
4604 1877
4580 1878
4693 1879
4606 1880
4677 1881
4697 1882
4635 1883
4752 1884
4653 1885
4722 1886
4737 1887
4725 1888
4746 1889
4788 1890
4724 1891
4757 1892
4741 1893
4827 1894
4802 1895
4750 1896
4651 1897
4706 1898
4869 1899
4789 1900
4740 1901
4771 1902
4790 1903
4772 1904
4745 1905
4753 1906
4848 1907
4798 1908
4784 1909
4753 1910
4743 1911
4846 1912
4853 1913
4761 1914
4733 1915
4754 1916
4786 1917
4781 1918
4813 1919
4778 1920
4857 1921
4754 1922
4882 1923
4879 1924
4885 1925
4768 1926
4784 1927
4788 1928
4833 1929
4931 1930
4834 1931
4712 1932
4856 1933
4896 1934
4871 1935
4824 1936
4777 1937
4861 1938
4913 1939
4795 1940
4908 1941
4943 1942
4876 1943
4795 1944
4775 1945
4829 1946
4839 1947
4965 1948
4848 1949
4796 1950
4838 1951
4942 1952
4835 1953
4851 1954
4922 1955
4884 1956
4848 1957
4935 1958
4898 1959
4928 1960
4951 1961
4898 1962
4947 1963
4944 1964
4883 1965
5013 1966
4935 1967
4923 1968
4892 1969
4956 1970
4969 1971
4892 1972
4934 1973
5079 1974
4930 1975
4946 1976
4910 1977
4994 1978
4990 1979
4969 1980
4923 1981
4989 1982
4999 1983
4900 1984
4909 1985
4949 1986
4893 1987
4965 1988
5008 1989
4914 1990
4968 1991
5020 1992
4948 1993
4984 1994
4982 1995
4954 1996
5013 1997
4969 1998
5014 1999
4894 2000
5121 2001
