8001 1999
7994 1998
7987 1997
7980 1996
7973 1995
7966 1994
7959 1993
7954 1992
7947 1991
7940 1990
7933 1989
7926 1988
7919 1987
7912 1986
7905 1985
7898 1984
7891 1983
7884 1982
7877 1981
7870 1980
7863 1979
7856 1978
7849 1977
7842 1976
7835 1975
7828 1974
7821 1973
7814 1972
7807 1971
7800 1970
7793 1969
7786 1968
7779 1967
7772 1966
7765 1965
7758 1964
7751 1963
7744 1962
7737 1961
7730 1960
7723 1959
7716 1958
7709 1957
7702 1956
7695 1955
7690 1954
7685 1953
7678 1952
7671 1951
7664 1950
7659 1949
7652 1948
7645 1947
7638 1946
7633 1945
7626 1944
7619 1943
7612 1942
7605 1941
7598 1940
7593 1939
7586 1938
7579 1937
7572 1936
7565 1935
7558 1934
7551 1933
7544 1932
7537 1931
7530 1930
7523 1929
7516 1928
7511 1927
7506 1926
7499 1925
7494 1924
7489 1923
7484 1922
7477 1921
7470 1920
7465 1919
7458 1918
7451 1917
7444 1916
7437 1915
7430 1914
7423 1913
7416 1912
7409 1911
7402 1910
7395 1909
7388 1908
7381 1907
7374 1906
7367 1905
7360 1904
7353 1903
7348 1902
7343 1901
7336 1900
7329 1899
7322 1898
7315 1897
7308 1896
7301 1895
7296 1894
7289 1893
7282 1892
7277 1891
7270 1890
7263 1889
7256 1888
7249 1887
7242 1886
7237 1885
7230 1884
7223 1883
7218 1882
7211 1881
7206 1880
7199 1879
7192 1878
7187 1877
7180 1876
7173 1875
7168 1874
7161 1873
7156 1872
7149 1871
7142 1870
7135 1869
7128 1868
7125 1867
7118 1866
7111 1865
7104 1864
7099 1863
7092 1862
7085 1861
7078 1860
7071 1859
7064 1858
7057 1857
7050 1856
7043 1855
7036 1854
7029 1853
7026 1852
7019 1851
7012 1850
7007 1849
7002 1848
6997 1847
6990 1846
6983 1845
6976 1844
6969 1843
6964 1842
6959 1841
6954 1840
6949 1839
6942 1838
6935 1837
6930 1836
6923 1835
6916 1834
6909 1833
6904 1832
6899 1831
6892 1830
6885 1829
6878 1828
6871 1827
6866 1826
6859 1825
6852 1824
6845 1823
6840 1822
6833 1821
6828 1820
6821 1819
6814 1818
6809 1817
6802 1816
6797 1815
6792 1814
6787 1813
6780 1812
6773 1811
6768 1810
6763 1809
6758 1808
6753 1807
6746 1806
6739 1805
6734 1804
6729 1803
6722 1802
6715 1801
6708 1800
6703 1799
6696 1798
6689 1797
6684 1796
6677 1795
6670 1794
6665 1793
6660 1792
6655 1791
6648 1790
6643 1789
6640 1788
6633 1787
6626 1786
6621 1785
6616 1784
6609 1783
6602 1782
6595 1781
6588 1780
6581 1779
6576 1778
6573 1777
6566 1776
6561 1775
6554 1774
6549 1773
6544 1772
6537 1771
6532 1770
6527 1769
6520 1768
6513 1767
6506 1766
6501 1765
6496 1764
6489 1763
6482 1762
6479 1761
6472 1760
6467 1759
6462 1758
6455 1757
6448 1756
6445 1755
6440 1754
6435 1753
6428 1752
6421 1751
6414 1750
6407 1749
6400 1748
6393 1747
6386 1746
6379 1745
6372 1744
6367 1743
6362 1742
6355 1741
6352 1740
6345 1739
6342 1738
6337 1737
6330 1736
6323 1735
6316 1734
6313 1733
6308 1732
6305 1731
6298 1730
6291 1729
6284 1728
6279 1727
6272 1726
6269 1725
6264 1724
6261 1723
6256 1722
6251 1721
6244 1720
6241 1719
6234 1718
6231 1717
6224 1716
6219 1715
6214 1714
6207 1713
6202 1712
6195 1711
6192 1710
6185 1709
6178 1708
6173 1707
6166 1706
6159 1705
6152 1704
6147 1703
6140 1702
6137 1701
6130 1700
6123 1699
6120 1698
6115 1697
6112 1696
6107 1695
6100 1694
6093 1693
6086 1692
6079 1691
6074 1690
6071 1689
6064 1688
6057 1687
6050 1686
6047 1685
6042 1684
6037 1683
6030 1682
6025 1681
6018 1680
6015 1679
6012 1678
6005 1677
5998 1676
5993 1675
5986 1674
5981 1673
5976 1672
5973 1671
5966 1670
5959 1669
5956 1668
5951 1667
5944 1666
5939 1665
5936 1664
5931 1663
5926 1662
5921 1661
5914 1660
5909 1659
5904 1658
5899 1657
5894 1656
5889 1655
5882 1654
5879 1653
5874 1652
5871 1651
5864 1650
5857 1649
5854 1648
5847 1647
5840 1646
5835 1645
5830 1644
5823 1643
5818 1642
5813 1641
5808 1640
5803 1639
5798 1638
5793 1637
5788 1636
5785 1635
5778 1634
5775 1633
5770 1632
5767 1631
5760 1630
5753 1629
5748 1628
5741 1627
5736 1626
5731 1625
5726 1624
5721 1623
5714 1622
5711 1621
5704 1620
5699 1619
5692 1618
5689 1617
5686 1616
5679 1615
5672 1614
5667 1613
5664 1612
5657 1611
5652 1610
5649 1609
5648 1608
5645 1607
5642 1606
5635 1605
5630 1604
5625 1603
5618 1602
5613 1601
5608 1600
5601 1599
5598 1598
5591 1597
5584 1596
5579 1595
5576 1594
5569 1593
5566 1592
5561 1591
5556 1590
5553 1589
5546 1588
5543 1587
5542 1586
5535 1585
5530 1584
5527 1583
5524 1582
5519 1581
5514 1580
5509 1579
5504 1578
5497 1577
5494 1576
5489 1575
5482 1574
5477 1573
5470 1572
5463 1571
5460 1570
5453 1569
5446 1568
5443 1567
5440 1566
5435 1565
5434 1564
5433 1563
5426 1562
5425 1561
5424 1560
5419 1559
5414 1558
5409 1557
5406 1556
5403 1555
5400 1554
5397 1553
5390 1552
5383 1551
5378 1550
5375 1549
5372 1548
5369 1547
5364 1546
5357 1545
5350 1544
5349 1543
5346 1542
5339 1541
5336 1540
5333 1539
5328 1538
5323 1537
5320 1536
5315 1535
5314 1534
5309 1533
5302 1532
5301 1531
5296 1530
5293 1529
5286 1528
5281 1527
5276 1526
5273 1525
5270 1524
5263 1523
5258 1522
5253 1521
5248 1520
5245 1519
5240 1518
5235 1517
5228 1516
5223 1515
5216 1514
5215 1513
5208 1512
5201 1511
5196 1510
5191 1509
5188 1508
5183 1507
5178 1506
5173 1505
5170 1504
5163 1503
5156 1502
5153 1501
5146 1500
5141 1499
5136 1498
5131 1497
5128 1496
5125 1495
5118 1494
5111 1493
5108 1492
5103 1491
5096 1490
5093 1489
5088 1488
5085 1487
5080 1486
5077 1485
5070 1484
5065 1483
5060 1482
5055 1481
5050 1480
5043 1479
5040 1478
5037 1477
5030 1476
5025 1475
5020 1474
5015 1473
5010 1472
5005 1471
5000 1470
4993 1469
4990 1468
4987 1467
4980 1466
4976 1465
4970 1464
4965 1463
4958 1462
4953 1461
4950 1460
4945 1459
4944 1458
4941 1457
4938 1456
4931 1455
4926 1454
4921 1453
4914 1452
4907 1451
4906 1450
4901 1449
4896 1448
4889 1447
4886 1446
4885 1445
4878 1444
4877 1443
4870 1442
4865 1441
4858 1440
4851 1439
4844 1438
4839 1437
4834 1436
4833 1435
4826 1434
4821 1433
4818 1432
4811 1431
4808 1430
4795 1429
4794 1428
4795 1427
4790 1426
4787 1425
4782 1424
4777 1423
4774 1422
4769 1421
4762 1420
4755 1419
4750 1418
4747 1417
4740 1416
4735 1415
4728 1414
4721 1413
4718 1412
4713 1411
4708 1410
4701 1409
4696 1408
4691 1407
4686 1406
4683 1405
4676 1404
4673 1403
4666 1402
4659 1401
4656 1400
4653 1399
4650 1398
4643 1397
4638 1396
4635 1395
4630 1394
4627 1393
4622 1392
4617 1391
4612 1390
4607 1389
4606 1388
4601 1387
4598 1386
4593 1385
4585 1384
4585 1383
4582 1382
4577 1381
4570 1380
4565 1379
4564 1378
4559 1377
4556 1376
4551 1375
4544 1374
4539 1373
4534 1372
4531 1371
4524 1370
4523 1369
4516 1368
4513 1367
4510 1366
4507 1365
4504 1364
4501 1363
4496 1362
4491 1361
4484 1360
4479 1359
4476 1358
4473 1357
4468 1356
4465 1355
4458 1354
4451 1353
4446 1352
4441 1351
4436 1350
4431 1349
4428 1348
4425 1347
4420 1346
4413 1345
4408 1344
4401 1343
4398 1342
4395 1341
4390 1340
4385 1339
4378 1338
4375 1337
4370 1336
4363 1335
4360 1334
4355 1333
4354 1332
4349 1331
4344 1330
4339 1329
4336 1328
4331 1327
4328 1326
4323 1325
4322 1324
4317 1323
4312 1322
4307 1321
4304 1320
4301 1319
4296 1318
4289 1317
4284 1316
4279 1315
4274 1314
4271 1313
4264 1312
4259 1311
4252 1310
4249 1309
4244 1308
4237 1307
4234 1306
4229 1305
4224 1304
4221 1303
4216 1302
4213 1301
4206 1300
4205 1299
4198 1298
4195 1297
4194 1296
4187 1295
4182 1294
4177 1293
4170 1292
4167 1291
4162 1290
4161 1289
4158 1288
4153 1287
4148 1286
4145 1285
4142 1284
4139 1283
4134 1282
4133 1281
4126 1280
4123 1279
4116 1278
4109 1277
4102 1276
4097 1275
4090 1274
4089 1273
4084 1272
4079 1271
4076 1270
4071 1269
4066 1268
4065 1267
4058 1266
4053 1265
4050 1264
4043 1263
4040 1262
4035 1261
4030 1260
4025 1259
4022 1258
4021 1257
4018 1256
4015 1255
4012 1254
4007 1253
4004 1252
4003 1251
3998 1250
3995 1249
3989 1248
3983 1247
3978 1246
3975 1245
3972 1244
3971 1243
3966 1242
3963 1241
3960 1240
3953 1239
3948 1238
3947 1237
3940 1236
3937 1235
3936 1234
3931 1233
3928 1232
3925 1231
3920 1230
3917 1229
3916 1228
3911 1227
3906 1226
3903 1225
3902 1224
3899 1223
3896 1222
3889 1221
3886 1220
3881 1219
3878 1218
3873 1217
3872 1216
3871 1215
3864 1214
3857 1213
3850 1212
3847 1211
3842 1210
3839 1209
3836 1208
3831 1207
3828 1206
3827 1205
3820 1204
3817 1203
3810 1202
3805 1201
3800 1200
3795 1199
3792 1198
3789 1197
3784 1196
3779 1195
3776 1194
3771 1193
3770 1192
3769 1191
3764 1190
3761 1189
3756 1188
3749 1187
3744 1186
3743 1185
3736 1184
3735 1183
3732 1182
3725 1181
3722 1180
3715 1179
3708 1178
3705 1177
3702 1176
3697 1175
3695 1174
3693 1173
3690 1172
3689 1171
3684 1170
3683 1169
3676 1168
3671 1167
3668 1166
3663 1165
3658 1164
3651 1163
3646 1162
3645 1161
3638 1160
3635 1159
3632 1158
3625 1157
3622 1156
3619 1155
3612 1154
3607 1153
3602 1152
3597 1151
3592 1150
3587 1149
3584 1148
3579 1147
3574 1146
3567 1145
3560 1144
3559 1143
3556 1142
3555 1141
3550 1140
3543 1139
3536 1138
3533 1137
3528 1136
3525 1135
3522 1134
3519 1133
3516 1132
3509 1131
3506 1130
3501 1129
3496 1128
3491 1127
3484 1126
3479 1125
3478 1124
3471 1123
3466 1122
3463 1121
3462 1120
3455 1119
3452 1118
3445 1117
3444 1116
3441 1115
3440 1114
3435 1113
3434 1112
3429 1111
3428 1110
3423 1109
3422 1108
3415 1107
3410 1106
3403 1105
3400 1104
3397 1103
3394 1102
3393 1101
3390 1100
3385 1099
3382 1098
3377 1097
3372 1096
3371 1095
3364 1094
3363 1093
3362 1092
3359 1091
3354 1090
3351 1089
3348 1088
3341 1087
3336 1086
3335 1085
3330 1084
3325 1083
3318 1082
3313 1081
3310 1080
3309 1079
3302 1078
3299 1077
3296 1076
3295 1075
3294 1074
3289 1073
3284 1072
3281 1071
3276 1070
3273 1069
3270 1068
3267 1067
3266 1066
3263 1065
3258 1064
3255 1063
3252 1062
3251 1061
3244 1060
3243 1059
3240 1058
3233 1057
3228 1056
3227 1055
3224 1054
3223 1053
3216 1052
3209 1051
3208 1050
3203 1049
3200 1048
3197 1047
3190 1046
3189 1045
3188 1044
3183 1043
3178 1042
3177 1041
3174 1040
3169 1039
3166 1038
3165 1037
3162 1036
3161 1035
3158 1034
3157 1033
3152 1032
3151 1031
3148 1030
3143 1029
3140 1028
3137 1027
3134 1026
3131 1025
3126 1024
3121 1023
3120 1022
3117 1021
3112 1020
3107 1019
3102 1018
3101 1017
3096 1016
3095 1015
3088 1014
3085 1013
3084 1012
3079 1011
3074 1010
3073 1009
3068 1008
3063 1007
3060 1006
3055 1005
3052 1004
3049 1003
3048 1002
3045 1001
3042 1000
3037 999
3034 998
3031 997
3026 996
3023 995
3020 994
3015 993
3010 992
3007 991
3006 990
2999 989
2998 988
2991 987
2988 986
2983 985
2976 984
2975 983
2972 982
2969 981
2966 980
2963 979
2962 978
2957 977
2956 976
2955 975
2954 974
2953 973
2950 972
2943 971
2936 970
2933 969
2928 968
2925 967
2922 966
2917 965
2912 964
2907 963
2906 962
2900 961
2899 960
2896 959
2891 958
2886 957
2883 956
2876 955
2871 954
2868 953
2865 952
2862 951
2859 950
2856 949
2855 948
2852 947
2851 946
2846 945
2839 944
2838 943
2835 942
2828 941
2827 940
2822 939
2819 938
2816 937
2809 936
2806 935
2801 934
2798 933
2793 932
2786 931
2783 930
2778 929
2775 928
2772 927
2767 926
2764 925
2759 924
2756 923
2753 922
2748 921
2747 920
2742 919
2741 918
2740 917
2737 916
2732 915
2729 914
2726 913
2723 912
2722 911
2717 910
2714 909
2711 908
2706 907
2703 906
2700 905
2697 904
2696 903
2693 902
2688 901
2687 900
2686 899
2681 898
2680 897
2675 896
2672 895
2667 894
2666 893
2665 892
2664 891
2657 890
2652 889
2651 888
2644 887
2641 886
2638 885
2631 884
2630 883
2627 882
2626 881
2623 880
2620 879
2615 878
2612 877
2611 876
2606 875
2605 874
2600 873
2599 872
2594 871
2591 870
2586 869
2583 868
2576 867
2569 866
2564 865
2563 864
2558 863
2555 862
2552 861
2547 860
2544 859
2539 858
2536 857
2533 856
2532 855
2527 854
2524 853
2519 852
2516 851
2515 850
2508 849
2503 848
2500 847
2493 846
2492 845
2487 844
2482 843
2479 842
2478 841
2475 840
2468 839
2463 838
2460 837
2457 836
2452 835
2447 834
2442 833
2437 832
2432 831
2431 830
2428 829
2425 828
2418 827
2417 826
2410 825
2409 824
2406 823
2405 822
2400 821
2395 820
2394 819
2387 818
2382 817
2377 816
2374 815
2371 814
2368 813
2367 812
2364 811
2363 810
2360 809
2353 808
2350 807
2343 806
2340 805
2339 804
2338 803
2337 802
2334 801
2333 800
2330 799
2329 798
2326 797
2321 796
2310 795
2309 794
2310 793
2307 792
2306 791
2305 790
2302 789
2299 788
2294 787
2293 786
2290 785
2287 784
2282 783
2281 782
2274 781
2271 780
2270 779
2263 778
2258 777
2251 776
2248 775
2247 774
2244 773
2241 772
2237 771
2233 770
2232 769
2231 768
2226 767
2219 766
2216 765
2213 764
2210 763
2207 762
2206 761
2201 760
2198 759
2193 758
2190 757
2189 756
2182 755
2179 754
2178 753
2171 752
2168 751
2165 750
2164 749
2159 748
2156 747
2151 746
2150 745
2143 744
2140 743
2137 742
2134 741
2121 740
2126 739
2125 738
2120 737
2117 736
2114 735
2107 734
2100 733
2099 732
2098 731
2095 730
2092 729
2091 728
2084 727
2083 726
2082 725
2079 724
2076 723
2075 722
2070 721
2069 720
2064 719
2063 718
2056 717
2053 716
2050 715
2047 714
2042 713
2041 712
2036 711
2035 710
2034 709
2027 708
2024 707
2017 706
2016 705
2011 704
2010 703
2005 702
2004 701
1999 700
1998 699
1993 698
1990 697
1989 696
1984 695
1977 694
1976 693
1973 692
1972 691
1967 690
1964 689
1957 688
1954 687
1953 686
1952 685
1947 684
1946 683
1943 682
1938 681
1937 680
1936 679
1933 678
1930 677
1927 676
1924 675
1921 674
1916 673
1915 672
1912 671
1911 670
1908 669
1905 668
1904 667
1901 666
1898 665
1895 664
1892 663
1887 662
1884 661
1877 660
1872 659
1867 658
1862 657
1861 656
1856 655
1853 654
1850 653
1849 652
1842 651
1837 650
1832 649
1831 648
1828 647
1823 646
1816 645
1815 644
1814 643
1809 642
1806 641
1803 640
1802 639
1797 638
1794 637
1793 636
1790 635
1789 634
1782 633
1779 632
1778 631
1775 630
1774 629
1769 628
1768 627
1765 626
1760 625
1757 624
1750 623
1747 622
1740 621
1739 620
1736 619
1733 618
1732 617
1729 616
1726 615
1721 614
1720 613
1719 612
1716 611
1711 610
1706 609
1705 608
1698 607
1697 606
1692 605
1691 604
1688 603
1685 602
1680 601
1677 600
1674 599
1671 598
1666 597
1659 596
1654 595
1653 594
1650 593
1647 592
1646 591
1643 590
1642 589
1639 588
1638 587
1633 586
1630 585
1629 584
1624 583
1621 582
1618 581
1617 580
1616 579
1611 578
1608 577
1607 576
1606 575
1605 574
1600 573
1595 572
1592 571
1587 570
1586 569
1585 568
1578 567
1577 566
1574 565
1573 564
1566 563
1563 562
1558 561
1553 560
1552 559
1549 558
1544 557
1541 556
1538 555
1533 554
1532 553
1527 552
1521 551
1515 550
1512 549
1511 548
1510 547
1509 546
1504 545
1497 544
1492 543
1487 542
1486 541
1483 540
1476 539
1475 538
1468 537
1465 536
1468 535
1467 534
1464 533
1461 532
1456 531
1451 530
1450 529
1447 528
1440 527
1439 526
1432 525
1429 524
1426 523
1419 522
1414 521
1413 520
1410 519
1407 518
1404 517
1403 516
1402 515
1397 514
1396 513
1389 512
1386 511
1385 510
1380 509
1375 508
1374 507
1367 506
1364 505
1363 504
1362 503
1357 502
1356 501
1355 500
1352 499
1347 498
1342 497
1343 496
1340 495
1339 494
1338 493
1333 492
1330 491
1329 490
1326 489
1323 488
1322 487
1321 486
1318 485
1313 484
1312 483
1311 482
1310 481
1307 480
1304 479
1301 478
1296 477
1295 476
1294 475
1291 474
1286 473
1285 472
1284 471
1281 470
1278 469
1275 468
1270 467
1268 466
1262 465
1261 464
1256 463
1253 462
1248 461
1245 460
1238 459
1237 458
1236 457
1233 456
1232 455
1224 454
1224 453
1221 452
1220 451
1219 450
1218 449
1217 448
1212 447
1211 446
1204 445
1203 444
1200 443
1199 442
1196 441
1193 440
1188 439
1185 438
1180 437
1178 436
1178 435
1177 434
1174 433
1171 432
1170 431
1165 430
1162 429
1161 428
1158 427
1155 426
1154 425
1153 424
1148 423
1147 422
1140 421
1137 420
1134 419
1133 418
1130 417
1129 416
1124 415
1117 414
1110 413
1107 412
1104 411
1101 410
1100 409
1097 408
1096 407
1089 406
1086 405
1085 404
1084 403
1079 402
1076 401
1075 400
1074 399
1071 398
1066 397
1063 396
1060 395
1057 394
1053 393
1051 392
1050 391
1049 390
1042 389
1041 388
1036 387
1031 386
1030 385
1027 384
1022 383
1019 382
1018 381
1013 380
1012 379
1009 378
1008 377
1005 376
1002 375
1001 374
998 373
993 372
992 371
987 370
986 369
983 368
980 367
979 366
978 365
971 364
968 363
967 362
966 361
965 360
960 359
959 358
956 357
953 356
950 355
949 354
943 353
939 352
936 351
931 350
928 349
925 348
924 347
923 346
922 345
921 344
918 343
917 342
910 341
909 340
900 339
903 338
898 337
891 336
890 335
887 334
884 333
883 332
882 331
881 330
880 329
873 328
872 327
871 326
866 325
859 324
858 323
856 322
856 321
852 320
849 319
848 318
845 317
842 316
841 315
836 314
835 313
834 312
827 311
822 310
817 309
816 308
813 307
812 306
805 305
804 304
801 303
796 302
789 301
786 300
785 299
782 298
781 297
780 296
779 295
774 294
771 293
766 292
765 291
762 290
759 289
756 288
753 287
748 286
747 285
746 284
743 283
740 282
737 281
736 280
735 279
734 278
733 277
732 276
731 275
728 274
723 273
718 272
719 271
718 270
717 269
716 268
713 267
706 266
705 265
704 264
703 263
702 262
699 261
698 260
697 259
694 258
691 257
688 256
685 255
684 254
679 253
678 252
673 251
670 250
669 249
668 248
664 247
664 246
661 245
652 244
653 243
654 242
651 241
646 240
645 239
640 238
637 237
636 236
633 235
632 234
627 233
624 232
617 231
614 230
613 229
610 228
609 227
608 226
605 225
602 224
601 223
600 222
599 221
592 220
589 219
587 218
581 217
578 216
575 215
572 214
571 213
570 212
563 211
560 210
555 209
550 208
549 207
548 206
547 205
544 204
543 203
538 202
537 201
532 200
531 199
528 198
529 197
526 196
523 195
522 194
517 193
513 192
509 191
506 190
505 189
494 188
495 187
496 186
493 185
490 184
487 183
484 182
479 181
475 180
475 179
472 178
471 177
470 176
467 175
462 174
457 173
456 172
449 171
448 170
447 169
446 168
443 167
440 166
437 165
434 164
429 163
426 162
423 161
421 160
421 159
416 158
415 157
414 156
407 155
406 154
403 153
399 152
399 151
398 150
393 149
390 148
387 147
382 146
381 145
378 144
377 143
372 142
369 141
368 140
361 139
362 138
359 137
358 136
357 135
354 134
348 133
349 132
348 131
346 130
344 129
337 128
338 127
339 126
338 125
337 124
336 123
329 122
328 121
327 120
326 119
325 118
320 117
319 116
314 115
309 114
306 113
305 112
302 111
299 110
296 109
293 108
292 107
291 106
290 105
285 104
284 103
277 102
276 101
277 100
274 99
273 98
268 97
267 96
264 95
263 94
258 93
255 92
254 91
249 90
248 89
243 88
242 87
239 86
234 85
233 84
232 83
231 82
228 81
227 80
226 79
221 78
220 77
215 76
214 75
206 74
202 73
202 72
199 71
200 70
199 69
198 68
191 67
189 66
182 65
184 64
181 63
176 62
169 61
164 60
163 59
158 58
156 57
156 56
155 55
152 54
149 53
144 52
146 51
141 50
137 49
137 48
136 47
133 46
128 45
123 44
119 43
119 42
106 41
107 40
107 39
104 38
98 37
95 36
94 35
96 34
92 33
92 32
90 31
89 30
90 29
87 28
86 27
85 26
78 25
75 24
74 23
73 22
70 21
65 20
67 19
